[SHORT TFBS MATRIX]
MA0004.1	82166	0.853050156529556	0.065431435400081
MA0069.1	82166	0.770983050962166	0.0389830605746207
MA0071.1	82166	0.830067380600993	0.053797344203665
MA0074.1	82166	0.757029091986026	0.0389262165007789
MA0101.1	82166	0.86729808119114	0.0442790308446734
MA0107.1	82166	0.8216592395387	0.0540726986412144
MA0111.1	82166	0.866932408193302	0.0326771722982777
MA0115.1	82166	0.676921450523918	0.0440800823705723
MA0116.1	82166	0.821519257750257	0.0453260585045284
MA0119.1	82166	0.73789980529301	0.0533673156418382
MA0130.1	82166	0.960361241113291	0.0416145851715651
MA0142.1	82166	0.760780578318245	0.0557701769866225
MA0149.1	82166	0.68192541473396	0.0574527915192261
MA0151.1	82166	0.908110228296437	0.0870420233830525
MA0155.1	82166	0.849524412044016	0.044380891350069
MA0159.1	82166	0.795905644204833	0.0351579043725071
MA0163.1	82166	0.790339282240398	0.0559319890439796
MA0145.2	82166	0.829538272891566	0.0422760776281323
MA0468.1	82166	0.811734522791875	0.0617957733812584
MA0515.1	82166	0.869444705511812	0.0513101845278305
MA0258.2	82166	0.798580085841648	0.0414014836978635
MA0595.1	82166	0.853056648577093	0.0489754781961594
MA0596.1	82166	0.837183478351547	0.0508730524898931
MA0599.1	82166	0.908005247647636	0.0674457081126927
MA0604.1	82166	0.833442000064883	0.0523986943123877
MA0608.1	82166	0.824799423824305	0.053524451719638
MA0613.1	82166	0.839838302202219	0.0771280797873107
MA0614.1	82166	0.865932088050209	0.0690624362383329
MA0636.1	82166	0.772137500824962	0.0567463450939972
MA0641.1	82166	0.770504391941099	0.0501356206914641
MA0042.2	82166	0.860044510575445	0.0681406776428502
MA0033.2	82166	0.894344226011521	0.0673339945477328
MA0153.2	82166	0.737347292246255	0.0707109896238187
MA0486.2	82166	0.742861163596608	0.0538718785618135
MA0653.1	82166	0.69226232330856	0.0493956583140541
MA0655.1	82166	0.778788476297553	0.0623155489899542
MA0660.1	82166	0.765877885301152	0.0773347367029843
MA0663.1	82166	0.773234693351618	0.0540219362708171
MA0665.1	82166	0.80837240253616	0.0472057552850697
MA0667.1	82166	0.793258866624954	0.0519880527717569
MA0669.1	82166	0.800496619672903	0.0512070036777423
MA0676.1	82166	0.843057421840327	0.0570710673849837
MA0678.1	82166	0.803534257165417	0.0537450473204681
MA0068.2	82166	0.82801851278257	0.0686767751135627
MA0512.2	82166	0.723518720785689	0.0452089263063954
MA0083.3	82166	0.690329887322983	0.0489417167620174
MA0009.2	82166	0.705593868492579	0.0429689956764548
MA0689.1	82166	0.804557502976421	0.0463462023191842
MA0691.1	82166	0.796932236434554	0.0561717514209129
MA0696.1	82166	0.761861162223656	0.0522198044778367
MA0713.1	82166	0.788015989176534	0.0760763584654485
MA0715.1	82166	0.761886417031063	0.0855109414506776
MA0724.1	82166	0.833196677176649	0.0638489241136879
MA0728.1	82166	0.720361889121927	0.0528311062178199
MA0729.1	82166	0.70193669472207	0.0452212520996206
MA0730.1	82166	0.710990897171673	0.042463290355605
MA0731.1	82166	0.671286983759495	0.0447671897211515
MA0472.2	82166	0.792676283603846	0.0568513630889966
MA0736.1	82166	0.777439254674812	0.0487940660487475
MA0737.1	82166	0.737314333129548	0.0429041922202101
MA0741.1	82166	0.850535621896198	0.0708282966811929
MA0088.2	82166	0.748214942709063	0.0413234617882164
MA0758.1	82166	0.690871166138662	0.0483928816560791
MA0770.1	82166	0.757074375264406	0.0527102714451781
MA0771.1	82166	0.783183495431199	0.0479398428405669
MA0773.1	82166	0.777021174781572	0.0808585854023589
MA0774.1	82166	0.862162685645282	0.055121074505159
MA0776.1	82166	0.743512891350235	0.0445841758739813
MA0777.1	82166	0.711134834127394	0.0420125158964162
MA0105.4	82166	0.718081718427374	0.0593277942247118
MA0780.1	82166	0.746743267315957	0.0803127192332719
MA0783.1	82166	0.728122154791143	0.0524558044746068
MA0787.1	82166	0.783356703353144	0.0728332128663565
MA0788.1	82166	0.77888621611976	0.0734921826930013
MA0789.1	82166	0.8041047239318	0.0758831480967393
MA0792.1	82166	0.827569593967122	0.0709989853191531
MA0794.1	82166	0.75899408259802	0.0439093008037069
MA0795.1	82166	0.75286640597537	0.0502908136469345
MA0796.1	82166	0.701745553333426	0.0552890553173337
MA0797.1	82166	0.735163246976292	0.0508548816394997
MA0511.2	82166	0.830204837139752	0.0483138455885403
MA0801.1	82166	0.859723252925957	0.0532457661265103
MA0803.1	82166	0.837975193108072	0.0574278147190071
MA0805.1	82166	0.837392286978987	0.0583195015153053
MA0806.1	82166	0.866019336730347	0.0507000295880984
MA0807.1	82166	0.874424673134825	0.0479760150144885
MA0808.1	82166	0.875613966774418	0.0541556854414728
MA0813.1	82166	0.80097200850533	0.0631157646756245
MA0815.1	82166	0.792965402260443	0.0664035980609728
MA0816.1	82166	0.831727329979485	0.053214600006448
MA0822.1	82166	0.723101956261712	0.0597547537074177
MA0823.1	82166	0.793740634080709	0.0647071963875228
MA0826.1	82166	0.784755078264955	0.0572676734913817
MA0827.1	82166	0.827872362506812	0.0486933275622202
MA0838.1	82166	0.780644753237768	0.0512015545733237
MA0845.1	82166	0.812597986418235	0.0712657157416934
MA0032.2	82166	0.841510184325867	0.0697495575838806
MA0848.1	82166	0.880098806122404	0.064160451954247
MA0849.1	82166	0.863995998051244	0.0670865980686431
MA0850.1	82166	0.916020125874293	0.0481573255323363
MA0855.1	82166	0.720262276388109	0.0453930900054616
MA0856.1	82166	0.730940358638887	0.0446093051878566
MA0857.1	82166	0.692609483876502	0.0506439747735276
MA0858.1	82166	0.703650586858433	0.0437537666537346
MA0860.1	82166	0.698519936682317	0.0468860656586233
MA0525.2	82166	0.701896419718745	0.0411297898632631
MA0106.3	82166	0.710248284540739	0.0388823584962933
MA0862.1	82166	0.811001156093678	0.0498422819015177
MA0863.1	82166	0.724799675985401	0.0405573183402281
MA0024.3	82166	0.760852915099902	0.0478023890544907
MA0866.1	82166	0.70242233714725	0.0574439200039912
MA0870.1	82166	0.702423560995488	0.0571639929049462
MA0872.1	82166	0.787271820461501	0.0680079422087814
MA1124.1	82166	0.717780898786329	0.0636073569246089
MA1155.1	82166	0.732253861333514	0.0451462981954563
MA1127.1	82166	0.756150740811449	0.0561059489920255
MA1129.1	82166	0.768838759808366	0.0560195353009238
MA1136.1	82166	0.782692622648611	0.0537591145033258
MA1420.1	82166	0.746297494126267	0.0407840391198483
MA1421.1	82166	0.773510984581791	0.0508235502278925
MA1468.1	82166	0.853655285361554	0.04165340234775
MA1485.1	82166	0.762770351621954	0.0475188982234782
MA1489.1	82166	0.775491079035124	0.0813578951367872
MA1493.1	82166	0.798060148017638	0.0466352386281274
MA1509.1	82166	0.79155368412342	0.0478673464330197
MA1538.1	82166	0.733869463182763	0.0443308398514133
MA1539.1	82166	0.719413168278833	0.045292567363498
MA1555.1	82166	0.763413504485375	0.0431363426875455
MA1556.1	82166	0.758127374768353	0.0460276450406741
MA1557.1	82166	0.779112867456252	0.0462630437440151
MA1570.1	82166	0.866050593749157	0.0468328307312772
MA1571.1	82166	0.750881507581132	0.0469982764156286
MA1572.1	82166	0.758323269100817	0.046179306780532
MA1580.1	82166	0.789791409101019	0.0629075867592132
MA1587.1	82166	0.788332510934536	0.0668878146737542
MA1588.1	82166	0.735071349573618	0.045504871889303
MA1594.1	82166	0.683491044061279	0.0329535028303452
MA1596.1	82166	0.776529549385107	0.0915642492506949
MA1597.1	82166	0.702465623740162	0.0435881691771613
MA0158.2	82166	0.871323502723628	0.0589306014831325
MA0912.2	82166	0.829332709383761	0.065942521461176
MA0623.2	82166	0.80096619543148	0.0537176757473659
MA2093.1	82166	0.889319014460629	0.0558803291743165
MA2094.1	82166	0.779831835099474	0.0377089678352558
MA2095.1	82166	0.800137335447706	0.0552638622794172
MA2096.1	82166	0.833910250025209	0.0572779768360162
MA1715.1	82166	0.725459746240466	0.0446129528586064
MA2097.1	82166	0.771961625259469	0.0493506742646827
MA2098.1	82166	0.836723385703441	0.0574686655743987
MA2099.1	82166	0.880620629809559	0.0661327981662728
MA1718.1	82166	0.667683440627721	0.0488769300256517
MA2100.1	82166	0.64371718934882	0.0416603971444324
MA2101.1	82166	0.775443722280702	0.0508028029560702
MA1684.1	82166	0.942928837461579	0.0677915662309193
MA2102.1	82166	0.788380215852682	0.0621596533774772
MA1931.1	82166	0.728618116898696	0.0440526077423743
MA1957.1	82166	0.742409323289139	0.0419820316319651
MA1962.1	82166	0.738408954846178	0.0573230376265192
MA1972.1	82166	0.822211107985635	0.0464603942734864
MA1980.1	82166	0.775463559855699	0.0394306615004684
MA1985.1	82166	0.741053953251837	0.0494752324933484
MA2117.1	82166	0.848558710266936	0.0704440285066024
MA2118.1	82166	0.829412049788394	0.0693297331331671
MA2119.1	82166	0.880630324740517	0.066734058823992
MA2120.1	82166	0.823480686563167	0.0406184234146305
MA2121.1	82166	0.827979213318236	0.0803120564588038
MA2122.1	82166	0.779842709186158	0.0582180372440525
MA2123.1	82166	0.839652841248515	0.0538020668945116
MA2124.1	82166	0.846804758054116	0.10517783717582
MA2125.1	82166	0.858735845291673	0.0628227497828827
MA2126.1	82166	0.824511848946619	0.0707476564635274
MA0079.5	82166	0.86956875342228	0.0919872419353871
MA0509.3	82166	0.697791766724526	0.0477020508171465
MA0516.3	82166	0.882959976240795	0.0814948100266759
MA0607.2	82166	0.777693275096838	0.0525177040840355
MA0685.2	82166	0.884389980400058	0.0837599861685912
MA0740.2	82166	0.889202900842361	0.0786913616949741
MA0742.2	82166	0.867909570771086	0.0873838338534526
MA0798.3	82166	0.699860456020361	0.0466815003883423
MA0818.2	82166	0.794633956443436	0.0535374648897494
MA0821.2	82166	0.808029647835667	0.0586685431267946
MA0831.3	82166	0.760554451898694	0.0571492423625319
MA0878.3	82166	0.810490455832237	0.0640001026263809
MA0884.2	82166	0.769978985265506	0.0652306313600939
MA1511.2	82166	0.877149469631542	0.0832258459783745
MA1532.2	82166	0.749642384399983	0.0407331142185638
MA1547.2	82166	0.849823108084579	0.0651089727950347
MA1563.2	82166	0.909052969635334	0.0534178225873744
MA1573.2	82166	0.733209931369365	0.054089695245909
MA1601.2	82166	0.777914618748831	0.04429554386755
MA1633.2	82166	0.798717802973307	0.0595178642951807
MA2323.1	82166	0.69108521078799	0.0514927390140988
MA2324.1	82166	0.865262193868086	0.0613828818185597
MA2325.1	82166	0.804886128326342	0.054362540665946
MA2326.1	82166	0.916424511034435	0.0752443408699054
MA2327.1	82166	0.828211608327561	0.0721989548976848
MA2328.1	82166	0.808413051340738	0.0948834465720792
MA2329.1	82166	0.813223670439662	0.0595608651368385
MA2330.1	82166	0.796778182156251	0.0677039631285589
MA2331.1	82166	0.674540239616091	0.0372734655399766
MA2332.1	82166	0.82580597933236	0.0559234578324818
MA2333.1	82166	0.826702628292868	0.0849777909712876
MA2334.1	82166	0.7413685446935	0.0446232478027989
MA2335.1	82166	0.64853295642948	0.051183187647871
MA2336.1	82166	0.867471675013408	0.0618226446358878
MA2337.1	82166	0.920078392098721	0.0742210461732831
MA2338.1	82166	0.862344826289979	0.0608863743827728
MA2339.1	82166	0.841680099155602	0.0599458393724812
MA2340.1	82166	0.784037495917255	0.0548374393867297
MA2341.1	82166	0.891472901685786	0.0611142407061143
MA0619.2	82166	0.883872091101815	0.0850464291635379
MA0006.2	82166	0.920688043834512	0.0730472241908221
MA0854.2	82166	0.814978294213617	0.0795867947244754
MA0634.2	82166	0.892939582274146	0.0766739950148644
MA0853.2	82166	0.771198129777013	0.0626036562308069
MA0690.3	82166	0.800918228797857	0.0476536328676919
MA0007.4	82166	0.730206340477772	0.0440316180717088
MA1463.2	82166	0.807086882063538	0.0848209927104642
MA0601.2	82166	0.87104315982982	0.0934781547552741
MA0602.2	82166	0.835137753414856	0.0859418898499665
MA0259.2	82166	0.909605178095954	0.0767156585890021
MA1464.2	82166	0.811958160173871	0.0637759202831231
MA0603.2	82166	0.819619369492613	0.0593775839476625
MA0874.2	82166	0.799949118833981	0.0694160572065751
MA1100.3	82166	0.883277856879219	0.0529702246585407
MA1631.2	82166	0.85014587862846	0.0609912321667996
MA1632.2	82166	0.798964655490637	0.0637472461966352
MA1988.2	82166	0.848200395098297	0.0666785699168645
MA0605.3	82166	0.750459009570693	0.0616984081493148
MA0833.3	82166	0.789796225449977	0.0592638645269204
MA1466.2	82166	0.732706045349468	0.0446338301007021
MA0834.2	82166	0.739882371169388	0.0603796290400753
MA0461.3	82166	0.851712540249593	0.0554053604316739
MA1467.3	82166	0.863878327891129	0.0606169752148606
MA0591.2	82166	0.776898577172963	0.0468699715766186
MA0496.4	82166	0.787695091528357	0.062395463965818
MA1101.3	82166	0.767109509064934	0.0550671499417352
MA1470.2	82166	0.70684176359308	0.0432611311102406
MA0877.4	82166	0.873733866197828	0.0625320293645943
MA0635.2	82166	0.915920101443106	0.0584229198606806
MA0875.2	82166	0.908522460628415	0.0724501587847056
MA1471.2	82166	0.85285009441783	0.0738709321034535
MA1634.2	82166	0.845528804117277	0.0686857907780905
MA0462.3	82166	0.845873727207632	0.0685267278476272
MA0489.3	82166	0.817987684585858	0.0649724116768282
MA0488.2	82166	0.816594417639592	0.0564070727037691
MA0835.3	82166	0.849263399148439	0.0669965855437846
MA1989.2	82166	0.811203723256816	0.0600644080125817
MA0463.3	82166	0.752425543479155	0.0451621563113666
MA1472.3	82166	0.831700591296208	0.058485792321746
MA1635.2	82166	0.864836822912628	0.0818907096574006
MA0817.2	82166	0.783512934417574	0.0581560449845903
MA0464.3	82166	0.817666407737978	0.0635104279212624
MA1928.2	82166	0.840045874891569	0.0707880466634583
MA0876.2	82166	0.920452909195028	0.0696311775336486
MA0465.3	82166	0.82223516740052	0.0718916471243711
MA1473.2	82166	0.831225594340464	0.0710909796099698
MA0102.5	82166	0.792942857824465	0.0599250298262849
MA0466.4	82166	0.747037494587661	0.05116464253769
MA0836.3	82166	0.825710835303505	0.062737285842769
MA0837.3	82166	0.751435675146672	0.0514798221504613
MA1636.2	82166	0.792818275248373	0.0592911595955511
MA0819.3	82166	0.860571346648878	0.0553803447218323
MA0018.5	82166	0.819857353364503	0.0709268890806074
MA0638.2	82166	0.765267723043182	0.0452045257373557
MA0839.2	82166	0.737129109810859	0.0439988975794632
MA1474.2	82166	0.803863636604861	0.0468622390115754
MA1475.2	82166	0.807922984240353	0.0528324792207006
MA0840.2	82166	0.764580208448751	0.0608670223954096
MA0609.3	82166	0.747930097825791	0.0604190088174737
MA0467.3	82166	0.866025517563891	0.08226557944349
MA0139.2	82166	0.79598781524067	0.0489542694052942
MA1929.2	82166	0.682340763931112	0.0406830106007893
MA1930.2	82166	0.676026257067944	0.0391061420771951
MA1102.3	82166	0.851358702524315	0.0717621402903883
MA0754.3	82166	0.779624616492165	0.0622135544127354
MA0650.4	82166	0.836863542171471	0.0681989486588718
MA0901.3	82166	0.816590510884022	0.0766021375230859
MA0755.2	82166	0.780522299227029	0.0682328614811274
MA0639.2	82166	0.796443815518222	0.0622851198613502
MA0019.2	82166	0.845368903620383	0.04597925129663
MA0879.3	82166	0.907809070641196	0.0634663474971195
MA0885.3	82166	0.809659649811401	0.061683266989887
MA0880.2	82166	0.893817205548291	0.0742615462993295
MA0881.2	82166	0.895904846369647	0.0719067287650314
MA1476.3	82166	0.811294706147347	0.0630639551041008
MA0882.2	82166	0.89704760071527	0.0732753430020067
MA0883.2	82166	0.829595355813631	0.0576230333999383
MA1603.2	82166	0.812712268828137	0.0683448727079885
MA0610.2	82166	0.857493564817688	0.0662315288211858
MA1707.2	82166	0.831472798032892	0.0572973013224276
MA1478.2	82166	0.935099898016934	0.0489392183637446
MA1479.2	82166	0.799061449517631	0.0563251356460914
MA1480.2	82166	0.819846857997083	0.0556136662737768
MA1481.2	82166	0.893167157771596	0.0793240051357425
MA0611.3	82166	0.752223955284661	0.068755309869571
MA0864.3	82166	0.765244858280935	0.0484057304727282
MA0469.4	82166	0.699307316360785	0.0433066227095889
MA0756.3	82166	0.806150260724195	0.058669096345055
MA0470.3	82166	0.747510437492717	0.0468659241410376
MA0471.3	82166	0.863803446439101	0.0625259990213514
MA0865.3	82166	0.832111176715538	0.0587012476419214
MA0154.5	82166	0.784626437788851	0.0600799548484269
MA1604.2	82166	0.812464458728324	0.064015750672255
MA1637.2	82166	0.811518653510773	0.0669757750355787
MA0162.5	82166	0.816905457162037	0.0733220519723266
MA0732.2	82166	0.77328652931756	0.0716372536458508
MA0733.2	82166	0.79560382436192	0.0662972431493886
MA0598.4	82166	0.845787751015601	0.0556253489980391
MA0473.4	82166	0.829977537335068	0.0570476295746134
MA1483.3	82166	0.827106255339789	0.0496326666345911
MA0640.3	82166	0.846468376897875	0.0547170214049411
MA0136.4	82166	0.866885715506888	0.0557570605338586
MA0028.3	82166	0.797505864435035	0.0571152922672039
MA0800.2	82166	0.826537689069974	0.0513854768670331
MA1708.2	82166	0.868119412929268	0.0502736821722885
MA1495.2	82166	0.899362266107084	0.0674433348985963
MA1932.2	82166	0.730645731093037	0.0388435112954393
MA0779.2	82166	0.747272228073724	0.0357843761580502
MA0014.4	82166	0.824364026385732	0.0577679816870613
MA0781.2	82166	0.723260988076821	0.0388018547541152
MA0686.2	82166	0.802119653636084	0.0471872485386834
MA1933.2	82166	0.736014186134996	0.0426032304037379
MA0828.3	82166	0.747682723385893	0.0590087761719282
MA0843.2	82166	0.788383209877182	0.0624980614853917
MA0759.3	82166	0.801471822174559	0.0581538959590168
MA0076.3	82166	0.848867821958448	0.0564017403108344
MA0612.3	82166	0.870062113013941	0.0829984419367902
MA0886.2	82166	0.8730479403585	0.0823699607677963
MA0027.3	82166	0.901945303431527	0.0733101638210015
MA0642.3	82166	0.882937024554842	0.0657594607468796
MA0760.2	82166	0.831126367037429	0.0482800735072175
MA1934.2	82166	0.782356826443754	0.0478255314521173
MA0820.2	82166	0.928645236841735	0.0634732247430714
MA1935.2	82166	0.874018753263805	0.0419301347189135
MA1936.2	82166	0.846197210968671	0.0380916877966916
MA0480.3	82166	0.85353763153208	0.0669246725448098
MA1937.2	82166	0.808050217489955	0.041764465853366
MA0058.4	82166	0.850331410864106	0.0691810386658405
MA1938.2	82166	0.754160006847341	0.0404276352505139
MA0048.3	82166	0.83549621766251	0.0587119226423785
MA1939.2	82166	0.735588441242271	0.0368215879183984
MA0474.4	82166	0.823584460461008	0.0525763086410343
MA0112.4	82166	0.720937167315829	0.0476419553983116
MA0592.4	82166	0.802995727244596	0.0580997874195282
MA0141.4	82166	0.782696339247731	0.0566570464938374
MA0643.2	82166	0.832922619531232	0.0530355151444101
MA0644.3	82166	0.869823535935287	0.0733692403550721
MA0098.4	82166	0.845644339783281	0.0494592088110891
MA1484.2	82166	0.841959883981234	0.0505522236537299
MA0761.3	82166	0.836481414953303	0.054326995357563
MA0762.2	82166	0.821438507452009	0.0496622310631382
MA1940.2	82166	0.772880734541395	0.0466584659636767
MA1941.2	82166	0.768793110741578	0.0468483309068479
MA1942.2	82166	0.830417140665666	0.0466982577422644
MA1943.2	82166	0.780507585773223	0.0425131192345144
MA0763.2	82166	0.837938752419907	0.044565182214025
MA0764.4	82166	0.827635211902933	0.05389049280146
MA0765.4	82166	0.797625320151942	0.0562882963139735
MA1944.2	82166	0.784915585831921	0.0427224406633886
MA1945.2	82166	0.776253760901012	0.046534205549595
MA1946.2	82166	0.817704908219002	0.0388329012709672
MA1947.2	82166	0.853507312521678	0.0417884606184012
MA1948.2	82166	0.790919813353771	0.0394692482739187
MA0900.3	82166	0.866043048767678	0.0865573069733184
MA0645.2	82166	0.848280551330189	0.0540253296710299
MA0887.2	82166	0.907559031119995	0.0704310937240693
MA0888.2	82166	0.906545767338654	0.0704382216227999
MA0156.4	82166	0.799643186773865	0.0542830319445098
MA0475.3	82166	0.82828901677569	0.0510128473749275
MA1949.2	82166	0.755034136509984	0.0397189820717144
MA1950.2	82166	0.814927583817798	0.0490692981545594
MA0476.2	82166	0.830325267316126	0.0670203905856103
MA1951.2	82166	0.723561670046541	0.0517739922968581
MA0099.4	82166	0.825637591057389	0.0564940422445463
MA1126.2	82166	0.779814406279581	0.0554309259996011
MA1134.2	82166	0.812114573897193	0.0599618233929124
MA1140.3	82166	0.730593993281644	0.0570347307866753
MA0490.3	82166	0.784091876857787	0.0639143058312775
MA1141.2	82166	0.816504433024548	0.0590379155794264
MA0492.2	82166	0.814961132581995	0.0541180701606518
MA0491.3	82166	0.78496285721666	0.0635385568901377
MA1135.2	82166	0.819263704878202	0.0598840740168876
MA0477.3	82166	0.796457776154777	0.0628076085519123
MA1128.2	82166	0.820752404919951	0.0577304429493166
MA1137.2	82166	0.822878215106286	0.0564391608558814
MA1142.2	82166	0.865352733195374	0.0523396551759443
MA1143.2	82166	0.823610589702571	0.0513973066959662
MA0478.2	82166	0.835118642789585	0.0575977186135072
MA1130.2	82166	0.825317392678038	0.0578205672618105
MA1131.2	82166	0.786992546511699	0.0572379228383378
MA1138.2	82166	0.814679772162719	0.0615462717160634
MA1139.2	82166	0.760590775310495	0.0606758526387264
MA1144.2	82166	0.816593321025097	0.0592030596477182
MA1145.2	82166	0.782633692542163	0.0584831400675344
MA0148.5	82166	0.81979960696088	0.0701777754001736
MA0047.4	82166	0.845366923370962	0.071062540605407
MA1683.2	82166	0.846948923681818	0.07255481051442
MA0846.2	82166	0.841641664491104	0.068150513748075
MA0031.2	82166	0.853960762150943	0.0683505824733218
MA0847.4	82166	0.827752423059819	0.0678028845014942
MA0041.3	82166	0.805011188646947	0.0697847136625375
MA1487.3	82166	0.81520554408052	0.0676834681420779
MA1606.2	82166	0.861526374014447	0.0756219985345879
MA0030.2	82166	0.82468774000119	0.0660192054410231
MA0479.2	82166	0.845479015568024	0.0631058811434485
MA1952.2	82166	0.833255448512807	0.0460329319789066
MA0682.3	82166	0.880460150090902	0.076213494252083
MA0851.2	82166	0.836183451898228	0.0711807151292752
MA0852.3	82166	0.858419550087272	0.0681613795622131
MA1103.3	82166	0.848680925236305	0.0732446031752425
MA1607.2	82166	0.802073976210292	0.0707073690582595
MA1953.2	82166	0.80260064315327	0.0439554494771134
MA1954.2	82166	0.796238753712892	0.0468784946784378
MA1955.2	82166	0.790803334898669	0.0459558366552666
MA1956.2	82166	0.784488571472205	0.0457109099232917
MA0157.4	82166	0.854693509426788	0.0695546251081058
MA0481.4	82166	0.8512756222482	0.0724417553756861
MA0593.2	82166	0.85358502371456	0.0670088300440358
MA0040.2	82166	0.827049414355816	0.0674046312689834
MA0062.4	82166	0.812809802892683	0.0533082871075961
MA0035.5	82166	0.852958404335018	0.0630895318271933
MA0140.3	82166	0.775509073999185	0.0505198648545973
MA0036.4	82166	0.849131224627825	0.0688699493312761
MA0037.5	82166	0.826771946622722	0.0634655288222316
MA0482.3	82166	0.831743385220035	0.058553772081875
MA0766.3	82166	0.87035289780941	0.0599048473211192
MA1104.3	82166	0.827675663203806	0.0646433346253196
MA0889.2	82166	0.861270030634221	0.0773252761636861
MA0890.2	82166	0.879741963886892	0.0828980808465096
MA0646.2	82166	0.806966769649449	0.0435733536564871
MA0143.5	82166	0.862699680671818	0.0626282120580723
MA0767.2	82166	0.84662943961001	0.0468882040937167
MA0038.3	82166	0.805678635210001	0.0516373281545974
MA0483.2	82166	0.848850526207961	0.0514941527487762
MA1990.2	82166	0.797979124484281	0.0509353935327207
MA0734.4	82166	0.820559480436697	0.0548030760070713
MA1491.3	82166	0.723875405521544	0.0450750076054045
MA0735.2	82166	0.697207453338463	0.0465547808148175
MA0615.2	82166	0.877845892269138	0.0592039924568607
MA0647.2	82166	0.76715804099675	0.0548306828875208
MA1105.3	82166	0.821456615892458	0.0562479984800885
MA0648.2	82166	0.890012819101968	0.0770159881714958
MA0891.2	82166	0.902095696976681	0.0669700816573543
MA0892.2	82166	0.919218437721145	0.0610950493419397
MA0893.3	82166	0.913213970584096	0.0562723355621511
MA0092.2	82166	0.888467514131692	0.0397403898455638
MA0522.4	82166	0.881048227228349	0.0620229563069408
MA1638.2	82166	0.886979702558836	0.0687272250064813
MA1099.3	82166	0.851656906874631	0.0684962114801982
MA0616.3	82166	0.810435439355981	0.0672576160479549
MA0894.2	82166	0.879674160775268	0.0864086066693626
MA0649.2	82166	0.821820210514016	0.0581547713142952
MA0739.2	82166	0.878729297082898	0.0459778012737324
MA0738.2	82166	0.954064130500016	0.0437056590367994
MA1106.2	82166	0.851246633108999	0.0646375509130769
MA0131.3	82166	0.839660916525999	0.0644286369047255
MA0043.4	82166	0.801032181829114	0.0682362257283813
MA0895.2	82166	0.874097355278872	0.0611045818556919
MA0896.2	82166	0.809910584636561	0.0621305078437122
MA0897.2	82166	0.758537822862403	0.0585683575917117
MA0898.2	82166	0.813067143514625	0.0636243820176928
MA1991.2	82166	0.807904974950077	0.051735155890223
MA0046.3	82166	0.752483899327839	0.071752215692823
MA1494.2	82166	0.73071080933617	0.0437803540856712
MA0114.5	82166	0.801568691087992	0.055774389851596
MA0484.3	82166	0.805340046443771	0.0547300413061594
MA0899.2	82166	0.852473054315344	0.0710266780412338
MA0911.2	82166	0.834288397659095	0.0551073967078277
MA1496.2	82166	0.91047505648925	0.0514487517532835
MA1497.2	82166	0.890756096547886	0.057638193578412
MA1498.3	82166	0.925561472759308	0.0632030905579862
MA0594.3	82166	0.886453460703141	0.0483300592437249
MA0902.3	82166	0.911785553383774	0.0742514070081056
MA1566.3	82166	0.823304243358766	0.0513669702181304
MA0903.2	82166	0.917923159771631	0.069153841714388
MA1499.2	82166	0.888721295118859	0.0809554801798508
MA0904.3	82166	0.886849123588592	0.0749647981565118
MA1500.2	82166	0.90563464336802	0.0540831760955115
MA1501.2	82166	0.874852415983772	0.0591471458740416
MA1502.2	82166	0.889658199625431	0.0676161247343192
MA1503.2	82166	0.806208342691975	0.0605434961808165
MA0905.2	82166	0.844537851014846	0.0619964437424468
MA0651.3	82166	0.745666783331367	0.0543873874124069
MA0906.2	82166	0.785015987735063	0.0556791852129085
MA0907.2	82166	0.795295415105518	0.060486964615397
MA1504.2	82166	0.906860940141173	0.0728014890426312
MA1505.2	82166	0.912720907172906	0.0618624686847167
MA0485.3	82166	0.793293266000293	0.0620600589131942
MA1506.2	82166	0.783921976591013	0.0556574597403753
MA0908.2	82166	0.829247227526481	0.061611230923491
MA0873.2	82166	0.793969442394537	0.0541137141974934
MA1958.2	82166	0.730173355180088	0.0445453939725792
MA0909.4	82166	0.843138111149381	0.081718864032829
MA1507.2	82166	0.901399191770945	0.0773793505518388
MA0910.3	82166	0.889845016323308	0.0673810588900162
MA0913.3	82166	0.833638886901508	0.0710059419420767
MA1508.2	82166	0.857209573299486	0.0567454647005853
MA1992.2	82166	0.841899237696434	0.0544815854522593
MA0050.4	82166	0.793044049028516	0.0633508666250855
MA0051.2	82166	0.766358080467615	0.0474958791420608
MA1418.2	82166	0.72156457408055	0.0494379332638474
MA1419.2	82166	0.701616697005058	0.0466375283949496
MA0772.2	82166	0.769046708071992	0.0559908490238695
MA0652.2	82166	0.71698008442642	0.0479504627627591
MA1608.2	82166	0.844157907061365	0.0633942301471812
MA0914.2	82166	0.920461441976745	0.0558598687281674
MA0654.2	82166	0.875148213185557	0.0857613941561912
MA0656.2	82166	0.755521176333072	0.0608843722288694
MA1132.2	82166	0.852702798498692	0.0526309802146651
MA1133.2	82166	0.772916431396813	0.0525177051768174
MA0493.3	82166	0.905782466922927	0.0834559545482293
MA1512.2	82166	0.856387206431658	0.0653713141124441
MA0657.2	82166	0.735756384977502	0.0447534748805335
MA1513.2	82166	0.85591774696802	0.106850759787347
MA1514.2	82166	0.776745291288831	0.0554811798440669
MA1515.2	82166	0.900190058760886	0.0745660195420713
MA1516.2	82166	0.832933388135979	0.0716579695891714
MA0039.5	82166	0.880500530462612	0.0785094099697567
MA1517.2	82166	0.87584878319678	0.0641280516272263
MA1959.2	82166	0.893447220458037	0.0862369668698987
MA1107.3	82166	0.805521030482081	0.0648507965783503
MA0618.2	82166	0.871746038941035	0.0639539314723451
MA0699.2	82166	0.895901683388271	0.0702526522845864
MA0768.3	82166	0.825059887086145	0.0590142126017727
MA1518.3	82166	0.767650131611347	0.0602635062584133
MA0700.3	82166	0.862100692030646	0.0831180804754152
MA0135.2	82166	0.800017654720789	0.0769725519172697
MA0704.2	82166	0.892754717368969	0.069385522708943
MA1519.2	82166	0.853335350359332	0.0788188005225814
MA0658.2	82166	0.831580084609575	0.0672389080552652
MA0705.2	82166	0.898138486337201	0.0729224672962381
MA0701.3	82166	0.852153320527201	0.0732343334694082
MA0702.3	82166	0.823974907697493	0.0898076733000593
MA0703.3	82166	0.787323861056649	0.0943229756319933
MA1520.2	82166	0.758388776930124	0.0417165646029201
MA0501.2	82166	0.778861239852093	0.0485639819763929
MA0841.2	82166	0.763265068110472	0.0595053495011407
MA1521.2	82166	0.762043814422622	0.0435419080224168
MA0117.3	82166	0.821808884628648	0.0485655175796407
MA0495.4	82166	0.777739569000433	0.0541253361831262
MA0659.4	82166	0.753860113016562	0.0518509662826394
MA0089.3	82166	0.765003105413248	0.0500355025475094
MA0059.2	82166	0.797006241183745	0.0511099495611777
MA0147.4	82166	0.820433944607908	0.0632984882918011
MA1522.2	82166	0.874492336428249	0.0855913686495748
MA0029.2	82166	0.779581154690722	0.0587766224434181
MA0052.5	82166	0.806311607254198	0.081739786329572
MA0497.2	82166	0.833357084609418	0.0696591584543363
MA0498.3	82166	0.953742696100383	0.0551005231309146
MA1639.2	82166	0.806517277180899	0.0649492603054557
MA1640.2	82166	0.801918983084037	0.0725317269121684
MA0775.2	82166	0.90397067802308	0.0539551718722932
MA0661.2	82166	0.869185366041747	0.0664698865788775
MA0706.2	82166	0.875163475124717	0.0625983490402835
MA1960.2	82166	0.792220763855107	0.0511511402640385
MA0620.4	82166	0.77747636418166	0.0561862933816549
MA0621.2	82166	0.808707407526747	0.102837747049032
MA0662.2	82166	0.89809996791215	0.0724994702148823
MA0622.2	82166	0.814049201210557	0.0880436067276696
MA0664.2	82166	0.832516142120602	0.0592008370901663
MA0825.2	82166	0.857046660345791	0.0633304889460335
MA0707.3	82166	0.913129242014676	0.073006202884888
MA1523.2	82166	0.892458556964254	0.0525624715157368
MA1524.3	82166	0.8069816237074	0.0510493345810305
MA0666.3	82166	0.884364785350867	0.0774449312566454
MA0708.3	82166	0.889158774223116	0.073093711044092
MA0709.2	82166	0.874859029867533	0.0835208315866237
MA1108.3	82166	0.881996002006819	0.0674429675844418
MA0100.4	82166	0.874438023935355	0.0635332867941851
MA0104.5	82166	0.803021679329869	0.0616712909851496
MA1641.2	82166	0.826606298574514	0.0613248234335657
MA0499.3	82166	0.83804046114823	0.0549431102414575
MA0500.3	82166	0.843891688132267	0.0691797434303944
MA0056.3	82166	0.841367443949162	0.0539229057020968
MA1109.2	82166	0.853947591391059	0.0548343841645818
MA1993.2	82166	0.86662674122199	0.0808317519472979
MA0668.3	82166	0.852133743390009	0.0543609869876193
MA1642.2	82166	0.867678941695166	0.0588790632284469
MA0606.3	82166	0.85445442269242	0.0616533817313448
MA0624.3	82166	0.902992573728924	0.0731717993244793
MA0152.3	82166	0.844314919157586	0.0650357421004168
MA0625.3	82166	0.948363334181212	0.0461894501186487
MA1525.3	82166	0.87060384121971	0.0572468317434162
MA0150.3	82166	0.777314416771892	0.0497098948085949
MA0670.2	82166	0.861213884088309	0.0743600662575123
MA1643.2	82166	0.714758602115234	0.0511843366918496
MA0161.3	82166	0.856967798993844	0.0617911854838856
MA1527.2	82166	0.744331754038113	0.0541262114379576
MA0025.3	82166	0.804588689070246	0.0724923822154308
MA0671.2	82166	0.94300032417439	0.0425228995217119
MA1528.2	82166	0.761499734761409	0.054895147341551
MA0778.2	82166	0.76441832925608	0.0642368562144566
MA0060.4	82166	0.835776550740536	0.0625519419917502
MA0502.3	82166	0.824197835396462	0.0588569349820078
MA1644.2	82166	0.851471554340958	0.0651069550014909
MA1529.2	82166	0.73778322981798	0.0520773127381886
MA1994.2	82166	0.846951507831557	0.0708475342823642
MA1645.2	82166	0.837853533547328	0.0515340620665969
MA0672.2	82166	0.87890523893848	0.049609372666156
MA2003.2	82166	0.896087973013726	0.0433077703194474
MA0063.3	82166	0.858418469194898	0.0582330966430725
MA0673.2	82166	0.906778445791849	0.0411633330031439
MA0124.3	82166	0.872256395469956	0.0548643939733613
MA0122.4	82166	0.803865376160091	0.0595306217738478
MA0674.2	82166	0.882310727591869	0.0694892819852676
MA0675.2	82166	0.914373695921017	0.0715093701707013
MA1530.2	82166	0.877232908447716	0.0613602684258025
MA0125.2	82166	0.896839427276319	0.0724632730535525
MA0710.2	82166	0.888181756121795	0.0697326330051413
MA0626.2	82166	0.845513382476574	0.0568436841047235
MA1995.2	82166	0.827716752926085	0.0563483899871527
MA1531.2	82166	0.775608489953513	0.0424511670457471
MA1996.2	82166	0.890429901869956	0.0705613727833136
MA0494.2	82166	0.810427118207434	0.0390800335410136
MA1110.3	82166	0.898949662961678	0.0667420259740095
MA1146.2	82166	0.767757581587806	0.0392626016092429
MA1533.2	82166	0.791900712388726	0.0362597540812022
MA1534.2	82166	0.867257509003429	0.0543230306617374
MA1535.2	82166	0.933091629212707	0.0616464358361645
MA0504.2	82166	0.820752769900705	0.0398062818610687
MA1536.2	82166	0.959937486728353	0.0366830775363438
MA0164.2	82166	0.841574964305654	0.0748717714029892
MA0017.3	82166	0.825599665731159	0.0561147474581587
MA1537.2	82166	0.756516420055546	0.0426571261080487
MA1111.2	82166	0.863976349175295	0.0625629554051218
MA0677.2	82166	0.747117650738613	0.044121825863195
MA0113.4	82166	0.731742757984926	0.0480282503852556
MA0727.2	82166	0.732626413021717	0.048068382479358
MA1112.3	82166	0.842030096625179	0.0591191266415281
MA0160.3	82166	0.864969791634622	0.0517296404958442
MA1147.2	82166	0.781659920841533	0.0391488442466319
MA1540.3	82166	0.759002102053539	0.0532856573083669
MA0505.3	82166	0.80865128814487	0.0566490628814331
MA1541.2	82166	0.766778116121237	0.0439734131773532
MA0506.3	82166	0.763073425987619	0.0769050195762426
MA0842.3	82166	0.796266762574648	0.0488022458736335
MA1997.2	82166	0.869893772853453	0.0791359480129957
MA0679.3	82166	0.784218439997244	0.0797215980331676
MA0757.2	82166	0.750606358618805	0.0770715525027613
MA1542.2	82166	0.845438697828491	0.048991700970796
MA1646.2	82166	0.849113976168218	0.0553916476378278
MA0711.2	82166	0.896965729878131	0.0690305761908736
MA0712.3	82166	0.871240102629954	0.0746725734793999
MA1544.2	82166	0.766390548378497	0.0525171891298277
MA1545.2	82166	0.813136229976733	0.0535029499289582
MA1961.2	82166	0.86579373610642	0.08753825935769
MA0067.3	82166	0.768341845569398	0.0368157989015348
MA1546.2	82166	0.757920054212457	0.0378973356392413
MA0680.3	82166	0.752876054805535	0.0845379464687554
MA0070.2	82166	0.815726193210972	0.0551758870984545
MA1113.3	82166	0.797171655086434	0.0748711797494742
MA1114.2	82166	0.773437557052061	0.052360143056903
MA0132.3	82166	0.894579126730224	0.0834549408872944
MA0681.3	82166	0.740755801792731	0.0888977822837782
MA0714.2	82166	0.898248344574419	0.0677836842552979
MA0782.3	82166	0.78933726807192	0.056504223812061
MA1615.2	82166	0.844460897966706	0.0678813243590834
MA1548.2	82166	0.844027369670788	0.0805684464941911
MA0784.3	82166	0.730042445318305	0.0685135492748398
MA0785.2	82166	0.82080913165164	0.0705533990639371
MA0507.3	82166	0.742459472932925	0.0709288455137697
MA0627.3	82166	0.801355052487847	0.073340748765811
MA0786.2	82166	0.814230794968261	0.0752130128446327
MA0790.2	82166	0.767903309291382	0.0824208590787504
MA0683.2	82166	0.706452547181454	0.0686299841980959
MA0791.2	82166	0.762199434253273	0.0830353722802731
MA1115.2	82166	0.862455605180935	0.0734218141788697
MA0628.2	82166	0.835924650925501	0.0937572728781147
MA1549.2	82166	0.864444493898511	0.0624772013824615
MA0793.2	82166	0.815586058482732	0.0660403289929141
MA1148.2	82166	0.763949110704626	0.0363261375234328
MA1550.2	82166	0.7587580544032	0.0417047174695654
MA0066.2	82166	0.747339459226184	0.0341630158912868
MA0065.3	82166	0.828555921195263	0.0402907061062834
MA0508.4	82166	0.877428290120261	0.0626619421392688
MA1998.2	82166	0.826306881985588	0.0548961822949339
MA1616.2	82166	0.787713737796331	0.0473721930608652
MA1647.3	82166	0.798111581601607	0.0509209731346235
MA1999.2	82166	0.787763511172875	0.0464723876019945
MA1723.2	82166	0.815586473101635	0.0493821905051361
MA0716.2	82166	0.893361695698424	0.0812226437320419
MA0075.4	82166	0.836123615857636	0.0844192551457882
MA1618.2	82166	0.831053999853295	0.0553524572622918
MA1619.2	82166	0.837674360190825	0.0614963521769624
MA1620.2	82166	0.854245293931988	0.0607799009185701
MA1149.2	82166	0.791053460499419	0.0396841626816465
MA1552.2	82166	0.763802764448594	0.0417066064651725
MA0859.2	82166	0.717041658278287	0.0519895308341296
MA1553.2	82166	0.751991192471721	0.0430747529570913
MA0718.2	82166	0.89714435941787	0.0803397633421538
MA0717.2	82166	0.897346277856196	0.0760980993065463
MA1116.2	82166	0.908201007260502	0.0709925992680799
MA1117.2	82166	0.859321222601894	0.0590346596239531
MA0138.3	82166	0.691162669151411	0.0424127570157878
MA0600.3	82166	0.72697569032363	0.049905135246701
MA0799.3	82166	0.716221594407094	0.0506676176290762
MA0510.3	82166	0.715469837494467	0.0495224785385806
MA1724.2	82166	0.809335197986315	0.0515982068365892
MA1554.2	82166	0.89007561403214	0.0384709099384786
MA0629.2	82166	0.850606825362445	0.0482421235226384
MA0719.2	82166	0.962959888373774	0.0361933720183797
MA0072.2	82166	0.787736750082055	0.0542370534831133
MA1150.2	82166	0.839275079606193	0.0473401102046618
MA1151.2	82166	0.85180999524356	0.0437553596687242
MA0073.2	82166	0.792282874112567	0.049128252848533
MA0002.3	82166	0.868004004111161	0.0456762101538637
MA0684.3	82166	0.849058592448174	0.0574742224522452
MA1963.2	82166	0.821971536464129	0.0840467389329895
MA0743.3	82166	0.797547420119544	0.0500357079084119
MA0744.3	82166	0.795842637722225	0.049695877540515
MA0630.2	82166	0.898698914673575	0.0818079158074414
MA0720.2	82166	0.888718675173608	0.0831893269087058
MA1118.2	82166	0.816741224268602	0.0541343655402909
MA1119.2	82166	0.775089142754367	0.0527244169247016
MA0631.2	82166	0.770779051296769	0.0512993171379375
MA2001.2	82166	0.855742903084205	0.0607752121102088
MA1964.2	82166	0.895938124534397	0.0654006881315445
MA1153.2	82166	0.869945841015385	0.0621948717256157
MA1558.2	82166	0.898377199646702	0.0597617055296201
MA0745.3	82166	0.850200174134281	0.0625106817415362
MA1559.2	82166	0.849442907534394	0.0566757911718862
MA1560.2	82166	0.807104333806245	0.0610012290779445
MA0442.3	82166	0.890687073677035	0.0725904370128424
MA0869.3	82166	0.85012525029997	0.0554787628875954
MA1561.2	82166	0.774052384156048	0.0501537743246254
MA1120.2	82166	0.857942657019887	0.0657307577753932
MA1562.2	82166	0.797312272918816	0.0547770934224487
MA1152.2	82166	0.92037746239284	0.0601118196067062
MA0078.3	82166	0.797935734518656	0.0568251888117579
MA0514.3	82166	0.860782245518298	0.0629025903479247
MA0867.3	82166	0.886379009680928	0.0600590540311614
MA0087.3	82166	0.841345150310958	0.0557766645307419
MA0868.3	82166	0.885799475561467	0.0676313124608997
MA0077.2	82166	0.859824091861715	0.0545224482089214
MA0746.3	82166	0.838466992290294	0.071098027921015
MA1965.2	82166	0.936766227486637	0.0849664099989793
MA0747.2	82166	0.866458328154018	0.0561988936077285
MA1564.2	82166	0.861862914494653	0.0728197197139411
MA0080.7	82166	0.777699790128688	0.0500762732708748
MA0081.3	82166	0.788959768699518	0.0483961471613369
MA0687.2	82166	0.811748990128449	0.0442316067857039
MA0829.3	82166	0.789676444009574	0.0591795857578338
MA0084.2	82166	0.915291183076986	0.0618306492688277
MA0137.4	82166	0.848855106277475	0.0557423167228073
MA0517.2	82166	0.806854966277046	0.0541019156409975
MA1623.2	82166	0.817591398771468	0.0713175646871333
MA0144.3	82166	0.871417735900153	0.0503609054789989
MA0518.2	82166	0.856037332546104	0.0525649466383144
MA1624.2	82166	0.818244346360943	0.0592462915540919
MA0519.2	82166	0.867385465499187	0.0512903268201052
MA1625.2	82166	0.814000782145715	0.0608888933094398
MA0520.2	82166	0.840337281772178	0.0579584545012189
MA0091.2	82166	0.82901782462428	0.0499531920259652
MA0108.3	82166	0.88878668022189	0.0838903876262613
MA0802.2	82166	0.823595533538967	0.0510360487963622
MA1565.2	82166	0.838484193632571	0.0514662190287508
MA0804.2	82166	0.707645027318782	0.0427490372085346
MA0688.2	82166	0.848231138013456	0.0480187025643635
MA1567.3	82166	0.828988139855644	0.0509851158652696
MA0521.3	82166	0.874967413428528	0.0758556577122481
MA1648.2	82166	0.881838243767805	0.0628475527205851
MA0832.2	82166	0.759207925945125	0.0537927447381432
MA1568.2	82166	0.828230181723193	0.04207550638185
MA0830.3	82166	0.864204079561825	0.0619021335871675
MA0769.3	82166	0.86223991800424	0.0665752032671678
MA0523.2	82166	0.851105187636935	0.0552077134514412
MA0632.3	82166	0.842282584056085	0.0697131305562364
MA0090.4	82166	0.811885346471177	0.0571540950777005
MA1121.2	82166	0.857617084390865	0.0597692910976817
MA0809.3	82166	0.83799126460559	0.0576533684400237
MA0810.2	82166	0.87415653870617	0.0609500505970306
MA0003.5	82166	0.83451843618144	0.0693390010357256
MA0811.2	82166	0.858648506535183	0.059037230261331
MA0812.2	82166	0.854063011044528	0.0688367243057075
MA0524.3	82166	0.855782700704591	0.0589627230764471
MA0814.3	82166	0.839052303963137	0.0689200754975102
MA1569.2	82166	0.874827953993578	0.0763619577602413
MA1966.2	82166	0.79115862634995	0.047539293026772
MA1967.2	82166	0.726875364575316	0.047186702938622
MA1968.2	82166	0.812690591134458	0.0483744712148247
MA1122.2	82166	0.8438763197293	0.069633764867851
MA0692.2	82166	0.848167044412065	0.0539893382666864
MA0871.3	82166	0.805424394678558	0.0604736021750908
MA0597.3	82166	0.865262573370709	0.0592594235283067
MA1969.2	82166	0.740098246596661	0.0443003153150628
MA1574.2	82166	0.80365668353254	0.0378305147177209
MA1575.2	82166	0.742964733976241	0.0447121259835619
MA1576.2	82166	0.742071052604815	0.0386575614741528
MA1577.2	82166	0.878687804679357	0.100151169418297
MA0861.2	82166	0.74304699495376	0.0429982105075312
MA1970.2	82166	0.820797077578777	0.0663024383057143
MA1123.3	82166	0.842165600526594	0.0552561397153608
MA0633.3	82166	0.867163998208031	0.0805186202769488
MA0721.2	82166	0.893418689762472	0.0783581851579835
MA0093.4	82166	0.784222939153596	0.0545921644498685
MA0526.5	82166	0.760154975159154	0.0583014822839596
MA0722.2	82166	0.88044607631588	0.0674903724002549
MA0723.3	82166	0.925478638631961	0.0582603967711748
MA0693.4	82166	0.863132600095029	0.0641291600612058
MA1578.2	82166	0.89713192511573	0.0795972229705869
MA0725.2	82166	0.853640354468749	0.0791822932099256
MA0726.2	82166	0.844044325347025	0.0802289662466165
MA1627.2	82166	0.835097372738354	0.0665004215767216
MA0844.2	82166	0.77428804750211	0.047028904886457
MA0095.4	82166	0.842141844988864	0.0641591958053613
MA0748.3	82166	0.847801514578149	0.0610483175707328
MA0749.2	82166	0.708162724356154	0.0439028015882155
MA1971.2	82166	0.839369237827119	0.0549699062980421
MA1649.2	82166	0.868508929994559	0.0582202153698283
MA1650.2	82166	0.823573482006844	0.0750278058839578
MA0698.2	82166	0.801393103669791	0.0513861898473723
MA1579.2	82166	0.860587152420832	0.0589092563560042
MA0527.2	82166	0.772631992056221	0.0601182103797828
MA1581.2	82166	0.839610779504679	0.059862639688257
MA0750.3	82166	0.830460078642651	0.05987825238544
MA0694.2	82166	0.811248639991314	0.055998841964578
MA0695.2	82166	0.869055732894009	0.0533509448955692
MA0103.4	82166	0.91009700118843	0.0703428473512418
MA2002.2	82166	0.899684523953047	0.0532149794687624
MA1651.2	82166	0.750367279868403	0.0498666066323752
MA1583.2	82166	0.839465357604646	0.0630499139482794
MA0146.3	82166	0.86959065174424	0.0702125122276314
MA1628.2	82166	0.883420277076816	0.0629115401163695
MA1629.2	82166	0.832494794971037	0.0588739424905098
MA0697.3	82166	0.874255328960475	0.0681096203278638
MA0751.2	82166	0.796771038557678	0.049638961906837
MA1584.2	82166	0.761651131128002	0.0532619982809045
MA1709.2	82166	0.798375813875431	0.0585852678294381
MA1585.2	82166	0.800179306200392	0.0536704654469815
MA1973.2	82166	0.739007149994019	0.0484908557077259
MA1652.2	82166	0.843890974383728	0.0585225185142007
MA1589.2	82166	0.701483363613766	0.0403410971227716
MA1653.2	82166	0.837471010592954	0.0886795819089511
MA1654.2	82166	0.707507158060146	0.0374139750054015
MA1725.2	82166	0.820168554886546	0.0547186178388715
MA1974.2	82166	0.763411475600397	0.0672770067077321
MA1975.2	82166	0.783977860994756	0.0423104619997735
MA1710.2	82166	0.885414001762989	0.0540169069070118
MA0528.3	82166	0.890406699104155	0.0719271228353399
MA1592.2	82166	0.790851327177898	0.0430162274853589
MA1630.3	82166	0.847021253016062	0.0839059175979603
MA1154.2	82166	0.74910616128392	0.0410476862002652
MA1593.2	82166	0.836859164815395	0.05742446269442
MA1976.2	82166	0.75120245017621	0.051921947660121
MA1977.2	82166	0.785812747069729	0.0403611019963547
MA1726.2	82166	0.807552428752043	0.0576536902640596
MA1655.2	82166	0.840767132918042	0.0550632050719974
MA1711.2	82166	0.737772464295931	0.0481244716844146
MA1978.2	82166	0.750791418922925	0.0619682535624061
MA1125.2	82166	0.857994950673463	0.114206172791632
MA0752.2	82166	0.691365768490973	0.0483938232177838
MA1979.2	82166	0.819653183111667	0.0528313936155857
MA1727.2	82166	0.836629904295757	0.0727290100358385
MA1656.2	82166	0.809732467575654	0.054521098037511
MA1712.2	82166	0.782572288199855	0.0615991533450959
MA1981.2	82166	0.801816679949454	0.0584046088487441
MA1728.2	82166	0.853725343299573	0.0612218566917867
MA1982.2	82166	0.783807073258602	0.0490720818027871
MA1983.2	82166	0.676628948299559	0.0394833533585034
MA1713.2	82166	0.793648202247622	0.0835203599461829
MA1657.2	82166	0.795922819183815	0.0631212636986894
MA1984.2	82166	0.806401480394676	0.0437186661243812
MA1714.2	82166	0.746772411169556	0.0365129069336396
MA1729.2	82166	0.79196564863272	0.0502946067948315
MA1599.2	82166	0.781984084401392	0.0637942926272144
MA1600.2	82166	0.742479932826734	0.0416519630735533
MA1986.2	82166	0.857667862372401	0.0743767970668011
MA1987.2	82166	0.789349716914293	0.0436100089676382
MA1730.2	82166	0.826014787527813	0.0529762164667654
MA0753.3	82166	0.810297441113381	0.0734938313303048
MA1716.2	82166	0.750647125772124	0.0416828563195847
MA1731.2	82166	0.862195457634194	0.0533300217241479
MA1717.2	82166	0.823684978899841	0.0524880403788851
MA1719.2	82166	0.747046835741331	0.0512783839217933
MA1720.2	82166	0.777051911761376	0.0514298126459294
MA1721.2	82166	0.768946116304133	0.0737163616158199
MA1602.2	82166	0.784588946840125	0.0450504087563364
MA1722.2	82166	0.707858860230458	0.036442032388349
