[SHORT TFBS MATRIX]
MA0004.1	33308	0.858737028576928	0.0668370169621792
MA0069.1	33308	0.771252850555777	0.0386159043189909
MA0071.1	33308	0.831576935030753	0.0542245560819942
MA0074.1	33308	0.758300483653799	0.0401005336691482
MA0101.1	33308	0.867356611298091	0.0441638519871666
MA0107.1	33308	0.82249667828637	0.0524243677680297
MA0111.1	33308	0.866164639738115	0.0313702119106292
MA0115.1	33308	0.681059561384328	0.0457593989761787
MA0116.1	33308	0.822933418585056	0.0433738906835077
MA0119.1	33308	0.736307444274877	0.0499285000222118
MA0130.1	33308	0.963395263996245	0.0376628475062575
MA0142.1	33308	0.758744626092575	0.0519427141205771
MA0149.1	33308	0.688959040251913	0.0570390225046993
MA0151.1	33308	0.906219144758811	0.0797885864578336
MA0155.1	33308	0.85090219924416	0.0411271129222629
MA0159.1	33308	0.798034009525614	0.0344249024794031
MA0163.1	33308	0.791767349662546	0.0499192172234594
MA0145.2	33308	0.834250901810104	0.0403184433184322
MA0468.1	33308	0.807002249322839	0.0550855893353084
MA0515.1	33308	0.870808314521491	0.0503692718945315
MA0258.2	33308	0.802279424016651	0.0410043079852344
MA0595.1	33308	0.850132938087812	0.0456594010100213
MA0596.1	33308	0.833469048522087	0.0468422247636845
MA0599.1	33308	0.923708955418011	0.0624761480367844
MA0604.1	33308	0.838445801124935	0.0556719976033076
MA0608.1	33308	0.83005403139198	0.0542639019417161
MA0613.1	33308	0.838353083840504	0.0713538598528816
MA0614.1	33308	0.864809626818965	0.0639038732673185
MA0636.1	33308	0.772158532754414	0.0574577578939305
MA0641.1	33308	0.779684198276056	0.0539606850869912
MA0042.2	33308	0.859515846554126	0.0637963804006929
MA0033.2	33308	0.893214284187152	0.0620972181528395
MA0153.2	33308	0.732363319796739	0.0636945027259301
MA0486.2	33308	0.74650958629507	0.0538058184569846
MA0653.1	33308	0.694709415907553	0.047939407013013
MA0655.1	33308	0.776989982956974	0.0604054163721847
MA0660.1	33308	0.754279127481587	0.0627656802467565
MA0663.1	33308	0.77137494527401	0.0555051233515075
MA0665.1	33308	0.811800322588393	0.0472322115448181
MA0667.1	33308	0.796424400164333	0.0517389761033283
MA0669.1	33308	0.798980032657351	0.0487703093217667
MA0676.1	33308	0.843903436474679	0.0531841730029576
MA0678.1	33308	0.800641040229793	0.0505269894630997
MA0068.2	33308	0.822061090230088	0.0640342883040958
MA0512.2	33308	0.727712641300127	0.0471003585672115
MA0083.3	33308	0.68971746444202	0.0485583522544647
MA0009.2	33308	0.704646543235466	0.0425014605003949
MA0689.1	33308	0.804493559516897	0.0451247990268712
MA0691.1	33308	0.797780064471364	0.0562872188333369
MA0696.1	33308	0.766846967973124	0.0474548930218136
MA0713.1	33308	0.781842507393257	0.0663622899749755
MA0715.1	33308	0.753352085922652	0.0740245316575232
MA0724.1	33308	0.829360311033422	0.0590935709812352
MA0728.1	33308	0.71387299617658	0.0448293789515227
MA0729.1	33308	0.697001605893856	0.0414381933463102
MA0730.1	33308	0.713039532535985	0.0417558179543988
MA0731.1	33308	0.675619029564073	0.0447733914308
MA0472.2	33308	0.801410300285613	0.0538908831900264
MA0736.1	33308	0.78081328856667	0.0450126175079952
MA0737.1	33308	0.738907395787633	0.040657773342834
MA0741.1	33308	0.868757008449774	0.0674933188245474
MA0088.2	33308	0.749258761230144	0.0434267445126667
MA0758.1	33308	0.690287604081891	0.0488748810925149
MA0770.1	33308	0.760155654560684	0.0525096319607843
MA0771.1	33308	0.788530514024508	0.048376003578785
MA0773.1	33308	0.764817288954631	0.0653732319912471
MA0774.1	33308	0.868907781578407	0.0554769874255284
MA0776.1	33308	0.746240470081799	0.0449111215702332
MA0777.1	33308	0.714081152238187	0.0415705082004325
MA0105.4	33308	0.711822626934077	0.0528221984742819
MA0780.1	33308	0.739776129730935	0.0707456977745556
MA0783.1	33308	0.727198178250495	0.0512527714161699
MA0787.1	33308	0.778338480097477	0.0658389879347588
MA0788.1	33308	0.772230650317873	0.0647365823270774
MA0789.1	33308	0.801485245782583	0.0696142860363196
MA0792.1	33308	0.824189284685088	0.0652631197082011
MA0794.1	33308	0.760489707335053	0.0435180778080871
MA0795.1	33308	0.7612430570215	0.052077766380775
MA0796.1	33308	0.702112774060866	0.0543451709641686
MA0797.1	33308	0.735119757408104	0.0504157536357171
MA0511.2	33308	0.832932726334279	0.0483493835487258
MA0801.1	33308	0.85682636852125	0.0489734881839772
MA0803.1	33308	0.835070570018409	0.0530927360828471
MA0805.1	33308	0.834380365429821	0.0542658958357545
MA0806.1	33308	0.86365677487647	0.0475388775181446
MA0807.1	33308	0.873061949713334	0.0451440178362766
MA0808.1	33308	0.874667238659141	0.0533182775624046
MA0813.1	33308	0.806393538799113	0.0562476318320089
MA0815.1	33308	0.79838704726116	0.0587107766982765
MA0816.1	33308	0.836245207416358	0.0524781527442738
MA0822.1	33308	0.722062556766133	0.053517387585092
MA0823.1	33308	0.800432590811876	0.0621105873118242
MA0826.1	33308	0.782438358334597	0.0534933298023553
MA0827.1	33308	0.825201171611661	0.0459323112054348
MA0838.1	33308	0.777193940938688	0.0488062438257885
MA0845.1	33308	0.808184598877018	0.0635841339285742
MA0032.2	33308	0.83713625148415	0.0622752909540177
MA0848.1	33308	0.879198575471925	0.0595858089362044
MA0849.1	33308	0.864007477212278	0.0623623518170198
MA0850.1	33308	0.91693177988309	0.0447525968936966
MA0855.1	33308	0.724447581225844	0.0472581766689822
MA0856.1	33308	0.734953143596596	0.0465404384634596
MA0857.1	33308	0.687478610643823	0.0463899361207502
MA0858.1	33308	0.705756521185275	0.0435314688238762
MA0860.1	33308	0.696363324918284	0.0433006596042484
MA0525.2	33308	0.701493901573258	0.0397463323857055
MA0106.3	33308	0.711280680387193	0.0385948539883974
MA0862.1	33308	0.814180624368762	0.0513170270150171
MA0863.1	33308	0.727330651052027	0.0407275987647716
MA0024.3	33308	0.763672841913009	0.0469000899106932
MA0866.1	33308	0.700301760934545	0.0533674672238702
MA0870.1	33308	0.701723750062463	0.0531087245893501
MA0872.1	33308	0.792660512220638	0.0601735417792575
MA1124.1	33308	0.714995507860006	0.0572466548469001
MA1155.1	33308	0.738300135842898	0.0462225634460076
MA1127.1	33308	0.757285997781607	0.0602533899100525
MA1129.1	33308	0.767486361571277	0.0595347518241604
MA1136.1	33308	0.782690549496402	0.0576831956596504
MA1420.1	33308	0.749048945477047	0.0407613085838462
MA1421.1	33308	0.776849320601176	0.0487693630394786
MA1468.1	33308	0.853564914374608	0.0408870685689905
MA1485.1	33308	0.766258103364879	0.0458392682949566
MA1489.1	33308	0.778412843761259	0.0769925360118654
MA1493.1	33308	0.79968459556734	0.0445886013673418
MA1509.1	33308	0.79351933549914	0.0469700533712487
MA1538.1	33308	0.735908954094495	0.0430493463814993
MA1539.1	33308	0.721410716193601	0.0439907604933653
MA1555.1	33308	0.761375580242942	0.0418579020401933
MA1556.1	33308	0.757056144358853	0.043739568488454
MA1557.1	33308	0.785938235433808	0.0469812871561499
MA1570.1	33308	0.864797977249691	0.0474117852100856
MA1571.1	33308	0.751784467822085	0.0468493100463211
MA1572.1	33308	0.759527533029364	0.0464582272902032
MA1580.1	33308	0.789631449633116	0.0579158520285656
MA1587.1	33308	0.773656671747899	0.0456559224021761
MA1588.1	33308	0.733801370038437	0.043749097680204
MA1594.1	33308	0.684294457923964	0.0326947187370493
MA1596.1	33308	0.760327040785183	0.0601403113191239
MA1597.1	33308	0.706963321199289	0.0415016553016109
MA0158.2	33308	0.870261920394394	0.0571453058508105
MA0912.2	33308	0.827413701006913	0.0623796502448767
MA0623.2	33308	0.798629934300937	0.0513087003865157
MA2093.1	33308	0.887315989676809	0.0527081492176017
MA2094.1	33308	0.781801199880101	0.0360123681239704
MA2095.1	33308	0.799546722494284	0.0531695125708141
MA2096.1	33308	0.83364005278062	0.0504921130264408
MA1715.1	33308	0.729619284234797	0.0425133279661913
MA2097.1	33308	0.772211945004834	0.0488286359822848
MA2098.1	33308	0.8394795180997	0.0570982184607529
MA2099.1	33308	0.873926180533349	0.0565234918849327
MA1718.1	33308	0.664177925775595	0.0427345093735821
MA2100.1	33308	0.646728766819713	0.0419350085832622
MA2101.1	33308	0.777289491043965	0.0491351284930895
MA1684.1	33308	0.953695807649248	0.0619548057900335
MA2102.1	33308	0.785555987372485	0.058582751255135
MA1931.1	33308	0.737276327410418	0.0455849378038129
MA1957.1	33308	0.749426153272234	0.0438364782780061
MA1962.1	33308	0.734941367703781	0.05166088205114
MA1972.1	33308	0.824353316445992	0.042966811312753
MA1980.1	33308	0.777688052066266	0.0390472255228851
MA1985.1	33308	0.746711454277033	0.0453254671234219
MA2117.1	33308	0.849413725949107	0.0661619419903554
MA2118.1	33308	0.830347934186747	0.064584731441407
MA2119.1	33308	0.877064927543714	0.0634954066184183
MA2120.1	33308	0.824783657702519	0.0402021866672451
MA2121.1	33308	0.817653832203313	0.0608546823757679
MA2122.1	33308	0.783992307011571	0.0524272010075173
MA2123.1	33308	0.842433584471297	0.0503302030923607
MA2124.1	33308	0.830432410103401	0.0905890657467292
MA2125.1	33308	0.854100143300799	0.0564660951540949
MA2126.1	33308	0.827198859922933	0.0654939989419226
MA0079.5	33308	0.88878188964539	0.0852274386604939
MA0509.3	33308	0.702545935007053	0.0520035439837899
MA0516.3	33308	0.898592815432836	0.0766397134718503
MA0607.2	33308	0.776782841034027	0.0508564812013328
MA0685.2	33308	0.902639165722873	0.0779981185508895
MA0740.2	33308	0.906098992426587	0.0732603511542332
MA0742.2	33308	0.885062431238445	0.0827369499204662
MA0798.3	33308	0.705420107293924	0.0504698991732979
MA0818.2	33308	0.793679616908692	0.0510182380430322
MA0821.2	33308	0.812621272200464	0.0552999960476132
MA0831.3	33308	0.760200861492311	0.0598278027322318
MA0878.3	33308	0.807475449562351	0.0586065956533415
MA0884.2	33308	0.767698401208133	0.0585448645390332
MA1511.2	33308	0.895244765895113	0.0779804552500942
MA1532.2	33308	0.748125938152994	0.0399057207221861
MA1547.2	33308	0.843947206457762	0.0614476477720595
MA1563.2	33308	0.908520402032574	0.0500231429627482
MA1573.2	33308	0.734925851530202	0.0600916169383566
MA1601.2	33308	0.781158121368237	0.043676504307305
MA1633.2	33308	0.79806987735547	0.058529200124324
MA2323.1	33308	0.693389703017371	0.0496355118032719
MA2324.1	33308	0.868403199199766	0.0584806603703852
MA2325.1	33308	0.811388109903323	0.0526992728212326
MA2326.1	33308	0.925996166842619	0.0733919096495044
MA2327.1	33308	0.829142493821612	0.0703225553122837
MA2328.1	33308	0.825526738686241	0.0872483245527458
MA2329.1	33308	0.825299982639043	0.0616779260697736
MA2330.1	33308	0.803298428940439	0.059697073174677
MA2331.1	33308	0.675119884878137	0.0364186335743738
MA2332.1	33308	0.832652643187408	0.0563831777499749
MA2333.1	33308	0.824562702103061	0.0774872324845883
MA2334.1	33308	0.742364951069972	0.0438862414209208
MA2335.1	33308	0.645085085644617	0.0446869791220448
MA2336.1	33308	0.868466417192948	0.0588218496072849
MA2337.1	33308	0.91889674443763	0.072916921983685
MA2338.1	33308	0.863895279904863	0.0597246202921975
MA2339.1	33308	0.84350859003881	0.0571691753166888
MA2340.1	33308	0.795829759734138	0.0573550339798574
MA2341.1	33308	0.886597422888925	0.0539818393590252
MA0619.2	33308	0.883440570948143	0.0784460097574542
MA0006.2	33308	0.928385499377	0.0694262792391462
MA0854.2	33308	0.811346218765449	0.0724865952743463
MA0634.2	33308	0.885772743716394	0.0693671885805269
MA0853.2	33308	0.769106833335057	0.0577218385908583
MA0690.3	33308	0.799934036278673	0.0465955164973467
MA0007.4	33308	0.733783323816106	0.0446226070610097
MA1463.2	33308	0.800617071324887	0.0774649675930254
MA0601.2	33308	0.865753663325136	0.0827084661430795
MA0602.2	33308	0.822122919456079	0.0744322374009033
MA0259.2	33308	0.915119352243824	0.0754162506867103
MA1464.2	33308	0.816118847343536	0.0660120242645813
MA0603.2	33308	0.823104974544214	0.0618249472054541
MA0874.2	33308	0.797168667902007	0.0635029211439866
MA1100.3	33308	0.885809798488742	0.0504244486486453
MA1631.2	33308	0.850935231324081	0.0554504649419768
MA1632.2	33308	0.795632282931839	0.0631852438011727
MA1988.2	33308	0.850036496198926	0.0658137583113843
MA0605.3	33308	0.752589619970017	0.067138279891748
MA0833.3	33308	0.784197514141516	0.0552628265967131
MA1466.2	33308	0.734687718086424	0.0454536875088174
MA0834.2	33308	0.740709753265033	0.0648163291702036
MA0461.3	33308	0.849873248724064	0.0524223135045432
MA1467.3	33308	0.865542846217279	0.0602633309430335
MA0591.2	33308	0.778338408739466	0.0463909735480902
MA0496.4	33308	0.784562191109894	0.0559767227966971
MA1101.3	33308	0.764628375232044	0.0530830738475485
MA1470.2	33308	0.705702500919327	0.0423084376316568
MA0877.4	33308	0.873320955101953	0.0581393329098012
MA0635.2	33308	0.914674475021532	0.0533029946012967
MA0875.2	33308	0.90280534313439	0.0683225792777212
MA1471.2	33308	0.84474850394101	0.0643748238289157
MA1634.2	33308	0.847364643070616	0.0674726735843134
MA0462.3	33308	0.847552567571369	0.067301598234148
MA0489.3	33308	0.816787238741766	0.0635789140242841
MA0488.2	33308	0.813838297471783	0.0572461115901243
MA0835.3	33308	0.850897063704279	0.0658121500320133
MA1989.2	33308	0.814367431878052	0.0588593045113625
MA0463.3	33308	0.759582427375419	0.0451209149807039
MA1472.3	33308	0.835899215612767	0.0574018275982394
MA1635.2	33308	0.870665259047892	0.0787580357019508
MA0817.2	33308	0.781006883710898	0.0540843530284923
MA0464.3	33308	0.820822131922327	0.0647246036578401
MA1928.2	33308	0.84091182391246	0.0701723800875926
MA0876.2	33308	0.916262842816379	0.0656879966023698
MA0465.3	33308	0.818899486649911	0.065747188735055
MA1473.2	33308	0.826822885795102	0.064900542419545
MA0102.5	33308	0.785960669782591	0.0549062884106185
MA0466.4	33308	0.743551310224197	0.0488361927751919
MA0836.3	33308	0.824114405123734	0.0608676543965058
MA0837.3	33308	0.746778731310351	0.0485862518484934
MA1636.2	33308	0.785658611548262	0.054225030459494
MA0819.3	33308	0.86307701836254	0.0568252254445168
MA0018.5	33308	0.819676998696451	0.0706809296924341
MA0638.2	33308	0.767769404107428	0.0469998080243928
MA0839.2	33308	0.739227809230276	0.0445162242080937
MA1474.2	33308	0.807857733221577	0.0480597143546849
MA1475.2	33308	0.811192292845026	0.0588448893790146
MA0840.2	33308	0.765157239561108	0.0650358767983211
MA0609.3	33308	0.752159737387598	0.0655613158126961
MA0467.3	33308	0.854218921792449	0.0699324965288497
MA0139.2	33308	0.802283409294585	0.0470033848831278
MA1929.2	33308	0.68856969722285	0.039046899047685
MA1930.2	33308	0.679837865302191	0.0374616173079684
MA1102.3	33308	0.857100595385393	0.0641702698775158
MA0754.3	33308	0.77753539095925	0.0572069301384213
MA0650.4	33308	0.834846276453694	0.0636213573855463
MA0901.3	33308	0.811333041602786	0.0701788934666847
MA0755.2	33308	0.778952219178479	0.062414637018801
MA0639.2	33308	0.794283806885117	0.0575874430656399
MA0019.2	33308	0.837100570359444	0.0423932442906582
MA0879.3	33308	0.903639609771428	0.0589306499087814
MA0885.3	33308	0.806769941481297	0.0586493445206988
MA0880.2	33308	0.88799716014941	0.0676096624051942
MA0881.2	33308	0.890729299451873	0.0655548277295484
MA1476.3	33308	0.807772574920099	0.0597349175643562
MA0882.2	33308	0.891636381210489	0.0668291877240731
MA0883.2	33308	0.822732307574233	0.0521051006574383
MA1603.2	33308	0.812832884470392	0.064560663128769
MA0610.2	33308	0.86028160492014	0.0632897666350842
MA1707.2	33308	0.832158045644053	0.0526905621413967
MA1478.2	33308	0.938230520641598	0.0477369620759875
MA1479.2	33308	0.798491958762016	0.0510767220589076
MA1480.2	33308	0.815135497380404	0.0533168534559591
MA1481.2	33308	0.885243584071285	0.0730140772970395
MA0611.3	33308	0.74888416612477	0.0616164254939779
MA0864.3	33308	0.765870244143248	0.0457500088353345
MA0469.4	33308	0.69798747445184	0.0434779308382626
MA0756.3	33308	0.805731311978362	0.0558802002405998
MA0470.3	33308	0.748827658402775	0.0456291727422646
MA0471.3	33308	0.869619808829033	0.0586012243870181
MA0865.3	33308	0.836511689957722	0.0552015939336937
MA0154.5	33308	0.789273755341889	0.0537071340563373
MA1604.2	33308	0.81811576222818	0.0583625910013305
MA1637.2	33308	0.817625201689589	0.0605983232556494
MA0162.5	33308	0.829726356235329	0.0667625759279892
MA0732.2	33308	0.785890936324271	0.0665366839393905
MA0733.2	33308	0.807781802186952	0.0606125897854167
MA0598.4	33308	0.853571755006405	0.0554752014817873
MA0473.4	33308	0.837893669953231	0.0567710994564579
MA1483.3	33308	0.837476008065737	0.0525322745356858
MA0640.3	33308	0.853187775204677	0.0543692371183737
MA0136.4	33308	0.873557396017957	0.0541849889375438
MA0028.3	33308	0.809752959455246	0.0619950095227985
MA0800.2	33308	0.824032776887607	0.0493488572191268
MA1708.2	33308	0.877940245196118	0.0495639846088702
MA1495.2	33308	0.895778190818248	0.0625264581362386
MA1932.2	33308	0.734930684798511	0.0408290604991069
MA0779.2	33308	0.750317462264302	0.0354381891657681
MA0014.4	33308	0.827590144590727	0.0540535510071126
MA0781.2	33308	0.725217256562405	0.0378661205520383
MA0686.2	33308	0.811180652187242	0.0486675581485562
MA1933.2	33308	0.742546049073136	0.0448848015008521
MA0828.3	33308	0.742977108171994	0.0583478063125301
MA0843.2	33308	0.786057822424215	0.0561637070404413
MA0759.3	33308	0.813648013480287	0.0627835564678708
MA0076.3	33308	0.86150313162771	0.0577044602140787
MA0612.3	33308	0.864403291770171	0.0764326813531861
MA0886.2	33308	0.866235265333236	0.0760042862221642
MA0027.3	33308	0.897117742052735	0.0676788373262827
MA0642.3	33308	0.880588695899841	0.0614123950860265
MA0760.2	33308	0.841029896937309	0.0516708130147177
MA1934.2	33308	0.789458972994815	0.0454324664480918
MA0820.2	33308	0.92744172167366	0.0596414211782335
MA1935.2	33308	0.879397474909313	0.0420457756964308
MA1936.2	33308	0.848571975826396	0.0381087419071269
MA0480.3	33308	0.854636728825169	0.0635758445043475
MA1937.2	33308	0.810852321477081	0.0408378897448481
MA0058.4	33308	0.855584516301391	0.0703104779246237
MA1938.2	33308	0.758084794770315	0.039550162760064
MA0048.3	33308	0.840095346384734	0.0564740007722969
MA1939.2	33308	0.737291507332614	0.0377023285402952
MA0474.4	33308	0.831150228569743	0.0527633174743832
MA0112.4	33308	0.720664716082967	0.0453152762997614
MA0592.4	33308	0.80643559317573	0.0577604641052921
MA0141.4	33308	0.786317119501737	0.0561818618774229
MA0643.2	33308	0.835062641564681	0.0526344315123413
MA0644.3	33308	0.864768698330304	0.0674861290953445
MA0098.4	33308	0.855642534690929	0.0523213988364373
MA1484.2	33308	0.853113470775699	0.0533270220347314
MA0761.3	33308	0.84332602305352	0.055027581816793
MA0762.2	33308	0.830588077448798	0.0523747648592933
MA1940.2	33308	0.776616891637794	0.0454446635744352
MA1941.2	33308	0.774959702280853	0.0450121395452105
MA1942.2	33308	0.835518159672773	0.0478630901422658
MA1943.2	33308	0.782961573911559	0.0413961464269629
MA0763.2	33308	0.846303975391554	0.0486487546990112
MA0764.4	33308	0.83995748816201	0.057021084988295
MA0765.4	33308	0.809858581358007	0.0611440299708277
MA1944.2	33308	0.788828392894075	0.0423108631379088
MA1945.2	33308	0.780917438690363	0.0449634229027686
MA1946.2	33308	0.822069555243706	0.0393724655788937
MA1947.2	33308	0.856442060182091	0.0417944124999318
MA1948.2	33308	0.794302642520468	0.0397714403487978
MA0900.3	33308	0.861362237688457	0.0789817920494213
MA0645.2	33308	0.859160354028025	0.0555481742037436
MA0887.2	33308	0.902092040703807	0.0651405663861045
MA0888.2	33308	0.901347590636855	0.065157684235762
MA0156.4	33308	0.811061354180287	0.0593079289895134
MA0475.3	33308	0.839217768690603	0.0543763419760327
MA1949.2	33308	0.759864624146351	0.040264361243242
MA1950.2	33308	0.818933600097175	0.0490145645396384
MA0476.2	33308	0.829758547099616	0.0654889993901409
MA1951.2	33308	0.725690836738206	0.0567733088995542
MA0099.4	33308	0.824085843955854	0.0559236461428467
MA1126.2	33308	0.780350326263029	0.058783286004372
MA1134.2	33308	0.810530910170399	0.0588216351751246
MA1140.3	33308	0.73241399899596	0.0616515059155586
MA0490.3	33308	0.782896622645147	0.0622951262477589
MA1141.2	33308	0.815450158360056	0.058108248380454
MA0492.2	33308	0.812541143847634	0.0558306156858774
MA0491.3	33308	0.783414834373844	0.0619344294542136
MA1135.2	33308	0.817791463091144	0.0587610118107264
MA0477.3	33308	0.795295038579795	0.0616305645477304
MA1128.2	33308	0.819833884463098	0.0569539733282725
MA1137.2	33308	0.821687836736036	0.0553359927336863
MA1142.2	33308	0.864422456032294	0.0516814485723766
MA1143.2	33308	0.825242189912632	0.0542147846364209
MA0478.2	33308	0.83306333088165	0.055282452500578
MA1130.2	33308	0.823867571460666	0.0571869048473425
MA1131.2	33308	0.787366065735434	0.0610902443962621
MA1138.2	33308	0.812962283379848	0.0601356440851211
MA1139.2	33308	0.760487596850147	0.0648089990518526
MA1144.2	33308	0.814876927082245	0.058403270809202
MA1145.2	33308	0.783718480383092	0.0626029156838356
MA0148.5	33308	0.816834234237442	0.0644555447479358
MA0047.4	33308	0.846073153397025	0.066292403403758
MA1683.2	33308	0.847873828207764	0.0678648246709782
MA0846.2	33308	0.839112885076087	0.0620476440328433
MA0031.2	33308	0.853997520364998	0.064581972216593
MA0847.4	33308	0.826127619993223	0.0619966382809514
MA0041.3	33308	0.801420622214571	0.0642003125333429
MA1487.3	33308	0.810519606998724	0.0603004376247001
MA1606.2	33308	0.861506558580977	0.0692119926724815
MA0030.2	33308	0.823894728975566	0.061588442141352
MA0479.2	33308	0.843846561265061	0.0594175308017677
MA1952.2	33308	0.8381733192325	0.0470402126127475
MA0682.3	33308	0.869558863831882	0.0664590242116384
MA0851.2	33308	0.834877013223511	0.0655376246606496
MA0852.3	33308	0.858635515281749	0.0640388794002499
MA1103.3	33308	0.849276313177374	0.0682005096475015
MA1607.2	33308	0.800882590092555	0.0641556085874045
MA1953.2	33308	0.805258974015553	0.0438169096715585
MA1954.2	33308	0.800540649932793	0.0470343654060465
MA1955.2	33308	0.794483569099167	0.0458543928340808
MA1956.2	33308	0.787656588573882	0.0450140543891256
MA0157.4	33308	0.854920789086403	0.0653612921304745
MA0481.4	33308	0.851737607678832	0.0674716220483496
MA0593.2	33308	0.854207602769868	0.0626625332285222
MA0040.2	33308	0.82507428430629	0.0604105484161236
MA0062.4	33308	0.820070303970912	0.053607264559359
MA0035.5	33308	0.852717422971288	0.0595447145898661
MA0140.3	33308	0.777272482739926	0.0488935462237976
MA0036.4	33308	0.849003618948245	0.0646266389438628
MA0037.5	33308	0.82708785083678	0.0597193096628575
MA0482.3	33308	0.832664657043097	0.0564436497165412
MA0766.3	33308	0.869613201186319	0.0560628532865128
MA1104.3	33308	0.827338835127179	0.0604014065775186
MA0889.2	33308	0.857462067761224	0.0710987387409463
MA0890.2	33308	0.873567785918449	0.0750096194984985
MA0646.2	33308	0.809376722676895	0.0430864262302032
MA0143.5	33308	0.862783608352423	0.0604354354498073
MA0767.2	33308	0.850003901211294	0.0456673538869164
MA0038.3	33308	0.804645278153275	0.0497161977659685
MA0483.2	33308	0.848325556284458	0.0483723548936907
MA1990.2	33308	0.799675821716564	0.0488923871943653
MA0734.4	33308	0.820724728860478	0.0503750319234566
MA1491.3	33308	0.72531786140134	0.0426317259188084
MA0735.2	33308	0.701083603784834	0.0439011108231955
MA0615.2	33308	0.883133671545002	0.0584969780601346
MA0647.2	33308	0.770205688691784	0.0530990456514543
MA1105.3	33308	0.825643605341427	0.0554331066688892
MA0648.2	33308	0.878208989590092	0.0679070309562799
MA0891.2	33308	0.892410971193763	0.058636102959502
MA0892.2	33308	0.914997380032118	0.0559710173301055
MA0893.3	33308	0.910778807640934	0.0536864188759063
MA0092.2	33308	0.89154397305618	0.039525555016924
MA0522.4	33308	0.883257099647747	0.058026358249377
MA1638.2	33308	0.889798672881382	0.0680019793255014
MA1099.3	33308	0.861415249073367	0.0677129314019932
MA0616.3	33308	0.818309683189911	0.0655114318946129
MA0894.2	33308	0.872842845704023	0.0779860280673004
MA0649.2	33308	0.826598078751819	0.0561940114454873
MA0739.2	33308	0.877189898750939	0.0454826037878782
MA0738.2	33308	0.951523133111586	0.0434614692679483
MA1106.2	33308	0.855665547781113	0.0645787633419586
MA0131.3	33308	0.848959328670508	0.0588286500103252
MA0043.4	33308	0.798515317993988	0.0619818887955632
MA0895.2	33308	0.877582487849474	0.0568847805031884
MA0896.2	33308	0.808064955679489	0.0573250075690617
MA0897.2	33308	0.756362396473038	0.0526977412545964
MA0898.2	33308	0.809838618650687	0.0582995737723951
MA1991.2	33308	0.812773566930462	0.050463344225113
MA0046.3	33308	0.745937928196715	0.0640882248464478
MA1494.2	33308	0.734251948834085	0.0450720749819684
MA0114.5	33308	0.803152249489222	0.0556313971114067
MA0484.3	33308	0.806908127298088	0.054628029332115
MA0899.2	33308	0.847849215213472	0.0642401962979652
MA0911.2	33308	0.830701252270215	0.0506875378802787
MA1496.2	33308	0.907943984626535	0.0482491728760542
MA1497.2	33308	0.888205869522186	0.0531962727789373
MA1498.3	33308	0.920672392483556	0.0593285756014031
MA0594.3	33308	0.885353655746419	0.0458617039213288
MA0902.3	33308	0.906638938972494	0.0717128302042438
MA1566.3	33308	0.820988878081432	0.0490461544138761
MA0903.2	33308	0.911939110482116	0.0646572342371943
MA1499.2	33308	0.884439095516185	0.0752166414803922
MA0904.3	33308	0.881783618696845	0.0702345351333401
MA1500.2	33308	0.903408005905852	0.0505573561323565
MA1501.2	33308	0.872291341527535	0.0548566993124101
MA1502.2	33308	0.886215164755704	0.0637838010035824
MA1503.2	33308	0.802871487007947	0.0558796973596972
MA0905.2	33308	0.840663402531301	0.0561555679243328
MA0651.3	33308	0.744567443627922	0.0509198646896944
MA0906.2	33308	0.783392820903125	0.0513699132053621
MA0907.2	33308	0.790682738949203	0.0570555157639555
MA1504.2	33308	0.903448426523467	0.0684383907905003
MA1505.2	33308	0.909445947700017	0.0576277205488806
MA0485.3	33308	0.789684341557915	0.0573045796983891
MA1506.2	33308	0.781731495728156	0.0517081255927871
MA0908.2	33308	0.824906778657933	0.0559146409692607
MA0873.2	33308	0.792345817214494	0.0504208222419503
MA1958.2	33308	0.732918135438845	0.0439148287051826
MA0909.4	33308	0.838973048675206	0.0748359068407343
MA1507.2	33308	0.898108863477354	0.0721125376722576
MA0910.3	33308	0.886389075210298	0.0637390516568665
MA0913.3	33308	0.829641799017047	0.0647590424700257
MA1508.2	33308	0.862197178229531	0.0561711704979149
MA1992.2	33308	0.848926887441132	0.0534394910017158
MA0050.4	33308	0.791597977478406	0.058831484491408
MA0051.2	33308	0.76829947895426	0.0461394370507915
MA1418.2	33308	0.722831162991461	0.0481435726283352
MA1419.2	33308	0.704624442206423	0.0465481887351761
MA0772.2	33308	0.768309548266219	0.052499516364337
MA0652.2	33308	0.719915110664464	0.0472179192010951
MA1608.2	33308	0.843440710203272	0.0610392931055532
MA0914.2	33308	0.917877625518132	0.0526552359765859
MA0654.2	33308	0.870043160322332	0.0775784300386105
MA0656.2	33308	0.756571932055206	0.0656632474123905
MA1132.2	33308	0.852669016434894	0.0534188707856902
MA1133.2	33308	0.774308345523532	0.0565064522535734
MA0493.3	33308	0.922115321994616	0.0762955566232037
MA1512.2	33308	0.87166500186577	0.0622370849619263
MA0657.2	33308	0.744317276368626	0.0474656011508619
MA1513.2	33308	0.877944566848185	0.09991467108403
MA1514.2	33308	0.786142490778787	0.0506640782603621
MA1515.2	33308	0.912854726123127	0.0673303019301647
MA1516.2	33308	0.841095642365055	0.067638374643975
MA0039.5	33308	0.893324389334336	0.0720461241755407
MA1517.2	33308	0.887683587918982	0.059495238770988
MA1959.2	33308	0.910563936549359	0.0794077966183337
MA1107.3	33308	0.820600898381392	0.0616084235759789
MA0618.2	33308	0.870268989825608	0.0603419506590854
MA0699.2	33308	0.891825254327528	0.0639452816155286
MA0768.3	33308	0.830891088350896	0.0584629643181879
MA1518.3	33308	0.76479833542906	0.0573282020053263
MA0700.3	33308	0.858559827514504	0.0743079731312938
MA0135.2	33308	0.792939966048673	0.067519126717445
MA0704.2	33308	0.887554403917245	0.0632735747736255
MA1519.2	33308	0.849516308449879	0.0720974215681556
MA0658.2	33308	0.830879783233119	0.0625070663729762
MA0705.2	33308	0.895553337025184	0.0680616348493674
MA0701.3	33308	0.848149998910335	0.068506407005416
MA0702.3	33308	0.819355891590627	0.082031945038842
MA0703.3	33308	0.781787662016313	0.0859720048495431
MA1520.2	33308	0.759875226274138	0.0425745642785309
MA0501.2	33308	0.78054817009418	0.0488545729866759
MA0841.2	33308	0.761706503577342	0.0580813805862826
MA1521.2	33308	0.762781126694777	0.0428398342520084
MA0117.3	33308	0.821011842624123	0.0470995114640921
MA0495.4	33308	0.773732033404392	0.0508141202990864
MA0659.4	33308	0.755113692822832	0.0506424494486996
MA0089.3	33308	0.767025938147026	0.0506827543003941
MA0059.2	33308	0.799553193169219	0.0523842730562759
MA0147.4	33308	0.825896343645644	0.0612493629463722
MA1522.2	33308	0.886623588594585	0.0780219704296203
MA0029.2	33308	0.77721708363599	0.0541636845305726
MA0052.5	33308	0.792288862701238	0.0673134292509013
MA0497.2	33308	0.822342691022897	0.0584262434593042
MA0498.3	33308	0.957945879441096	0.0529039150786106
MA1639.2	33308	0.806532031629423	0.060655631755255
MA1640.2	33308	0.798271890802645	0.0660551169234971
MA0775.2	33308	0.907025946174894	0.0528042056993758
MA0661.2	33308	0.865975443783478	0.0624529213707008
MA0706.2	33308	0.871532995789226	0.0586925319354238
MA1960.2	33308	0.791404756040777	0.048475748525482
MA0620.4	33308	0.776808265484742	0.0588128756346426
MA0621.2	33308	0.800775505662276	0.0934619617030622
MA0662.2	33308	0.89161874338957	0.0661631016740591
MA0622.2	33308	0.820058244265642	0.0891310756448826
MA0664.2	33308	0.834278443608592	0.0611074342873556
MA0825.2	33308	0.860936812410592	0.0648362012344147
MA0707.3	33308	0.909542915533098	0.068128219512868
MA1523.2	33308	0.896323808979533	0.0516141498571002
MA1524.3	33308	0.80826476995583	0.049722213894011
MA0666.3	33308	0.878457155813206	0.0706421079169386
MA0708.3	33308	0.884592573206836	0.067116682189308
MA0709.2	33308	0.8680838136323	0.0755322371899656
MA1108.3	33308	0.883403719198657	0.0668896163722557
MA0100.4	33308	0.881209699241563	0.0645823989960766
MA0104.5	33308	0.807345991410708	0.0603843529216944
MA1641.2	33308	0.831019990768595	0.0600205508040876
MA0499.3	33308	0.838853350455697	0.0518215915008123
MA0500.3	33308	0.850507085172684	0.0664582483771359
MA0056.3	33308	0.840859125473015	0.0534046150095419
MA1109.2	33308	0.855266608696455	0.0541786623791769
MA1993.2	33308	0.873250090514918	0.0772434849667318
MA0668.3	33308	0.853446631662504	0.053660554869196
MA1642.2	33308	0.869518735414466	0.0584060858237229
MA0606.3	33308	0.850383065107625	0.0582152858911733
MA0624.3	33308	0.904379625432328	0.0706041876625039
MA0152.3	33308	0.843863629387567	0.0615094742358112
MA0625.3	33308	0.952164798208641	0.0419294370487068
MA1525.3	33308	0.870700926863314	0.0542187383692301
MA0150.3	33308	0.778547972318916	0.0495697139142952
MA0670.2	33308	0.86507745886874	0.0738063667174698
MA1643.2	33308	0.713117942033111	0.0474580394341647
MA0161.3	33308	0.861316866181923	0.0618141959653031
MA1527.2	33308	0.745585586595582	0.0521342032930674
MA0025.3	33308	0.800549765954568	0.0649950848501105
MA0671.2	33308	0.946562153991047	0.0389871782963381
MA1528.2	33308	0.761934210895053	0.0517512355994532
MA0778.2	33308	0.758229559825489	0.0569568418028913
MA0060.4	33308	0.846887787918519	0.0641363574567334
MA0502.3	33308	0.83146875220736	0.0597636783131564
MA1644.2	33308	0.86158712030714	0.0665828783781128
MA1529.2	33308	0.743086796106101	0.0487205248215187
MA1994.2	33308	0.845243229094655	0.0640172918182755
MA1645.2	33308	0.840019377853822	0.0505731578982331
MA0672.2	33308	0.881271810838274	0.0492907139657681
MA2003.2	33308	0.895570873702994	0.0417030323558757
MA0063.3	33308	0.86023863738289	0.0565234738579454
MA0673.2	33308	0.906369192386078	0.0397471168200984
MA0124.3	33308	0.87272493046456	0.0529686933819091
MA0122.4	33308	0.803052473700908	0.0556927998551785
MA0674.2	33308	0.878931265545703	0.063701531823035
MA0675.2	33308	0.910169425982876	0.0665799659787511
MA1530.2	33308	0.873950148542869	0.0575044165662442
MA0125.2	33308	0.892743921151021	0.0658521925133128
MA0710.2	33308	0.880876356080404	0.0649091066204535
MA0626.2	33308	0.849718840377346	0.0573710495221142
MA1995.2	33308	0.829950569615702	0.0567080716946527
MA1531.2	33308	0.7719793302383	0.039867062210944
MA1996.2	33308	0.887325760972548	0.0675540614249908
MA0494.2	33308	0.807025319112881	0.034813374256531
MA1110.3	33308	0.896075376990592	0.0640833340252646
MA1146.2	33308	0.767083721623933	0.0391258828122918
MA1533.2	33308	0.792851586320829	0.0359786819925455
MA1534.2	33308	0.86952419555971	0.0536428155991471
MA1535.2	33308	0.932320177385667	0.060670807292254
MA0504.2	33308	0.824391966004657	0.0383714447400092
MA1536.2	33308	0.959090423270344	0.0362362469731694
MA0164.2	33308	0.850121899271023	0.0725152464085742
MA0017.3	33308	0.821806859567238	0.0521927564399062
MA1537.2	33308	0.759620705577496	0.0443551168941188
MA1111.2	33308	0.863015820679599	0.060632957222404
MA0677.2	33308	0.750746930870878	0.0458475857270102
MA0113.4	33308	0.735088648402811	0.0483417128305631
MA0727.2	33308	0.735970958290664	0.0482823521607906
MA1112.3	33308	0.842514750463533	0.0574373283906588
MA0160.3	33308	0.865598861921411	0.0504322048661815
MA1147.2	33308	0.781588021707601	0.0387157427921636
MA1540.3	33308	0.763348995323956	0.0565010919035461
MA0505.3	33308	0.815425665199875	0.0572113931450124
MA1541.2	33308	0.768357452708771	0.044597551882679
MA0506.3	33308	0.780158044217817	0.0778207203539049
MA0842.3	33308	0.794928035904907	0.0472737694071743
MA1997.2	33308	0.876847715125888	0.075327555508123
MA0679.3	33308	0.78073449816406	0.0716607679659406
MA0757.2	33308	0.744304925516082	0.0682908041381151
MA1542.2	33308	0.850992648290058	0.0486832333824289
MA1646.2	33308	0.85921659899819	0.0539156684025959
MA0711.2	33308	0.887855052683334	0.0608224047422614
MA0712.3	33308	0.859556876658718	0.0628887951164862
MA1544.2	33308	0.768816898767544	0.0507785569761402
MA1545.2	33308	0.81987944913264	0.0533142757392771
MA1961.2	33308	0.883047252638611	0.0810881390913742
MA0067.3	33308	0.770336282794836	0.035213123701098
MA1546.2	33308	0.757498332241634	0.0379806046978157
MA0680.3	33308	0.745404167688246	0.0739420416886656
MA0070.2	33308	0.817624555147386	0.0528082857716344
MA1113.3	33308	0.792287343473974	0.0674956871581887
MA1114.2	33308	0.777748298345182	0.0521354568925174
MA0132.3	33308	0.886686524015503	0.0788665070574955
MA0681.3	33308	0.73232032634419	0.0767776998360804
MA0714.2	33308	0.889395429524571	0.0594393312338472
MA0782.3	33308	0.793284370411691	0.0553281465769601
MA1615.2	33308	0.845102553373487	0.0609760737084332
MA1548.2	33308	0.846327168768388	0.0686166720886761
MA0784.3	33308	0.725145918785108	0.0624221523857502
MA0785.2	33308	0.817874828366873	0.0649630344914524
MA0507.3	33308	0.738844194087331	0.0655545514829783
MA0627.3	33308	0.797571455292863	0.0684415134113801
MA0786.2	33308	0.809529122500328	0.0681685291569529
MA0790.2	33308	0.759172556187161	0.0725788949725633
MA0683.2	33308	0.700437003515918	0.0613326398017461
MA0791.2	33308	0.753595656548749	0.0732783871787235
MA1115.2	33308	0.858175381746234	0.0689135644476673
MA0628.2	33308	0.828404589151802	0.0851569554687549
MA1549.2	33308	0.862816129045053	0.0597438733453145
MA0793.2	33308	0.810885990547121	0.0628835530267306
MA1148.2	33308	0.764401474993025	0.0368428259123297
MA1550.2	33308	0.76183010907059	0.0434998018969299
MA0066.2	33308	0.748535835592551	0.0340815701482326
MA0065.3	33308	0.830458724439626	0.0390353042560305
MA0508.4	33308	0.883178387119812	0.0623050417005192
MA1998.2	33308	0.827570387299239	0.0516573429187277
MA1616.2	33308	0.789624824228535	0.046953972521373
MA1647.3	33308	0.801373051237801	0.0502068310822893
MA1999.2	33308	0.787404963856068	0.0465278396688465
MA1723.2	33308	0.820878071293571	0.0495443972351977
MA0716.2	33308	0.885422233192718	0.073845099486355
MA0075.4	33308	0.830978496181742	0.0773075643181068
MA1618.2	33308	0.831072355185263	0.0544521354172747
MA1619.2	33308	0.840594097142474	0.0602857537550482
MA1620.2	33308	0.850479171855792	0.0565051641871275
MA1149.2	33308	0.793277088773939	0.0383609183995645
MA1552.2	33308	0.762123309458098	0.0412553805681173
MA0859.2	33308	0.71075140165012	0.0460845712191178
MA1553.2	33308	0.749857244612509	0.0425750694433086
MA0718.2	33308	0.889264833962601	0.0720142376125663
MA0717.2	33308	0.890659892934797	0.0692651513269937
MA1116.2	33308	0.911408093512054	0.0703399582475498
MA1117.2	33308	0.857897234665033	0.0599289705890044
MA0138.3	33308	0.695439740464412	0.0406127242967194
MA0600.3	33308	0.729938547739625	0.0539483082753412
MA0799.3	33308	0.725091923680755	0.0525120237186986
MA0510.3	33308	0.72033938072823	0.0534704895013504
MA1724.2	33308	0.813895318555699	0.0544584207831111
MA1554.2	33308	0.894666536478439	0.038986619808871
MA0629.2	33308	0.851316403002167	0.0467008694857402
MA0719.2	33308	0.960864739195794	0.0328309833895324
MA0072.2	33308	0.787223166082642	0.0531890644724189
MA1150.2	33308	0.838287146876592	0.0466066596198846
MA1151.2	33308	0.851603775978359	0.0435866223522439
MA0073.2	33308	0.801695989865054	0.0517183764422476
MA0002.3	33308	0.872223340585405	0.0450957672905079
MA0684.3	33308	0.847870165823252	0.0557244143798464
MA1963.2	33308	0.81434218784218	0.0757268776156329
MA0743.3	33308	0.797586058290725	0.0497807484660015
MA0744.3	33308	0.796321034360357	0.0497131372019687
MA0630.2	33308	0.890450260898396	0.0743687816734726
MA0720.2	33308	0.881487834945045	0.0753698564278378
MA1118.2	33308	0.821193974611303	0.0535513471609509
MA1119.2	33308	0.777462896423609	0.0512877415576387
MA0631.2	33308	0.765626205579195	0.0487237872242143
MA2001.2	33308	0.860598607987823	0.0599275028799955
MA1964.2	33308	0.902508325213214	0.0641039792869001
MA1153.2	33308	0.87922099245829	0.0634073743271502
MA1558.2	33308	0.896097980082233	0.0564632451950904
MA0745.3	33308	0.846424256677375	0.0565073370147039
MA1559.2	33308	0.84707603816714	0.0523938652827327
MA1560.2	33308	0.813639215983148	0.0607479210143968
MA0442.3	33308	0.895777252446294	0.0717249295496568
MA0869.3	33308	0.853589261515589	0.0540497349674147
MA1561.2	33308	0.777964427900062	0.0488169475323501
MA1120.2	33308	0.857964071875588	0.0632949034346029
MA1562.2	33308	0.796879592596939	0.0529522743895168
MA1152.2	33308	0.917974576809307	0.0578382731122902
MA0078.3	33308	0.79634420602104	0.0543081418471349
MA0514.3	33308	0.86089662791654	0.0609022350471055
MA0867.3	33308	0.888031857916991	0.0583783132607224
MA0087.3	33308	0.841827748904741	0.0538567603650186
MA0868.3	33308	0.884324679585495	0.0623892539851019
MA0077.2	33308	0.860784125419489	0.0511338900567532
MA0746.3	33308	0.855715661038693	0.0690305188112953
MA1965.2	33308	0.935131677889354	0.0789796604213058
MA0747.2	33308	0.878909507334611	0.0546997935163948
MA1564.2	33308	0.879299010797184	0.0694601527629575
MA0080.7	33308	0.783255588854898	0.0498881686970174
MA0081.3	33308	0.794947590070415	0.0478151885881285
MA0687.2	33308	0.813787422762342	0.0431499673727433
MA0829.3	33308	0.783576314519723	0.053833006914262
MA0084.2	33308	0.913537036149191	0.0556562073851254
MA0137.4	33308	0.853534385669484	0.0564663625315875
MA0517.2	33308	0.807244141595473	0.0523655167951659
MA1623.2	33308	0.815730804240063	0.065868863148998
MA0144.3	33308	0.874539694091512	0.0510104483573627
MA0518.2	33308	0.860211085041356	0.0518910168641299
MA1624.2	33308	0.823752408367982	0.0586440300844233
MA0519.2	33308	0.871532507736681	0.051275672860348
MA1625.2	33308	0.820078907339728	0.0623072438424889
MA0520.2	33308	0.843021363432152	0.0555412676373719
MA0091.2	33308	0.829733523473693	0.0493703490264824
MA0108.3	33308	0.884140014569523	0.0746703258768232
MA0802.2	33308	0.821458372273374	0.0493953801602763
MA1565.2	33308	0.834934045066511	0.0479233446063867
MA0804.2	33308	0.706340130767115	0.0421573589946715
MA0688.2	33308	0.846250893960126	0.0460492745212425
MA1567.3	33308	0.827831565552663	0.0486488889728821
MA0521.3	33308	0.879449258830176	0.0735933699911004
MA1648.2	33308	0.884022427357698	0.0587438527139915
MA0832.2	33308	0.762924324250758	0.0541659143357651
MA1568.2	33308	0.828665245815036	0.0416274407771029
MA0830.3	33308	0.864312692384325	0.0562910770154902
MA0769.3	33308	0.868435081725239	0.0633925936208989
MA0523.2	33308	0.856199429042001	0.051680490258357
MA0632.3	33308	0.854150222171895	0.0696301641471786
MA0090.4	33308	0.809954145520415	0.0565390731659932
MA1121.2	33308	0.858842599537673	0.0588201966182079
MA0809.3	33308	0.837004071599069	0.0566261645503139
MA0810.2	33308	0.880307918464443	0.0530324327862262
MA0003.5	33308	0.836024265916071	0.061692385304103
MA0811.2	33308	0.864734010277751	0.051734011143646
MA0812.2	33308	0.856912151110679	0.0618068490872089
MA0524.3	33308	0.861634762156036	0.0515350228240882
MA0814.3	33308	0.839210778626412	0.0601263946485161
MA1569.2	33308	0.879908977674546	0.0687375216898217
MA1966.2	33308	0.797374556977958	0.0458690104046271
MA1967.2	33308	0.732856865009119	0.0464618325704659
MA1968.2	33308	0.81919561529573	0.0473492008537092
MA1122.2	33308	0.853416791987987	0.0657177987108732
MA0692.2	33308	0.850668907291101	0.0562484864405349
MA0871.3	33308	0.807830591844923	0.0637241199506247
MA0597.3	33308	0.868880424503733	0.0551405744598185
MA1969.2	33308	0.736989647702987	0.0378664227508475
MA1574.2	33308	0.805701949453927	0.0390730824687175
MA1575.2	33308	0.746262143347692	0.0425078808838111
MA1576.2	33308	0.743152140149596	0.037088437002441
MA1577.2	33308	0.866139707687878	0.0908815523725904
MA0861.2	33308	0.745161489928413	0.0426909452539879
MA1970.2	33308	0.820420803027799	0.0620595874220505
MA1123.3	33308	0.843488891678665	0.0548202718635824
MA0633.3	33308	0.873743418514044	0.076947714392295
MA0721.2	33308	0.886019234874037	0.0710593308765836
MA0093.4	33308	0.784943582955694	0.056623869388859
MA0526.5	33308	0.75927409620394	0.0607733318614093
MA0722.2	33308	0.875671689476927	0.062818441492413
MA0723.3	33308	0.922313146791497	0.0534244138826142
MA0693.4	33308	0.865510461844185	0.0626749025935634
MA1578.2	33308	0.907440680298788	0.0746006774688875
MA0725.2	33308	0.845884886444064	0.0718863066229119
MA0726.2	33308	0.83623116338376	0.072645140247107
MA1627.2	33308	0.843527032329953	0.0626646899870369
MA0844.2	33308	0.777275688606803	0.0482322337073017
MA0095.4	33308	0.836697629922259	0.0616973486215073
MA0748.3	33308	0.853081342765184	0.0616641393961929
MA0749.2	33308	0.708651371111611	0.0441102047406385
MA1971.2	33308	0.841704246429541	0.0521768319880302
MA1649.2	33308	0.876047295614664	0.0607242983910984
MA1650.2	33308	0.835150386305569	0.070115722281309
MA0698.2	33308	0.800114617553225	0.0500234140646234
MA1579.2	33308	0.867092051790753	0.0584192454572218
MA0527.2	33308	0.779969800329081	0.0597875959367606
MA1581.2	33308	0.839064443089385	0.0530538326957257
MA0750.3	33308	0.843519226818864	0.0606129696168524
MA0694.2	33308	0.815200181913229	0.0519251446841581
MA0695.2	33308	0.871632540743514	0.0491789028688446
MA0103.4	33308	0.906051527919533	0.0661521882551071
MA2002.2	33308	0.900945364828195	0.0516278395053398
MA1651.2	33308	0.755627263228652	0.0541875269886988
MA1583.2	33308	0.841867205997494	0.0620748099702453
MA0146.3	33308	0.865754054289494	0.0605521124027023
MA1628.2	33308	0.89119113936662	0.0585279533753428
MA1629.2	33308	0.838086020364702	0.0553192723365914
MA0697.3	33308	0.882166181712525	0.0633059746351509
MA0751.2	33308	0.800907682149008	0.0451019777724177
MA1584.2	33308	0.767242135009226	0.0482968882676043
MA1709.2	33308	0.801013979637309	0.0560480284588722
MA1585.2	33308	0.804030037399925	0.0535892983148483
MA1973.2	33308	0.745267267892868	0.0482130420852308
MA1652.2	33308	0.85002045316834	0.0563011224893233
MA1589.2	33308	0.699678310356904	0.0371071322536902
MA1653.2	33308	0.854502299715709	0.0815022287701991
MA1654.2	33308	0.710949259338804	0.0352973136647322
MA1725.2	33308	0.828643419307995	0.052731911368967
MA1974.2	33308	0.760318312071844	0.0599612714110414
MA1975.2	33308	0.785280557643533	0.0412006276009551
MA1710.2	33308	0.883380112094022	0.0485382331341534
MA0528.3	33308	0.894525327991308	0.0677128245617326
MA1592.2	33308	0.795706629708402	0.0425460452803791
MA1630.3	33308	0.862074552302905	0.0801303553293519
MA1154.2	33308	0.751690195994485	0.0396658481977955
MA1593.2	33308	0.843704137487996	0.0575417679194997
MA1976.2	33308	0.75488990742366	0.0449405104971908
MA1977.2	33308	0.788446079475388	0.039634376654406
MA1726.2	33308	0.819051945401918	0.0547542478796289
MA1655.2	33308	0.847038222459319	0.0533569837556759
MA1711.2	33308	0.741889091119283	0.0445548210620266
MA1978.2	33308	0.743235095708787	0.0531452889768273
MA1125.2	33308	0.844138343083105	0.102925428392179
MA0752.2	33308	0.689073546275089	0.0460727963759392
MA1979.2	33308	0.817762468842604	0.0497605963695868
MA1727.2	33308	0.841650022883599	0.06891971865084
MA1656.2	33308	0.812108181177745	0.0513959137611334
MA1712.2	33308	0.790046942731667	0.0517472823584305
MA1981.2	33308	0.808698086674796	0.0508935837735246
MA1728.2	33308	0.858971444314489	0.0572053544856152
MA1982.2	33308	0.791642361780896	0.0453845186333786
MA1983.2	33308	0.678164902032292	0.0385790707878313
MA1713.2	33308	0.809372591282089	0.0735478775796799
MA1657.2	33308	0.797035491893301	0.0605622975624068
MA1984.2	33308	0.807567492077007	0.0428523916165792
MA1714.2	33308	0.747562228121472	0.0360562785891423
MA1729.2	33308	0.793007945687959	0.0484586615455327
MA1599.2	33308	0.787990324071382	0.0586271967275819
MA1600.2	33308	0.74777922794067	0.0409908928482029
MA1986.2	33308	0.857915602565503	0.0656175139872502
MA1987.2	33308	0.794044521951359	0.0416489675979765
MA1730.2	33308	0.830442430514534	0.0512842706249012
MA0753.3	33308	0.827244225978725	0.073808606934827
MA1716.2	33308	0.752968026706864	0.0442583875522506
MA1731.2	33308	0.87048527056404	0.0505604969488705
MA1717.2	33308	0.827435228390851	0.051389566567862
MA1719.2	33308	0.750762944607022	0.0465356073685958
MA1720.2	33308	0.772000912273057	0.0478242810548311
MA1721.2	33308	0.779551875337573	0.0703815175634399
MA1602.2	33308	0.791864393527762	0.0473169209776387
MA1722.2	33308	0.708746188493029	0.0367031139420805
