[SHORT TFBS MATRIX]
MA0004.1	82508	0.879740401780771	0.0663166890906171
MA0069.1	82508	0.793859605648186	0.0357336647746477
MA0071.1	82508	0.862159382655665	0.0482692528544266
MA0074.1	82508	0.779198766489344	0.0364902375376164
MA0101.1	82508	0.890768203050812	0.0390565582077832
MA0107.1	82508	0.848932562427607	0.0491590826985367
MA0111.1	82508	0.88579391660005	0.0298038959760681
MA0115.1	82508	0.702017732274142	0.0413678667561656
MA0116.1	82508	0.842724002053224	0.0412925431862367
MA0119.1	82508	0.766337575693377	0.0505855124617439
MA0130.1	82508	0.981103901369249	0.0271595746288184
MA0142.1	82508	0.791456212101068	0.0462709469182852
MA0149.1	82508	0.708914800741277	0.0560661298086515
MA0151.1	82508	0.953097456909114	0.0644464890556927
MA0155.1	82508	0.86783500066518	0.0404041320386705
MA0159.1	82508	0.814142809211665	0.033185965387053
MA0163.1	82508	0.811846331145098	0.0503646368604314
MA0145.2	82508	0.848230063335583	0.0380518408331323
MA0468.1	82508	0.845843539745254	0.0516139297386463
MA0515.1	82508	0.898455183699008	0.0441883611689021
MA0258.2	82508	0.819838399464613	0.0385485693397575
MA0595.1	82508	0.88113591573971	0.0447031691607601
MA0596.1	82508	0.867153761348493	0.0467721151375906
MA0599.1	82508	0.927935878016975	0.0569976401462341
MA0604.1	82508	0.856196512305876	0.0497567215424649
MA0608.1	82508	0.850683291348052	0.0478637580031509
MA0613.1	82508	0.879803644090355	0.0655839448044695
MA0614.1	82508	0.903883008097883	0.0559658319611766
MA0636.1	82508	0.800525292981553	0.0517985209614876
MA0641.1	82508	0.791940155632626	0.0456067460763226
MA0042.2	82508	0.897648082218777	0.0570948723626925
MA0033.2	82508	0.931968497795323	0.0545528235725096
MA0153.2	82508	0.775443889345036	0.0596092184826686
MA0486.2	82508	0.773353454950506	0.0502106567279011
MA0653.1	82508	0.720447201251644	0.045424686833588
MA0655.1	82508	0.81394206089016	0.0552352866893115
MA0660.1	82508	0.810249794467627	0.0672069222208835
MA0663.1	82508	0.802305706370905	0.0486808468402638
MA0665.1	82508	0.835202912907203	0.0433704595129112
MA0667.1	82508	0.823318206281238	0.0477348651468439
MA0669.1	82508	0.829675880935735	0.0470941388349745
MA0676.1	82508	0.875130696964437	0.0494604364944427
MA0678.1	82508	0.834647379402544	0.0488218107489931
MA0068.2	82508	0.866066161714982	0.0555561239620086
MA0512.2	82508	0.748350995105788	0.0426527063332005
MA0083.3	82508	0.718654589106526	0.0448134369683631
MA0009.2	82508	0.731572594613981	0.039806464255434
MA0689.1	82508	0.833104935767212	0.0411786813166807
MA0691.1	82508	0.828771219201987	0.0507408144113305
MA0696.1	82508	0.780106048452437	0.0475008076840866
MA0713.1	82508	0.828234073118636	0.0634926910812182
MA0715.1	82508	0.806998394518181	0.0702342065385401
MA0724.1	82508	0.868513880771684	0.0525330764657129
MA0728.1	82508	0.753379870188003	0.0536833035879233
MA0729.1	82508	0.729891532420074	0.0436082770697776
MA0730.1	82508	0.733587751723703	0.0403659352943985
MA0731.1	82508	0.69692035509337	0.0414473793458138
MA0472.2	82508	0.810680095295397	0.0512563456636379
MA0736.1	82508	0.794755453683959	0.0439661521229619
MA0737.1	82508	0.757187207184385	0.0397671264033415
MA0741.1	82508	0.870659607092995	0.0620148568977127
MA0088.2	82508	0.77095652077392	0.0386255194526369
MA0758.1	82508	0.717505353143261	0.0455603171347295
MA0770.1	82508	0.787178413649264	0.0488266541277304
MA0771.1	82508	0.810408532418204	0.0450125193204095
MA0773.1	82508	0.823006430942704	0.0695294408897995
MA0774.1	82508	0.8926274485539	0.0492566587455446
MA0776.1	82508	0.768415218818994	0.0415304218382772
MA0777.1	82508	0.734565782907163	0.0395043984685533
MA0105.4	82508	0.747931753262484	0.0556976197112057
MA0780.1	82508	0.789868327125219	0.0687974081788487
MA0783.1	82508	0.759677711275197	0.048775095374842
MA0787.1	82508	0.822645337430274	0.0618868048638172
MA0788.1	82508	0.817955383889308	0.0609030675436368
MA0789.1	82508	0.845342880075295	0.0652424133402048
MA0792.1	82508	0.865776299759281	0.0596089432496336
MA0794.1	82508	0.784467833915055	0.0406762939534471
MA0795.1	82508	0.78176821371336	0.0467176855377683
MA0796.1	82508	0.734717854095692	0.0511982104883012
MA0797.1	82508	0.765399066703656	0.0467558045615175
MA0511.2	82508	0.85675077138242	0.0449555278911999
MA0801.1	82508	0.893025338398274	0.0501424643174903
MA0803.1	82508	0.872954068496788	0.0554860895457147
MA0805.1	82508	0.873699228807423	0.0551930713351448
MA0806.1	82508	0.897836443958992	0.0470537329634349
MA0807.1	82508	0.90385376040092	0.0440803649293322
MA0808.1	82508	0.908484745690086	0.049653685148616
MA0813.1	82508	0.823482626606101	0.0572893376432565
MA0815.1	82508	0.815553561799235	0.0600895211718498
MA0816.1	82508	0.858523266118704	0.0490753035647945
MA0822.1	82508	0.751419301462395	0.0575898924068207
MA0823.1	82508	0.821107688288286	0.0584319797413011
MA0826.1	82508	0.817584611146675	0.0523605450882234
MA0827.1	82508	0.856242394629037	0.044428214573039
MA0838.1	82508	0.809658317051379	0.0461548579375079
MA0845.1	82508	0.851338947244888	0.0598819552326991
MA0032.2	82508	0.879463286831457	0.0564937396032166
MA0848.1	82508	0.915795636977957	0.0523719245505134
MA0849.1	82508	0.901035509338933	0.0567379421024303
MA0850.1	82508	0.942625731109446	0.0377741420872221
MA0855.1	82508	0.745180081598663	0.0427695644187359
MA0856.1	82508	0.755659134519472	0.0419270622616558
MA0857.1	82508	0.724273318669559	0.0485393590376352
MA0858.1	82508	0.728048559992304	0.0410588466187658
MA0860.1	82508	0.726367139594311	0.045872910451919
MA0525.2	82508	0.726064441316433	0.038315681429295
MA0106.3	82508	0.733072392717887	0.0365599049241566
MA0862.1	82508	0.836273706247078	0.0455474753153055
MA0863.1	82508	0.745371606823714	0.038299119855114
MA0024.3	82508	0.781460450769764	0.0439699081636913
MA0866.1	82508	0.734842073900134	0.0510672534555073
MA0870.1	82508	0.735098790400937	0.0511726716002514
MA0872.1	82508	0.810250226524269	0.0615723747094853
MA1124.1	82508	0.754673810083094	0.0611498585105162
MA1155.1	82508	0.758413265254448	0.0423810341907226
MA1127.1	82508	0.784629900195561	0.0495176319313718
MA1129.1	82508	0.797587900643528	0.0495699184444724
MA1136.1	82508	0.809970674829298	0.0477726848579864
MA1420.1	82508	0.769271933983298	0.0374195851179283
MA1421.1	82508	0.802433677651561	0.0449740311069239
MA1468.1	82508	0.87831612002972	0.0381367632950599
MA1485.1	82508	0.785848771925201	0.0437674115140021
MA1489.1	82508	0.817887356377563	0.0749484973993221
MA1493.1	82508	0.822568270372051	0.0433013827934938
MA1509.1	82508	0.818224859985822	0.0440188535810511
MA1538.1	82508	0.756411994059348	0.0419099149001167
MA1539.1	82508	0.742783487425174	0.0431436854881526
MA1555.1	82508	0.786178954113256	0.0397197379515137
MA1556.1	82508	0.781341580143055	0.0423981454598108
MA1557.1	82508	0.804445010469349	0.0433360952486225
MA1570.1	82508	0.894048077119512	0.0394979811028194
MA1571.1	82508	0.778599354993374	0.0432743303715723
MA1572.1	82508	0.785308303211047	0.0423167362065786
MA1580.1	82508	0.826669794622839	0.0569640338119423
MA1587.1	82508	0.824364187002591	0.0692833063103805
MA1588.1	82508	0.762753986829505	0.040055885971728
MA1594.1	82508	0.702818378095928	0.0309053569606774
MA1596.1	82508	0.819961544159619	0.0984827144942515
MA1597.1	82508	0.725347891252684	0.0410346604222536
MA0158.2	82508	0.905356077345447	0.0501645196899577
MA0912.2	82508	0.866534174595445	0.0580935092151474
MA0623.2	82508	0.832396322046984	0.04997005627659
MA2093.1	82508	0.920812425314135	0.0472821850645598
MA2094.1	82508	0.797240091021549	0.034936440522388
MA2095.1	82508	0.831290671702813	0.0483417042249513
MA2096.1	82508	0.860727277277328	0.0535477513916782
MA1715.1	82508	0.746281120711021	0.0414014306956889
MA2097.1	82508	0.799998800910594	0.0458139149540299
MA2098.1	82508	0.870005665579909	0.0493335483536162
MA2099.1	82508	0.911342803966274	0.0575981455725
MA1718.1	82508	0.695908302839137	0.0474556513457126
MA2100.1	82508	0.667813096457479	0.0393984706707725
MA2101.1	82508	0.804780020369913	0.0451912282579026
MA1684.1	82508	0.969676601549136	0.0483093747587771
MA2102.1	82508	0.824741054220123	0.0537864592574315
MA1931.1	82508	0.749447461652022	0.040337376895289
MA1957.1	82508	0.762857580427546	0.0389805326621603
MA1962.1	82508	0.769290526350763	0.0479068863465693
MA1972.1	82508	0.843260131201248	0.0411803865158953
MA1980.1	82508	0.798323773338327	0.0363801897658524
MA1985.1	82508	0.759393108887635	0.0455710407862096
MA2117.1	82508	0.887468161567651	0.0588064169888209
MA2118.1	82508	0.868444586833816	0.0579576271976453
MA2119.1	82508	0.918492736726666	0.0571076642461726
MA2120.1	82508	0.846316326845887	0.0366185916698133
MA2121.1	82508	0.863699184814092	0.0766690134500345
MA2122.1	82508	0.805159378181097	0.0555070011625411
MA2123.1	82508	0.86708521107579	0.0495386935385441
MA2124.1	82508	0.902243873511417	0.0838460068906497
MA2125.1	82508	0.892138118423137	0.0571434929964797
MA2126.1	82508	0.85033767272478	0.0628884997050924
MA0079.5	82508	0.892936858661363	0.0804971534864848
MA0509.3	82508	0.720884804305151	0.0450476811337138
MA0516.3	82508	0.904468737190684	0.0701064308311899
MA0607.2	82508	0.808961755980006	0.0487020431915893
MA0685.2	82508	0.907062140285476	0.0717163464310612
MA0740.2	82508	0.911072556775525	0.0675064291397683
MA0742.2	82508	0.890526920402949	0.0763833907389194
MA0798.3	82508	0.721609845025061	0.0444693013033204
MA0818.2	82508	0.826053019142943	0.0500216283155461
MA0821.2	82508	0.833282196840883	0.0530626553954795
MA0831.3	82508	0.790308823653395	0.0509100737286892
MA0878.3	82508	0.845804869750549	0.0554731626784419
MA0884.2	82508	0.806317183561051	0.0565064714560504
MA1511.2	82508	0.899572083205783	0.0722915579033962
MA1532.2	82508	0.77419524475471	0.0379487881652061
MA1547.2	82508	0.889296687895451	0.0585338705863959
MA1563.2	82508	0.939673372903932	0.0430608033188683
MA1573.2	82508	0.759825533716285	0.0504183847756259
MA1601.2	82508	0.802389363509144	0.0413023299485694
MA1633.2	82508	0.831988365752299	0.0528097322241299
MA2323.1	82508	0.720334802137549	0.0456370725020641
MA2324.1	82508	0.899452524986324	0.055174143081887
MA2325.1	82508	0.827046411591209	0.0509849408615812
MA2326.1	82508	0.951654883925715	0.0685046215622137
MA2327.1	82508	0.866439132727402	0.0653606225944338
MA2328.1	82508	0.829225031626168	0.0859448673504424
MA2329.1	82508	0.835361809543799	0.0544573024325815
MA2330.1	82508	0.821880608302386	0.0629554252197395
MA2331.1	82508	0.697092066867488	0.0343459494323197
MA2332.1	82508	0.854458745440039	0.0496260754182808
MA2333.1	82508	0.870674334607446	0.0713403780084353
MA2334.1	82508	0.766803147940266	0.0414934389845565
MA2335.1	82508	0.676871757039599	0.043602089642094
MA2336.1	82508	0.903664203886959	0.0538316414490119
MA2337.1	82508	0.95827382072814	0.0636036541722615
MA2338.1	82508	0.896752316823948	0.0555163794726383
MA2339.1	82508	0.875500828252114	0.0519179302929673
MA2340.1	82508	0.803645024710175	0.0502731554395697
MA2341.1	82508	0.920382884914113	0.0530480730118718
MA0619.2	82508	0.930702612020388	0.0678994155647536
MA0006.2	82508	0.947687417199199	0.0649068806788683
MA0854.2	82508	0.858243689242755	0.067876281416241
MA0634.2	82508	0.932836929095916	0.0613422328714421
MA0853.2	82508	0.805901053594254	0.0546021491255907
MA0690.3	82508	0.82991972493093	0.0439799691827323
MA0007.4	82508	0.754659166988081	0.0413485810593401
MA1463.2	82508	0.853289908751557	0.0708473820226031
MA0601.2	82508	0.919220876627087	0.0694890396291696
MA0602.2	82508	0.88019765240188	0.0691101079520623
MA0259.2	82508	0.942733945350396	0.0669190689147827
MA1464.2	82508	0.841873619194447	0.0560426402588223
MA0603.2	82508	0.848258242254453	0.0533831643692714
MA0874.2	82508	0.838379674138382	0.0596585449727568
MA1100.3	82508	0.909801369357435	0.0453582757095938
MA1631.2	82508	0.878820878938419	0.0553693994849585
MA1632.2	82508	0.834211318494072	0.0562816579913215
MA1988.2	82508	0.883451583273752	0.0581478685598352
MA0605.3	82508	0.78087118618952	0.055262299020205
MA0833.3	82508	0.823643891574533	0.0524728008142545
MA1466.2	82508	0.754836931133043	0.0409377291634908
MA0834.2	82508	0.770300337045353	0.054122807342752
MA0461.3	82508	0.884031586314981	0.0498354057974516
MA1467.3	82508	0.897831200811084	0.0560321709427148
MA0591.2	82508	0.802568026924652	0.042724595691284
MA0496.4	82508	0.82353359718388	0.0582083595005946
MA1101.3	82508	0.799643425938611	0.0501939385771837
MA1470.2	82508	0.731479103923954	0.0385176844252622
MA0877.4	82508	0.90864761678201	0.0526020408691499
MA0635.2	82508	0.947270466367658	0.0443312649194612
MA0875.2	82508	0.946878002368765	0.0546958794289095
MA1471.2	82508	0.892179506898113	0.0582575232996772
MA1634.2	82508	0.881869005528934	0.0596247119253761
MA0462.3	82508	0.881951754036059	0.0594061783088793
MA0489.3	82508	0.853914167521461	0.0568046726784724
MA0488.2	82508	0.847108684722604	0.049435933300304
MA0835.3	82508	0.884544771635086	0.0581050200591084
MA1989.2	82508	0.845993467193772	0.0533326374310652
MA0463.3	82508	0.777657582820242	0.0414286232398594
MA1472.3	82508	0.862874040680079	0.0535030224820672
MA1635.2	82508	0.897066577731606	0.0812040502943263
MA0817.2	82508	0.816765023583213	0.0533511139425173
MA0464.3	82508	0.848692161131991	0.0556091847459482
MA1928.2	82508	0.876489028587628	0.0604250920659188
MA0876.2	82508	0.956498002476158	0.0500972452300313
MA0465.3	82508	0.863046531460584	0.0615500735693403
MA1473.2	82508	0.8704806813217	0.0607882837347618
MA0102.5	82508	0.827249641924372	0.0512360854878188
MA0466.4	82508	0.776162658742167	0.0467953934143846
MA0836.3	82508	0.861746189461727	0.053810146517659
MA0837.3	82508	0.780756333777706	0.0469379081335348
MA1636.2	82508	0.826186944256855	0.0518394190673686
MA0819.3	82508	0.89047340782728	0.0496250910121081
MA0018.5	82508	0.858380123028926	0.0624479355370132
MA0638.2	82508	0.787700487463929	0.0413348905946689
MA0839.2	82508	0.759107169068873	0.0406386726060926
MA1474.2	82508	0.824956287053017	0.0429611888859193
MA1475.2	82508	0.832273323832621	0.0473260514472081
MA0840.2	82508	0.79524068447393	0.0536781599289063
MA0609.3	82508	0.77651976314236	0.0544272919781446
MA0467.3	82508	0.91112600869628	0.0782063888857625
MA0139.2	82508	0.81490549070307	0.045373246635114
MA1929.2	82508	0.699062412184975	0.0379847861769755
MA1930.2	82508	0.692094439953079	0.0366710594067185
MA1102.3	82508	0.876298089764233	0.0647376548638942
MA0754.3	82508	0.814465969574608	0.0554236189912835
MA0650.4	82508	0.874792157203276	0.0562164562016992
MA0901.3	82508	0.857758883255898	0.0608354100122028
MA0755.2	82508	0.818577634988601	0.0598179843138411
MA0639.2	82508	0.829341030463183	0.0560178790213176
MA0019.2	82508	0.873572563452686	0.0404965198667505
MA0879.3	82508	0.941014174022465	0.051808847759567
MA0885.3	82508	0.843749280584626	0.0538569565620525
MA0880.2	82508	0.932027109829562	0.0616124846693357
MA0881.2	82508	0.932731820746442	0.060424652819801
MA1476.3	82508	0.84618169162948	0.0546760893607062
MA0882.2	82508	0.934479883578415	0.0609081840810366
MA0883.2	82508	0.864458034167634	0.0497732790423958
MA1603.2	82508	0.851646611976677	0.0570436013200627
MA0610.2	82508	0.896253341212796	0.0600358857279832
MA1707.2	82508	0.864264545370072	0.0496807628366692
MA1478.2	82508	0.963519066728213	0.0364445606955464
MA1479.2	82508	0.831043167403088	0.0497990462301958
MA1480.2	82508	0.852570991431456	0.0478953512794365
MA1481.2	82508	0.934425548397024	0.0620573432830533
MA0611.3	82508	0.790078319338913	0.0593683756934558
MA0864.3	82508	0.787471343524828	0.0460554384509147
MA0469.4	82508	0.723670752502915	0.0398083887601233
MA0756.3	82508	0.840384088069155	0.0526754117279183
MA0470.3	82508	0.769297569259004	0.0439088686554212
MA0471.3	82508	0.886016053914718	0.0551398238599045
MA0865.3	82508	0.853222644094749	0.0532240902761593
MA0154.5	82508	0.809793697512003	0.0572158083577278
MA1604.2	82508	0.841006621850819	0.0590268024542411
MA1637.2	82508	0.840332045912029	0.0619998889555663
MA0162.5	82508	0.838273284744119	0.0636499742281283
MA0732.2	82508	0.793384537188373	0.0647950937945114
MA0733.2	82508	0.815476162493828	0.058898308973532
MA0598.4	82508	0.872942398184166	0.0491125640284466
MA0473.4	82508	0.857490535453885	0.0513109693785692
MA1483.3	82508	0.848332435456869	0.0443918454435847
MA0640.3	82508	0.873726539233351	0.0483113578410507
MA0136.4	82508	0.896258046056804	0.0487019898970749
MA0028.3	82508	0.818949740325233	0.0524736602169815
MA0800.2	82508	0.858727411238763	0.0468644913765725
MA1708.2	82508	0.889812807919832	0.0428283676524736
MA1495.2	82508	0.935640745266802	0.0526304478642276
MA1932.2	82508	0.750815525742002	0.0356337231098236
MA0779.2	82508	0.765193198379742	0.0334079664884757
MA0014.4	82508	0.849226962737333	0.0529368700236427
MA0781.2	82508	0.743412037183936	0.0364179507072974
MA0686.2	82508	0.823579363169425	0.0428178249413256
MA1933.2	82508	0.753427877084007	0.0390900761287144
MA0828.3	82508	0.78074713619059	0.0543828899033392
MA0843.2	82508	0.821812845601301	0.0567391958679791
MA0759.3	82508	0.822437314484389	0.0533062792924715
MA0076.3	82508	0.8705566885986	0.0504589291547666
MA0612.3	82508	0.915059567669355	0.0698008425832789
MA0886.2	82508	0.916676861923903	0.0664816948057819
MA0027.3	82508	0.940009222235536	0.0583567956457454
MA0642.3	82508	0.918943168000794	0.053870796475796
MA0760.2	82508	0.851742085852257	0.043388570104509
MA1934.2	82508	0.803388775182478	0.0447147057900479
MA0820.2	82508	0.960515150640752	0.0540106799172164
MA1935.2	82508	0.896178983019509	0.0365267643980324
MA1936.2	82508	0.867501285778738	0.0341961592971403
MA0480.3	82508	0.890301402757928	0.0556512935074569
MA1937.2	82508	0.831257331052727	0.0381877530250293
MA0058.4	82508	0.88266102571897	0.0588621780639678
MA1938.2	82508	0.77183400940438	0.0372185093551108
MA0048.3	82508	0.862521430523816	0.0529018923156813
MA1939.2	82508	0.755790979863778	0.0336255291105724
MA0474.4	82508	0.849669213846306	0.0464243433488555
MA0112.4	82508	0.746866435022884	0.0450436804707986
MA0592.4	82508	0.836768660570966	0.0560835490132048
MA0141.4	82508	0.815934304843245	0.0536312489767022
MA0643.2	82508	0.863747487969579	0.0494526949790763
MA0644.3	82508	0.908743156007754	0.0618713553279411
MA0098.4	82508	0.866974069828877	0.0435267274413304
MA1484.2	82508	0.862346960411487	0.0454340494135337
MA0761.3	82508	0.863991633729276	0.0479398661165405
MA0762.2	82508	0.844922215334351	0.0443689384349903
MA1940.2	82508	0.798587060474893	0.0427713157189966
MA1941.2	82508	0.789085634337886	0.0439234362710269
MA1942.2	82508	0.855075857282536	0.041452157448086
MA1943.2	82508	0.803927925957645	0.0382756142329757
MA0763.2	82508	0.857425503227244	0.0399680038248391
MA0764.4	82508	0.847151421182269	0.0488026621079338
MA0765.4	82508	0.818975611788588	0.0515866176460181
MA1944.2	82508	0.808095425020854	0.0396431983574283
MA1945.2	82508	0.797387502723609	0.0433762703888038
MA1946.2	82508	0.838599420800768	0.0358217691204402
MA1947.2	82508	0.87725205948623	0.0380854735744415
MA1948.2	82508	0.812409353054848	0.0369185152326642
MA0900.3	82508	0.912880112475732	0.0747591470325558
MA0645.2	82508	0.870719884018554	0.0478498495362151
MA0887.2	82508	0.944294270353577	0.0528032388787572
MA0888.2	82508	0.943602928394226	0.053561237101397
MA0156.4	82508	0.821191311485942	0.0496221807756738
MA0475.3	82508	0.849963141601789	0.0455684705124727
MA1949.2	82508	0.776140767320313	0.0361569086433307
MA1950.2	82508	0.842043021526346	0.0439354406405957
MA0476.2	82508	0.867028345410814	0.0584300574944235
MA1951.2	82508	0.749217925151966	0.0469213371405991
MA0099.4	82508	0.856956631078419	0.0492308501643852
MA1126.2	82508	0.808089867537803	0.0493644193049803
MA1134.2	82508	0.845926027449483	0.0524533723869505
MA1140.3	82508	0.759154149835388	0.0513608539554006
MA0490.3	82508	0.819794605689099	0.0565468419140371
MA1141.2	82508	0.849460789997821	0.0516751482939721
MA0492.2	82508	0.843837565016754	0.0480130368078456
MA0491.3	82508	0.820606985245518	0.0562800159562922
MA1135.2	82508	0.852828515798185	0.0523315136012806
MA0477.3	82508	0.83160510239556	0.0552293409122364
MA1128.2	82508	0.852688518721736	0.0507255865252039
MA1137.2	82508	0.854176888482831	0.0494328893506878
MA1142.2	82508	0.894193346477219	0.0445143894936059
MA1143.2	82508	0.849249874612861	0.0444246168311056
MA0478.2	82508	0.869144279597461	0.0517376995284526
MA1130.2	82508	0.857319421613556	0.0503356090219758
MA1131.2	82508	0.816027649110321	0.0499499016660204
MA1138.2	82508	0.849240794218101	0.0537551028010142
MA1139.2	82508	0.791449031327243	0.053361345639859
MA1144.2	82508	0.849756837104957	0.0517835273165783
MA1145.2	82508	0.812087182691389	0.0513994936591441
MA0148.5	82508	0.858784643109035	0.0594911407073102
MA0047.4	82508	0.885034726705686	0.0598285825763726
MA1683.2	82508	0.887114424180425	0.0607696555454682
MA0846.2	82508	0.879437460159215	0.0550877606239385
MA0031.2	82508	0.890641105623177	0.0575512834208668
MA0847.4	82508	0.865417015914991	0.0552584869795594
MA0041.3	82508	0.843575425012162	0.0574556783061657
MA1487.3	82508	0.853123674945725	0.0542792417162212
MA1606.2	82508	0.902673829954673	0.0635338212697794
MA0030.2	82508	0.861379256518405	0.0556865747404556
MA0479.2	82508	0.881612325086021	0.0539358914281733
MA1952.2	82508	0.857478133680211	0.0399782422566066
MA0682.3	82508	0.925724879616553	0.0699653029683888
MA0851.2	82508	0.875540827688142	0.0580927090762833
MA0852.3	82508	0.896140359891907	0.0562787825964288
MA1103.3	82508	0.888843889863188	0.0609704959548391
MA1607.2	82508	0.84109352690588	0.0582607632037965
MA1953.2	82508	0.826948330881658	0.0395021566017629
MA1954.2	82508	0.821545688035803	0.0424927611009847
MA1955.2	82508	0.815807129962696	0.0416761519992093
MA1956.2	82508	0.809789499816121	0.0408701725386082
MA0157.4	82508	0.893006550980889	0.0573922588128947
MA0481.4	82508	0.891053653752288	0.0603294758810576
MA0593.2	82508	0.890828517663055	0.0545034959384871
MA0040.2	82508	0.864276561693152	0.0557738911741665
MA0062.4	82508	0.839218933729144	0.0477453186096662
MA0035.5	82508	0.8874265315519	0.0535851880188884
MA0140.3	82508	0.805303028320983	0.0448335264941695
MA0036.4	82508	0.888103641564695	0.0594960591697864
MA0037.5	82508	0.862957601713427	0.0543678271574781
MA0482.3	82508	0.865551015580874	0.0511253803955524
MA0766.3	82508	0.903017029642302	0.0551475757015932
MA1104.3	82508	0.86417857823456	0.0551501362935207
MA0889.2	82508	0.902192931368818	0.0670796749822448
MA0890.2	82508	0.922303652891138	0.0703324955102203
MA0646.2	82508	0.828600360416877	0.0395943111306404
MA0143.5	82508	0.897300029344583	0.0547358488147036
MA0767.2	82508	0.868855999038302	0.0423313099795126
MA0038.3	82508	0.835234333167345	0.0460410801537333
MA0483.2	82508	0.878208488055596	0.0453670710232751
MA1990.2	82508	0.824548962992785	0.0454866291398393
MA0734.4	82508	0.84840204912332	0.0484776354061929
MA1491.3	82508	0.745380043942687	0.0408946005272511
MA0735.2	82508	0.717347683404926	0.0431114527621584
MA0615.2	82508	0.902164685375398	0.0527822513270772
MA0647.2	82508	0.799038460580762	0.0497269556283511
MA1105.3	82508	0.853555409122949	0.0521928172371841
MA0648.2	82508	0.935402382749622	0.0639308725727122
MA0891.2	82508	0.941323953880691	0.0562107658005895
MA0892.2	82508	0.951281624585303	0.0463907796766902
MA0893.3	82508	0.944683246980019	0.0448730817567271
MA0092.2	82508	0.911726367838971	0.035127274171891
MA0522.4	82508	0.908339714804043	0.056335918399034
MA1638.2	82508	0.922437330916674	0.0715034503329603
MA1099.3	82508	0.876858061425208	0.0608559838078767
MA0616.3	82508	0.837674033479931	0.0602492083196544
MA0894.2	82508	0.924138515151461	0.0715830646832903
MA0649.2	82508	0.848658953049666	0.052991423891489
MA0739.2	82508	0.904310237129433	0.0410667904851995
MA0738.2	82508	0.976349823852154	0.0313856050761228
MA1106.2	82508	0.878699726331408	0.0631717668837357
MA0131.3	82508	0.859282921796859	0.0595349412450541
MA0043.4	82508	0.837902292254333	0.0590731195638694
MA0895.2	82508	0.908580503464566	0.0525116870956469
MA0896.2	82508	0.844317942718127	0.0538358863024623
MA0897.2	82508	0.791295562671815	0.0505574581598981
MA0898.2	82508	0.848103265276374	0.0545133812142918
MA1991.2	82508	0.837105198208497	0.0456549237995445
MA0046.3	82508	0.791106697921248	0.0598165992883841
MA1494.2	82508	0.755416771623483	0.0409290878162753
MA0114.5	82508	0.834313941261546	0.0486945373804029
MA0484.3	82508	0.837595226094764	0.0479717109628075
MA0899.2	82508	0.890633633339427	0.0569556642454262
MA0911.2	82508	0.864348564841299	0.0464305674593295
MA1496.2	82508	0.939453697564413	0.0431096258861948
MA1497.2	82508	0.922374889345859	0.0480758857038399
MA1498.3	82508	0.958529484802138	0.0473305431739686
MA0594.3	82508	0.912912678075098	0.0409540366078825
MA0902.3	82508	0.951426504359354	0.0557512325652341
MA1566.3	82508	0.855225955526783	0.0475261544759856
MA0903.2	82508	0.953752636248542	0.050597013961191
MA1499.2	82508	0.93272737570212	0.0697871976891207
MA0904.3	82508	0.928090789862731	0.0613063517146188
MA1500.2	82508	0.935819342758253	0.045009443491288
MA1501.2	82508	0.908509796804449	0.052177855069479
MA1502.2	82508	0.927071663662877	0.0545874618370499
MA1503.2	82508	0.839394502490345	0.0529749137511668
MA0905.2	82508	0.877834220636677	0.0516918605370421
MA0651.3	82508	0.776365127674154	0.04828573498019
MA0906.2	82508	0.816220850688285	0.0485120817213778
MA0907.2	82508	0.829753473801118	0.0508381803975212
MA1504.2	82508	0.946414333735669	0.0586445707041444
MA1505.2	82508	0.945845464104587	0.0472926470302118
MA0485.3	82508	0.827397541196851	0.054232281516193
MA1506.2	82508	0.814972809979544	0.0494938631171108
MA0908.2	82508	0.862660904000797	0.0507478904468746
MA0873.2	82508	0.824306975827513	0.0476887859907321
MA1958.2	82508	0.755246251849464	0.0406561151569672
MA0909.4	82508	0.886992079493029	0.0717651737388942
MA1507.2	82508	0.943264305724593	0.0640464833732474
MA0910.3	82508	0.927284275073601	0.0545342620046611
MA0913.3	82508	0.87249146850269	0.0590654949764221
MA1508.2	82508	0.888203940983187	0.0497498083450579
MA1992.2	82508	0.867985457536996	0.0488625318711684
MA0050.4	82508	0.828408698275084	0.0529448467783813
MA0051.2	82508	0.793077661688063	0.0427211845222892
MA1418.2	82508	0.749635434295377	0.043553483146497
MA1419.2	82508	0.727683682744852	0.0427847727056268
MA0772.2	82508	0.800249685480878	0.0476643790066704
MA0652.2	82508	0.743726794750434	0.0441534531852791
MA1608.2	82508	0.880036285821921	0.0557867025788257
MA0914.2	82508	0.952260446374931	0.0439159684721731
MA0654.2	82508	0.918218259023485	0.0747499323597466
MA0656.2	82508	0.786039373284719	0.054019491573912
MA1132.2	82508	0.880991189771818	0.0465208268607861
MA1133.2	82508	0.799290639342791	0.0465985397947455
MA0493.3	82508	0.931499580909661	0.070518255241196
MA1512.2	82508	0.877268657778989	0.0572584864242409
MA0657.2	82508	0.753635139117815	0.0413509064827925
MA1513.2	82508	0.880915836888161	0.0934667192976895
MA1514.2	82508	0.798679844328675	0.0502283917692533
MA1515.2	82508	0.925408176590875	0.063095833134893
MA1516.2	82508	0.857695795199739	0.0648336844509551
MA0039.5	82508	0.906861763240924	0.0683098881419943
MA1517.2	82508	0.899553192571314	0.0563324941704939
MA1959.2	82508	0.918353004291894	0.0727302552647499
MA1107.3	82508	0.830315546581949	0.0575742170529365
MA0618.2	82508	0.907741681254765	0.0550024790217655
MA0699.2	82508	0.931500618499777	0.0611267259182399
MA0768.3	82508	0.858026665486268	0.0528549626368896
MA1518.3	82508	0.801375019392064	0.0521496625760319
MA0700.3	82508	0.904745766419187	0.0719967755503722
MA0135.2	82508	0.84075774240725	0.0628518252973501
MA0704.2	82508	0.928882187610782	0.0550607041876535
MA1519.2	82508	0.895530623595113	0.0700811648334651
MA0658.2	82508	0.869088335337678	0.0595714128404041
MA0705.2	82508	0.937223447553962	0.0590625591815676
MA0701.3	82508	0.892062008345362	0.0637181620767995
MA0702.3	82508	0.871980951611155	0.0773927361327307
MA0703.3	82508	0.838120616429078	0.0797298598317265
MA1520.2	82508	0.78129175148403	0.0379654426567411
MA0501.2	82508	0.805858636546133	0.0448503976582241
MA0841.2	82508	0.79745105309166	0.0533074896593229
MA1521.2	82508	0.785282668459605	0.0394741876104174
MA0117.3	82508	0.849972524445817	0.0433472417937737
MA0495.4	82508	0.809583690541523	0.0478778991857833
MA0659.4	82508	0.782258695649397	0.0470063296081416
MA0089.3	82508	0.792797660549918	0.0460193360939878
MA0059.2	82508	0.823793394181553	0.0467631523711962
MA0147.4	82508	0.84995360854936	0.0567473824290044
MA1522.2	82508	0.901576310661719	0.075681292537029
MA0029.2	82508	0.812912765779863	0.0503856227276639
MA0052.5	82508	0.852003031147653	0.0677291325111211
MA0497.2	82508	0.872681469968246	0.0575572980718344
MA0498.3	82508	0.98124623304627	0.0393924768127541
MA1639.2	82508	0.843015066582625	0.0561309822789005
MA1640.2	82508	0.841539177035585	0.0609249140752636
MA0775.2	82508	0.935076254056413	0.0452354355237192
MA0661.2	82508	0.906170814414347	0.0575168405228857
MA0706.2	82508	0.909822342476664	0.053034276904228
MA1960.2	82508	0.821927024394885	0.0459766378214573
MA0620.4	82508	0.808083045059899	0.0495694707003057
MA0621.2	82508	0.862699846529104	0.0858307342488598
MA0662.2	82508	0.93578689680567	0.0581114487481366
MA0622.2	82508	0.84901868101679	0.0728285728587085
MA0664.2	82508	0.862474993835532	0.0495940807059906
MA0825.2	82508	0.885995649079558	0.054692793671962
MA0707.3	82508	0.952047197005954	0.0570685159943791
MA1523.2	82508	0.921379833589017	0.0456839137515036
MA1524.3	82508	0.836830141856489	0.0467985644455106
MA0666.3	82508	0.924779456490086	0.065079532922582
MA0708.3	82508	0.927555925413418	0.0619376135107271
MA0709.2	82508	0.918158184240561	0.0699897885800056
MA1108.3	82508	0.917646145811963	0.0669521807212817
MA0100.4	82508	0.904117380373042	0.0688890215073489
MA0104.5	82508	0.830860952746596	0.0561859851871111
MA1641.2	82508	0.859304703767758	0.0560014981419413
MA0499.3	82508	0.867553032559735	0.0498540741535145
MA0500.3	82508	0.875556587524216	0.0645010692337683
MA0056.3	82508	0.870608344933408	0.0497415431537034
MA1109.2	82508	0.884549260667423	0.0482673213322062
MA1993.2	82508	0.898449098232843	0.0804477740824598
MA0668.3	82508	0.882869820422211	0.0482148801018539
MA1642.2	82508	0.900399169849618	0.0538776221951543
MA0606.3	82508	0.889373814715711	0.0524092116373844
MA0624.3	82508	0.941554398582344	0.0683205901491731
MA0152.3	82508	0.881254113874027	0.0567319063153621
MA0625.3	82508	0.973327774367366	0.0352668765633767
MA1525.3	82508	0.902967065666945	0.0514937097696717
MA0150.3	82508	0.805097696521081	0.045911801212454
MA0670.2	82508	0.891792311048626	0.0821829303324396
MA1643.2	82508	0.740062372867239	0.048108732763048
MA0161.3	82508	0.888303284218516	0.0525365586194671
MA1527.2	82508	0.771483050890503	0.0503521677205862
MA0025.3	82508	0.843188468910498	0.0625372025472119
MA0671.2	82508	0.964130681739768	0.0340420221344373
MA1528.2	82508	0.787688614567802	0.0500176259428899
MA0778.2	82508	0.795950484014821	0.060541033231731
MA0060.4	82508	0.864516283406578	0.0557874163204318
MA0502.3	82508	0.851441642772043	0.0528266254672713
MA1644.2	82508	0.882165941644802	0.0561489770292114
MA1529.2	82508	0.758626900461186	0.0475775373580827
MA1994.2	82508	0.888096482992378	0.063977954155905
MA1645.2	82508	0.866944795031374	0.0466629702766192
MA0672.2	82508	0.908219783015375	0.0442390043656908
MA2003.2	82508	0.921257768827744	0.0375436417370986
MA0063.3	82508	0.891502621874751	0.0492566038285298
MA0673.2	82508	0.931406505179015	0.0339224507370163
MA0124.3	82508	0.904603353607702	0.0469295900865348
MA0122.4	82508	0.838498402246326	0.0529737964098666
MA0674.2	82508	0.920545387297975	0.0584075221076199
MA0675.2	82508	0.951355372465287	0.0533608576623759
MA1530.2	82508	0.911463037053073	0.0524794946135208
MA0125.2	82508	0.934664197132749	0.0594159229249376
MA0710.2	82508	0.925923059270737	0.0536104952427001
MA0626.2	82508	0.8762964568578	0.0500784258546371
MA1995.2	82508	0.856164696116843	0.0513395755551769
MA1531.2	82508	0.799868765850478	0.0400499155876213
MA1996.2	82508	0.927771486367623	0.0708671379711449
MA0494.2	82508	0.834774173050924	0.038543319266317
MA1110.3	82508	0.936083072714975	0.0638659199030969
MA1146.2	82508	0.789569435483643	0.0366959666089597
MA1533.2	82508	0.811135742118465	0.0334251879791451
MA1534.2	82508	0.899522053602112	0.048123576819887
MA1535.2	82508	0.964960653382804	0.0514736622852699
MA0504.2	82508	0.838732643929957	0.0364643323809247
MA1536.2	82508	0.979955598288175	0.027232090035054
MA0164.2	82508	0.879250145192715	0.0697718965342736
MA0017.3	82508	0.85865022696657	0.0525355191825264
MA1537.2	82508	0.779533337470241	0.0403632866747004
MA1111.2	82508	0.89976908098393	0.0549534328568815
MA0677.2	82508	0.771327018841808	0.0416938461310235
MA0113.4	82508	0.759202368030045	0.0446419374333438
MA0727.2	82508	0.759975577911825	0.0446596429185489
MA1112.3	82508	0.875599118549396	0.0521025014873252
MA0160.3	82508	0.894200359721689	0.0461351118936261
MA1147.2	82508	0.802567621589133	0.0367972121659888
MA1540.3	82508	0.790838767745543	0.0509408113143472
MA0505.3	82508	0.840930528636527	0.0534963528253668
MA1541.2	82508	0.792670501881444	0.0413323898823778
MA0506.3	82508	0.783152562539746	0.0713776369970356
MA0842.3	82508	0.824179704930629	0.0438398900738143
MA1997.2	82508	0.901209815022439	0.0786594239948879
MA0679.3	82508	0.828468112022132	0.0681336117554301
MA0757.2	82508	0.792682446633584	0.0651237873054735
MA1542.2	82508	0.87132576277031	0.0451972200529576
MA1646.2	82508	0.877983479088905	0.0504053586525929
MA0711.2	82508	0.938542109913936	0.0603701772920011
MA0712.3	82508	0.915084232201375	0.0688511902704151
MA1544.2	82508	0.796329756557005	0.048971735721039
MA1545.2	82508	0.84024784848077	0.0469610483759567
MA1961.2	82508	0.887988416441445	0.0759925633893314
MA0067.3	82508	0.785298186021052	0.034083569413048
MA1546.2	82508	0.780242568196214	0.0342677268301059
MA0680.3	82508	0.797698557550167	0.0710446827972143
MA0070.2	82508	0.846527630971824	0.0486284615381358
MA1113.3	82508	0.83787173346148	0.062674300486149
MA1114.2	82508	0.802284168576401	0.0490538598473618
MA0132.3	82508	0.938522891314732	0.0649376004514959
MA0681.3	82508	0.786961554859602	0.0718911028497799
MA0714.2	82508	0.938903916970138	0.0583715193228939
MA0782.3	82508	0.821565671647159	0.0528307262803257
MA1615.2	82508	0.872509900153573	0.0618770926524358
MA1548.2	82508	0.870065727536408	0.0723793632456698
MA0784.3	82508	0.767223151943172	0.058533314924856
MA0785.2	82508	0.858968357873179	0.0600598694912282
MA0507.3	82508	0.781344991289864	0.0617180788068563
MA0627.3	82508	0.841267461382737	0.0626333658086614
MA0786.2	82508	0.854585417532899	0.0626720510626482
MA0790.2	82508	0.811677197126539	0.0673692338511753
MA0683.2	82508	0.744454473031751	0.0583739254465953
MA0791.2	82508	0.806250770466933	0.0678945250743432
MA1115.2	82508	0.902672179256623	0.0597898219919769
MA0628.2	82508	0.885075379115862	0.0791600496731223
MA1549.2	82508	0.899293448502432	0.0539824707991087
MA0793.2	82508	0.853072005335749	0.0564693383678153
MA1148.2	82508	0.784643662482456	0.033499876053589
MA1550.2	82508	0.781858087203177	0.0388826279502761
MA0066.2	82508	0.767450675698986	0.0317793802275246
MA0065.3	82508	0.848898837695255	0.0368619290281383
MA0508.4	82508	0.908314398821102	0.057868738076897
MA1998.2	82508	0.858357225700056	0.0533124490876953
MA1616.2	82508	0.814463465890244	0.0439629701931012
MA1647.3	82508	0.827587585680642	0.0448168738944217
MA1999.2	82508	0.814514048904697	0.0430387242393156
MA1723.2	82508	0.835259724133076	0.0435983679809022
MA0716.2	82508	0.935582870664219	0.0635311784458582
MA0075.4	82508	0.881389231000262	0.0728734445592103
MA1618.2	82508	0.863927626688358	0.0493573122865825
MA1619.2	82508	0.870488991887268	0.0559652835419091
MA1620.2	82508	0.890099730980776	0.0560416040128908
MA1149.2	82508	0.810120084364824	0.0371853751905925
MA1552.2	82508	0.786427312259792	0.0385368752093593
MA0859.2	82508	0.749866764397712	0.0513420953276392
MA1553.2	82508	0.776258393668006	0.0401400775347822
MA0718.2	82508	0.938631571235414	0.0625270614345235
MA0717.2	82508	0.936618884300733	0.0618125123025342
MA1116.2	82508	0.945012002671412	0.065858684280004
MA1117.2	82508	0.889443037455496	0.0482952626669023
MA0138.3	82508	0.711115969990508	0.0413289380767348
MA0600.3	82508	0.752366548537909	0.0455611455092479
MA0799.3	82508	0.740416597302111	0.0476876720408361
MA0510.3	82508	0.739997951859577	0.0464186964331847
MA1724.2	82508	0.836823950541837	0.0459896748887165
MA1554.2	82508	0.909955624052097	0.0341125261457911
MA0629.2	82508	0.87815579298159	0.0421113536163536
MA0719.2	82508	0.982789624791944	0.0235859536830426
MA0072.2	82508	0.819477945690802	0.0483107268653397
MA1150.2	82508	0.867068612644554	0.0412594878615523
MA1151.2	82508	0.877598372664491	0.0391381362919271
MA0073.2	82508	0.81584476541977	0.0450825927837444
MA0002.3	82508	0.893885038057328	0.0413680802577109
MA0684.3	82508	0.883053411366718	0.0514899589628504
MA1963.2	82508	0.866162334600122	0.0690502227736634
MA0743.3	82508	0.826562928343764	0.045914312464544
MA0744.3	82508	0.824156204725131	0.0457142330022361
MA0630.2	82508	0.940814252565443	0.062856836780874
MA0720.2	82508	0.93153964725598	0.0672131571306663
MA1118.2	82508	0.847999378200868	0.0479060435522631
MA1119.2	82508	0.806307456107904	0.046826231193139
MA0631.2	82508	0.802406802166446	0.0464304044246341
MA2001.2	82508	0.890145967656568	0.0520574715783266
MA1964.2	82508	0.926937759355269	0.0656971238103954
MA1153.2	82508	0.902709726827658	0.0629713390635115
MA1558.2	82508	0.930729450691003	0.0557979529466917
MA0745.3	82508	0.885702839680312	0.0585881245497302
MA1559.2	82508	0.881224747860148	0.0543095082656612
MA1560.2	82508	0.834382100218789	0.0559088484196824
MA0442.3	82508	0.92871347981884	0.0696857876070955
MA0869.3	82508	0.881279023823779	0.0489422125396951
MA1561.2	82508	0.803071215209336	0.0441894360816616
MA1120.2	82508	0.894047935500959	0.0586428153890615
MA1562.2	82508	0.828194723306211	0.0483085939653516
MA1152.2	82508	0.952953472098401	0.042227587573026
MA0078.3	82508	0.829964235455288	0.0492456316591089
MA0514.3	82508	0.895587124898641	0.0554883415006239
MA0867.3	82508	0.920471070721747	0.0490139118071235
MA0087.3	82508	0.872731280018073	0.049274373631923
MA0868.3	82508	0.922301111665561	0.0541918629434754
MA0077.2	82508	0.889940770068764	0.0470647858605674
MA0746.3	82508	0.8586771204885	0.0626938937571195
MA1965.2	82508	0.966455796142828	0.0676344495890005
MA0747.2	82508	0.885701843144444	0.0492685831604637
MA1564.2	82508	0.882550911784514	0.0635443927364714
MA0080.7	82508	0.803437141082516	0.0459664062448783
MA0081.3	82508	0.813620987649078	0.0446690290485534
MA0687.2	82508	0.836350128503951	0.0397841698509569
MA0829.3	82508	0.824758207805633	0.0560479631845579
MA0084.2	82508	0.947598883730451	0.0446688285865564
MA0137.4	82508	0.879217440639902	0.0500408533451647
MA0517.2	82508	0.837350371961048	0.0455458153044263
MA1623.2	82508	0.857395788482776	0.0585148440604774
MA0144.3	82508	0.899007102382438	0.0436524581056663
MA0518.2	82508	0.885106798449949	0.0465700334857442
MA1624.2	82508	0.851225897785387	0.0537648505001283
MA0519.2	82508	0.896049084745661	0.0446633209920424
MA1625.2	82508	0.847941094365012	0.0551543085083127
MA0520.2	82508	0.873181268205649	0.0490051765556023
MA0091.2	82508	0.858280392750109	0.0450511463047874
MA0108.3	82508	0.9306756116756	0.0633627036248277
MA0802.2	82508	0.855539193435773	0.0463407365732335
MA1565.2	82508	0.870258726220751	0.0478221083819848
MA0804.2	82508	0.733514406689602	0.0394593255278173
MA0688.2	82508	0.878559063109463	0.0431813980982832
MA1567.3	82508	0.859314808931003	0.0478750288841647
MA0521.3	82508	0.907800350976614	0.0731348565748818
MA1648.2	82508	0.909145914016264	0.0566194167691229
MA0832.2	82508	0.789755041604281	0.0504105175851939
MA1568.2	82508	0.853060043447862	0.0392457469576669
MA0830.3	82508	0.893745034656055	0.0562884844986303
MA0769.3	82508	0.898952359722653	0.0600320956196393
MA0523.2	82508	0.882161127364101	0.0470219302131679
MA0632.3	82508	0.864076258348363	0.0634221128758714
MA0090.4	82508	0.8463688670724	0.0514651881943854
MA1121.2	82508	0.89255960900837	0.0528160300920161
MA0809.3	82508	0.872907927709747	0.0529034553135195
MA0810.2	82508	0.892920768564939	0.0540980607264854
MA0003.5	82508	0.863448316035945	0.0617529546302124
MA0811.2	82508	0.878385715768856	0.0530400074190507
MA0812.2	82508	0.878576299466478	0.0610339245406674
MA0524.3	82508	0.875583134143631	0.0531357623857401
MA0814.3	82508	0.867889477473022	0.0611009814317796
MA1569.2	82508	0.89902278983265	0.0667605370103395
MA1966.2	82508	0.811025215970936	0.0433976692556825
MA1967.2	82508	0.749554697043575	0.0444817667738176
MA1968.2	82508	0.840209556294596	0.0443859594751214
MA1122.2	82508	0.8659121011934	0.0631579385956264
MA0692.2	82508	0.875990119719713	0.0481212081031184
MA0871.3	82508	0.834887838263034	0.0550396904207741
MA0597.3	82508	0.891575385614678	0.0559841332427929
MA1969.2	82508	0.765376363724972	0.0454370027936282
MA1574.2	82508	0.823879313865414	0.0352108133266118
MA1575.2	82508	0.764483272089759	0.0429391966118054
MA1576.2	82508	0.763560494183649	0.0369156542203254
MA1577.2	82508	0.930365649121454	0.0784455653464629
MA0861.2	82508	0.767585351354279	0.0406203436339118
MA1970.2	82508	0.858359658785783	0.0569863864718067
MA1123.3	82508	0.874088001481915	0.0494233728641225
MA0633.3	82508	0.898896402889941	0.0800581395530718
MA0721.2	82508	0.934158363376364	0.0623823413634539
MA0093.4	82508	0.813916466271491	0.0490941079752472
MA0526.5	82508	0.790417676690838	0.0523532228962854
MA0722.2	82508	0.917045722280642	0.0558621684810846
MA0723.3	82508	0.955550895463999	0.0430880488037361
MA0693.4	82508	0.90054451951718	0.0580583126447114
MA1578.2	82508	0.923347727760788	0.0702281107254163
MA0725.2	82508	0.896652463352009	0.0645894948727031
MA0726.2	82508	0.887944930679723	0.0661996081251229
MA1627.2	82508	0.858868357084846	0.0595081508664892
MA0844.2	82508	0.796684841068332	0.0431380168096326
MA0095.4	82508	0.881416812576698	0.0548489040309236
MA0748.3	82508	0.87358082917688	0.053535806879909
MA0749.2	82508	0.732481758649406	0.0402223262066445
MA1971.2	82508	0.867212328214956	0.0491725409572006
MA1649.2	82508	0.895722535061177	0.0551035522411869
MA1650.2	82508	0.84492965331446	0.0681020448181768
MA0698.2	82508	0.832277559314073	0.0466361094298206
MA1579.2	82508	0.89371984712397	0.0549799344395667
MA0527.2	82508	0.792636247630019	0.0554673367113958
MA1581.2	82508	0.869640051427614	0.0564425036817331
MA0750.3	82508	0.852105130294421	0.0542864267512153
MA0694.2	82508	0.83461637381262	0.0493924505420962
MA0695.2	82508	0.892710868813756	0.0460849696435362
MA0103.4	82508	0.94562434046469	0.065667201616113
MA2002.2	82508	0.928174945260377	0.0476171547825046
MA1651.2	82508	0.777063567738431	0.0466319005816861
MA1583.2	82508	0.864860866744666	0.0543856267321596
MA0146.3	82508	0.898944092104402	0.0633731674210028
MA1628.2	82508	0.909080419705919	0.0588506618077214
MA1629.2	82508	0.859872071240429	0.0549778960382344
MA0697.3	82508	0.901954981416497	0.0625705662274293
MA0751.2	82508	0.814046238876081	0.0444716093562309
MA1584.2	82508	0.778894855978316	0.0477496082314735
MA1709.2	82508	0.831871448516646	0.0501960715163107
MA1585.2	82508	0.832055574590537	0.0525704600210585
MA1973.2	82508	0.761016903134651	0.0450927815386922
MA1652.2	82508	0.871066085900499	0.0531112776727799
MA1589.2	82508	0.72471536036578	0.0394282363642325
MA1653.2	82508	0.862634762588666	0.0781319030106785
MA1654.2	82508	0.725911358091268	0.035518052663076
MA1725.2	82508	0.849101734062958	0.0508594897381797
MA1974.2	82508	0.800862195803259	0.0613510786989672
MA1975.2	82508	0.808781345138907	0.0381116693345129
MA1710.2	82508	0.911898010134761	0.0472159033878121
MA0528.3	82508	0.918248882164589	0.0672611380626703
MA1592.2	82508	0.815632738293556	0.0394744374795184
MA1630.3	82508	0.872066915428576	0.0732209938136466
MA1154.2	82508	0.771439679119457	0.0387479271950492
MA1593.2	82508	0.868571436380233	0.0529811121912719
MA1976.2	82508	0.768585165353757	0.0478384508520874
MA1977.2	82508	0.80899946945289	0.0379347694583123
MA1726.2	82508	0.832736952336734	0.0548974928404903
MA1655.2	82508	0.869799461285872	0.0501639176014985
MA1711.2	82508	0.756046384693006	0.0443998287519788
MA1978.2	82508	0.784135853533817	0.0499436107382121
MA1125.2	82508	0.91891876211234	0.088086103830228
MA0752.2	82508	0.719637804595782	0.0441001988769254
MA1979.2	82508	0.84793584981431	0.0484140862036486
MA1727.2	82508	0.862460341219735	0.0661847137655522
MA1656.2	82508	0.834466397684805	0.0493428664297362
MA1712.2	82508	0.800091242346839	0.0569973618262303
MA1981.2	82508	0.822616392747706	0.0536826494546271
MA1728.2	82508	0.879825771161223	0.0557853677603787
MA1982.2	82508	0.802501352539586	0.0456832847739449
MA1983.2	82508	0.699457828751575	0.0367586456153891
MA1713.2	82508	0.814584007368009	0.0763560040210186
MA1657.2	82508	0.832220860827521	0.0565161291279137
MA1984.2	82508	0.831216507174449	0.0398502941445187
MA1714.2	82508	0.767466003513457	0.0341132828884621
MA1729.2	82508	0.820644521498053	0.0443148383814512
MA1599.2	82508	0.804574527085311	0.0583575824901258
MA1600.2	82508	0.763699435335196	0.0388521315278403
MA1986.2	82508	0.885948580094292	0.0687217267810594
MA1987.2	82508	0.807403516821957	0.039745017973562
MA1730.2	82508	0.851205836023493	0.0501369453622259
MA0753.3	82508	0.835255444102604	0.0639748051445986
MA1716.2	82508	0.770690470947256	0.0381938100578297
MA1731.2	82508	0.888719653184185	0.0497162299690737
MA1717.2	82508	0.852470923776691	0.0477844547392215
MA1719.2	82508	0.768724869124073	0.0478233432302099
MA1720.2	82508	0.808144071116468	0.0454336903203912
MA1721.2	82508	0.790062259203335	0.0683529490405803
MA1602.2	82508	0.80896372142099	0.0417887180273839
MA1722.2	82508	0.727533633537729	0.0347050780876644
