[SHORT TFBS MATRIX]
MA0004.1	33312	0.857414515164015	0.0663872061946763
MA0006.1	33312	0.908435166021006	0.062477881211556
MA0019.1	33312	0.825490097895135	0.0412739021063912
MA0029.1	33312	0.762952108495758	0.0524584111907156
MA0030.1	33312	0.789374322707384	0.055583102451267
MA0031.1	33312	0.848132671138725	0.0619464000175262
MA0040.1	33312	0.8223542733299	0.0594560255494882
MA0051.1	33312	0.759838300926538	0.0444112003125316
MA0059.1	33312	0.796682941691856	0.0504750172601662
MA0066.1	33312	0.744767974587374	0.0335913698479987
MA0069.1	33312	0.772378778818992	0.0384674445080705
MA0070.1	33312	0.797197410574525	0.0501729338217618
MA0071.1	33312	0.833687597287455	0.0541399280427926
MA0072.1	33312	0.775056816126357	0.0504645160935774
MA0073.1	33312	0.800981277448948	0.052449465167814
MA0074.1	33312	0.75874812463399	0.03986151371716
MA0077.1	33312	0.85460858163672	0.048812682680456
MA0084.1	33312	0.889325576155434	0.0538434469864225
MA0091.1	33312	0.818873554813509	0.0475600653312883
MA0092.1	33312	0.88545432962238	0.0384966501738524
MA0101.1	33312	0.867191610907763	0.0440956357288259
MA0107.1	33312	0.822276384887684	0.0525487272370129
MA0108.2	33312	0.831077233944181	0.0520007893382119
MA0111.1	33312	0.866277596770009	0.031493282600556
MA0115.1	33312	0.682506236449979	0.0454318598876597
MA0116.1	33312	0.822401199832687	0.0438339074582221
MA0119.1	33312	0.735506344846587	0.0504755344108781
MA0125.1	33312	0.868815315445927	0.0588919368067512
MA0130.1	33312	0.962862582828365	0.0382121612020638
MA0135.1	33312	0.791652225596255	0.0647018309724191
MA0139.1	33312	0.774210745321922	0.0445921861230437
MA0142.1	33312	0.761994783905876	0.0514259306656884
MA0149.1	33312	0.688665482352162	0.0577976714414705
MA0138.2	33312	0.687837952513659	0.0398722736538559
MA0002.2	33312	0.857744105695603	0.0428076933440236
MA0065.2	33312	0.811067114254014	0.037083632664305
MA0151.1	33312	0.912061516516573	0.0787348340539459
MA0155.1	33312	0.85027673094429	0.0414536014460278
MA0159.1	33312	0.798080268547316	0.0345615458353287
MA0163.1	33312	0.790629627447891	0.0504759078930987
MA0164.1	33312	0.844660579592112	0.0665611631542006
MA0259.1	33312	0.882529746664659	0.0610178746927289
MA0145.2	33312	0.832365933893386	0.0408997599659636
MA0146.2	33312	0.835914800012891	0.0614015559460019
MA0468.1	33312	0.810126125540031	0.0546043652707441
MA0476.1	33312	0.826673839587555	0.0575206088687013
MA0478.1	33312	0.826264013193942	0.0537634419806154
MA0479.1	33312	0.830903227494312	0.0532707870274665
MA0483.1	33312	0.842880320087769	0.0471692663435498
MA0488.1	33312	0.799517057725455	0.0532643614744029
MA0492.1	33312	0.799746603574128	0.0521123347260711
MA0494.1	33312	0.796288136558282	0.0332346127895413
MA0497.1	33312	0.813972228702954	0.0556838074954368
MA0501.1	33312	0.751827520909766	0.0461106627252307
MA0504.1	33312	0.821581441978313	0.0380272621493807
MA0515.1	33312	0.872900965361626	0.0497411476657759
MA0517.1	33312	0.790716112338208	0.051485292739665
MA0518.1	33312	0.838175813699471	0.0479357732394574
MA0519.1	33312	0.854191377244764	0.0494018636742544
MA0520.1	33312	0.819107030157391	0.0501711218575687
MA0523.1	33312	0.825754999716601	0.0457203474453046
MA0527.1	33312	0.762043121870893	0.0528223606237951
MA0076.2	33312	0.845705149727625	0.0541233937256643
MA0258.2	33312	0.802389020060239	0.0413724375900986
MA0150.2	33312	0.750317393519518	0.0452776789928482
MA0137.3	33312	0.832728173912126	0.0535326182173124
MA0144.2	33312	0.862490650276989	0.0482082119188044
MA0140.2	33312	0.771903581377636	0.0475184372413668
MA0591.1	33312	0.765771075413276	0.0441224620079462
MA0593.1	33312	0.840716798757577	0.0605982064689613
MA0595.1	33312	0.849848061669015	0.0457427535362222
MA0596.1	33312	0.833654007434304	0.0467951039788192
MA0599.1	33312	0.922103793265945	0.0632737440761846
MA0601.1	33312	0.813100996661321	0.0805975134332183
MA0602.1	33312	0.793313560605286	0.0646455048415921
MA0603.1	33312	0.815066583112881	0.0593216389123386
MA0604.1	33312	0.837162161990903	0.0549100002057558
MA0608.1	33312	0.828690554114278	0.0542067092805008
MA0610.1	33312	0.80304103230285	0.0591502220317979
MA0613.1	33312	0.842400430650521	0.0705045836840394
MA0614.1	33312	0.868533194042076	0.0629878724319979
MA0615.1	33312	0.811327108761015	0.0443224281371284
MA0618.1	33312	0.858685652677868	0.0595432346302891
MA0619.1	33312	0.866106420620692	0.0757899723055901
MA0621.1	33312	0.781125752909846	0.0846605460893126
MA0622.1	33312	0.822713784096554	0.0723602704029197
MA0626.1	33312	0.844010155388654	0.0553345341273213
MA0628.1	33312	0.786636315244028	0.0729446432174339
MA0629.1	33312	0.800513456472569	0.0402873319209338
MA0630.1	33312	0.870991269710168	0.068829390616921
MA0631.1	33312	0.736975375160219	0.0447407339678046
MA0634.1	33312	0.844760981750875	0.0610934971403852
MA0007.3	33312	0.728088065791257	0.0440038279113843
MA0635.1	33312	0.872334256302825	0.0479039838861162
MA0636.1	33312	0.770708631730856	0.0568849894752376
MA0638.1	33312	0.757742497938061	0.0453072124331703
MA0639.1	33312	0.791602407985642	0.0559883159679622
MA0641.1	33312	0.776220706982539	0.0520807524750899
MA0027.2	33312	0.876328862507678	0.0609046947196021
MA0643.1	33312	0.825114905184915	0.0511067845312865
MA0645.1	33312	0.846166170175514	0.0528903195452764
MA0475.2	33312	0.827062725938215	0.0523409625101494
MA0042.2	33312	0.86288753308883	0.0628123746236196
MA0033.2	33312	0.896666759640624	0.0614052755893298
MA0646.1	33312	0.801657622186016	0.0424454366727904
MA0647.1	33312	0.759707648541135	0.051371195282483
MA0648.1	33312	0.839484778459747	0.0556233465800419
MA0649.1	33312	0.808038897989245	0.0556002634336162
MA0131.2	33312	0.804474948578433	0.0544216691154175
MA0046.2	33312	0.746152703650603	0.0629986819917823
MA0153.2	33312	0.736760513264473	0.0630746164681262
MA0486.2	33312	0.748011364215319	0.0534078721898149
MA0652.1	33312	0.719909456112764	0.0460375029531665
MA0653.1	33312	0.696097277008228	0.0475567385082897
MA0654.1	33312	0.855612497570983	0.0718460238059217
MA0655.1	33312	0.778797572662189	0.0599839546810948
MA0656.1	33312	0.740252003216326	0.0612694290480625
MA0657.1	33312	0.73842776797785	0.0461666578391553
MA0658.1	33312	0.818512827926355	0.0577967776161787
MA0660.1	33312	0.758357448987839	0.0624335206620037
MA0661.1	33312	0.845020220080296	0.0565927894625109
MA0662.1	33312	0.869209889665403	0.0603852546668101
MA0663.1	33312	0.771090452229401	0.0548581103293969
MA0664.1	33312	0.795326050119199	0.0555829160936655
MA0665.1	33312	0.811547189677621	0.0471833237524839
MA0667.1	33312	0.797231032827395	0.0514924617052489
MA0669.1	33312	0.800985137923749	0.0488659390143524
MA0670.1	33312	0.849086926640075	0.0640057490582037
MA0671.1	33312	0.930525871636163	0.0379534895606811
MA0048.2	33312	0.819522732609103	0.055069144352462
MA0672.1	33312	0.868135758316523	0.046861390333496
MA0673.1	33312	0.898356247697706	0.039039488020481
MA0674.1	33312	0.87644147981026	0.0610081036048952
MA0675.1	33312	0.883515607063655	0.0645270313800873
MA0676.1	33312	0.846675526286561	0.0527440421718723
MA0677.1	33312	0.74941992950701	0.0450417872256072
MA0678.1	33312	0.803348917113467	0.0506458130734773
MA0068.2	33312	0.825880526989193	0.0634152645095647
MA0683.1	33312	0.698676025104779	0.0606372456017431
MA0512.2	33312	0.728703878481167	0.0468683977153292
MA0686.1	33312	0.800689438495111	0.0468205623405987
MA0687.1	33312	0.80796152341452	0.042361020194383
MA0083.3	33312	0.691866075981265	0.0484524618716109
MA0009.2	33312	0.705708301485724	0.0427891873166949
MA0688.1	33312	0.824246361222649	0.0441570485749926
MA0689.1	33312	0.806307708622333	0.0449557040390581
MA0691.1	33312	0.797297675988337	0.05606679750487
MA0692.1	33312	0.821804051845135	0.0531006807120401
MA0694.1	33312	0.789723680262488	0.0474778002932295
MA0695.1	33312	0.816561734367852	0.0438119164174407
MA0696.1	33312	0.764147777583556	0.0481688886779823
MA0698.1	33312	0.798521774553507	0.0489051643014608
MA0699.1	33312	0.856826393070551	0.0558022019526313
MA0704.1	33312	0.864031368705271	0.0603839843301175
MA0705.1	33312	0.872945727404584	0.0597495955507078
MA0706.1	33312	0.852351279254748	0.0565870979040128
MA0709.1	33312	0.857648930745733	0.0695650240904251
MA0710.1	33312	0.859966216343863	0.0587673897935254
MA0124.2	33312	0.83868873585399	0.0504103404236394
MA0711.1	33312	0.864166255037648	0.0558437112054687
MA0132.2	33312	0.87422679005779	0.0707431732625259
MA0713.1	33312	0.786464946027549	0.0659009264276059
MA0714.1	33312	0.859960584604874	0.0547259791619916
MA0715.1	33312	0.758893559300562	0.0734362273907372
MA0716.1	33312	0.863308674191104	0.0696595961452332
MA0717.1	33312	0.871057453588982	0.063799649867627
MA0718.1	33312	0.84920612772939	0.0637526165390958
MA0719.1	33312	0.95014396128714	0.0328828352649786
MA0720.1	33312	0.864518927684303	0.0690953604619018
MA0721.1	33312	0.868072774366444	0.0657856621354019
MA0722.1	33312	0.869289100178528	0.0598819319651187
MA0724.1	33312	0.832574112614265	0.0586232843121031
MA0725.1	33312	0.848692467253854	0.0698203830433832
MA0726.1	33312	0.833258389868719	0.0705413444907663
MA0112.3	33312	0.714694130322154	0.0436776440481462
MA0141.3	33312	0.782359801670703	0.0552888581923507
MA0017.2	33312	0.810641069419318	0.0514004426893009
MA0113.3	33312	0.731246408545718	0.0464070246050787
MA0727.1	33312	0.727294283688319	0.0464637868838946
MA0728.1	33312	0.715200640225768	0.0451101903219245
MA0729.1	33312	0.698657066732022	0.0415782451005119
MA0730.1	33312	0.713668895042331	0.0418411096356791
MA0731.1	33312	0.67724387195136	0.0448298293759099
MA0472.2	33312	0.799062226371276	0.0539725488626349
MA0732.1	33312	0.772017384815843	0.0613465093064689
MA0733.1	33312	0.775275358072346	0.0506030446256686
MA0735.1	33312	0.69571738248752	0.0442238389617362
MA0736.1	33312	0.77929336167442	0.045460513814153
MA0737.1	33312	0.738226770336777	0.0412009502025406
MA0738.1	33312	0.90089618118321	0.0415229099086342
MA0739.1	33312	0.863519354677561	0.044597373026848
MA0741.1	33312	0.867565863984982	0.0679706663534404
MA0747.1	33312	0.868600217514324	0.0545783507355733
MA0749.1	33312	0.70254290802559	0.0430663118139418
MA0751.1	33312	0.796769986155955	0.0443852423401623
MA0088.2	33312	0.74904945375136	0.042599328697778
MA0752.1	33312	0.687024352760236	0.0453494914616121
MA0755.1	33312	0.773545448564411	0.0612884524780294
MA0757.1	33312	0.740434261096062	0.0672730751836177
MA0758.1	33312	0.691370731427584	0.0487944058487593
MA0760.1	33312	0.828996354558342	0.0495073857085138
MA0098.3	33312	0.843960367585504	0.0505633108887218
MA0762.1	33312	0.80652386086334	0.0487343799335317
MA0763.1	33312	0.833769887430149	0.0465806102498421
MA0767.1	33312	0.832692333669348	0.0429432313519164
MA0770.1	33312	0.761898918004011	0.0521154034924338
MA0771.1	33312	0.789197607303638	0.0481681325463543
MA0772.1	33312	0.768318074728936	0.0515011395099099
MA0773.1	33312	0.769325589319334	0.0649289358593809
MA0498.2	33312	0.934699261601019	0.0509732127174235
MA0774.1	33312	0.868741397775666	0.0551633921375626
MA0775.1	33312	0.894079674876274	0.0502511463351961
MA0776.1	33312	0.747182507135719	0.0446457017574238
MA0777.1	33312	0.71455749830237	0.041518213825176
MA0105.4	33312	0.710903533792217	0.0536548157992533
MA0778.1	33312	0.744465109331749	0.0550048949569813
MA0779.1	33312	0.746542629360918	0.034908740447045
MA0780.1	33312	0.744296582933862	0.0703077874048373
MA0781.1	33312	0.7198939681653	0.0372792823135309
MA0783.1	33312	0.72776305777741	0.0511762140294943
MA0785.1	33312	0.794936228038403	0.0629203033748989
MA0786.1	33312	0.793248084378917	0.0664953065677442
MA0787.1	33312	0.782710518178303	0.0653326966417578
MA0788.1	33312	0.776972102529759	0.0639063887015112
MA0789.1	33312	0.805905875028376	0.0692707571535322
MA0790.1	33312	0.744192672624996	0.0685560046002668
MA0791.1	33312	0.723535021093155	0.0663274075859345
MA0792.1	33312	0.828331880856834	0.0648330937082785
MA0793.1	33312	0.810219321197956	0.0616519359994765
MA0794.1	33312	0.760786435439354	0.0434618177582706
MA0600.2	33312	0.721019871017207	0.0500933040353577
MA0795.1	33312	0.761547997228477	0.052114914925579
MA0796.1	33312	0.70244109209377	0.0541705324347662
MA0797.1	33312	0.735473218818239	0.0503599448635712
MA0510.2	33312	0.714395358109754	0.0501287750781226
MA0511.2	33312	0.832516714956937	0.0484602621942445
MA0800.1	33312	0.790901694682636	0.0458648481495429
MA0801.1	33312	0.857565220922342	0.0490792269706106
MA0802.1	33312	0.806721868717568	0.0485261856810298
MA0803.1	33312	0.836125102127576	0.0532576986862393
MA0804.1	33312	0.689629873386598	0.0408710771531471
MA0805.1	33312	0.835594380731843	0.0542466448438936
MA0806.1	33312	0.864559091299799	0.0477075231530775
MA0807.1	33312	0.873996709203834	0.0452639365146582
MA0808.1	33312	0.876279988627721	0.0531741878671237
MA0810.1	33312	0.86190096211375	0.0510804628107963
MA0811.1	33312	0.847767280946692	0.0493363037226505
MA0812.1	33312	0.840463365576215	0.0561839026018418
MA0813.1	33312	0.803591845163356	0.0574169872760925
MA0524.2	33312	0.843909796993799	0.0489751337680114
MA0815.1	33312	0.795209696550354	0.0599305331456478
MA0816.1	33312	0.833267063754891	0.0524508186930313
MA0461.2	33312	0.831511204497653	0.0484356079440625
MA0464.2	33312	0.805109574795037	0.0609063717313528
MA0817.1	33312	0.773059018610618	0.0537693644671268
MA0820.1	33312	0.863772401591699	0.0493692684671964
MA0822.1	33312	0.719486327286855	0.0540401291651758
MA0823.1	33312	0.797935030009416	0.0621929755148286
MA0058.3	33312	0.823065574718722	0.0604750455983238
MA0825.1	33312	0.83397434322242	0.0572776757991499
MA0826.1	33312	0.785339973162286	0.0535786731986772
MA0827.1	33312	0.827454183760738	0.0460214823314078
MA0832.1	33312	0.740842479735746	0.0496053878040144
MA0834.1	33312	0.730162640892499	0.0593140446538066
MA0838.1	33312	0.778233697126104	0.0488177930241056
MA0839.1	33312	0.733516015556007	0.0435176217858665
MA0840.1	33312	0.760210527435064	0.0611116443570041
MA0117.2	33312	0.817974012004661	0.045478511398242
MA0841.1	33312	0.76119413907622	0.0554252518543786
MA0843.1	33312	0.781310920902728	0.0539990258291453
MA0844.1	33312	0.753033485919869	0.0435338175560218
MA0845.1	33312	0.812809630372097	0.0631363601338206
MA0032.2	33312	0.841746707580003	0.0617556026656001
MA0846.1	33312	0.836263998931152	0.0628878323634762
MA0848.1	33312	0.882335746625473	0.058810491710477
MA0849.1	33312	0.867211032544549	0.061469233129733
MA0850.1	33312	0.919268038329788	0.0438453480974522
MA0851.1	33312	0.796933959912675	0.0610778761538799
MA0853.1	33312	0.751261025556617	0.053251318255116
MA0854.1	33312	0.754555358001105	0.0560798824175102
MA0855.1	33312	0.725455856285541	0.0470019168422653
MA0856.1	33312	0.735991833603176	0.0462816591455943
MA0857.1	33312	0.689475209797416	0.0464268269597876
MA0858.1	33312	0.706823702892303	0.0435135602073161
MA0859.1	33312	0.707660601191919	0.0458529514610164
MA0860.1	33312	0.697291584291757	0.0433611362861514
MA0525.2	33312	0.702525497129244	0.0397438589152831
MA0106.3	33312	0.71186197504369	0.038803127082776
MA0861.1	33312	0.74652526880035	0.0404572133285897
MA0862.1	33312	0.814111557958941	0.0509252222312589
MA0863.1	33312	0.726222256016845	0.0409463131506543
MA0024.3	33312	0.761366506263173	0.0470245197184132
MA0866.1	33312	0.703223379293056	0.0530535189912507
MA0870.1	33312	0.704395938927153	0.0528893300103248
MA0872.1	33312	0.789367328139849	0.0614211091355396
MA0028.2	33312	0.799662787847123	0.059121636659815
MA0873.1	33312	0.791605376204962	0.0491095565457404
MA0874.1	33312	0.743997040315588	0.0530745218829576
MA0875.1	33312	0.890809550443772	0.0622356258356096
MA0876.1	33312	0.897455340987395	0.0592860681403806
MA0880.1	33312	0.881237536398156	0.0637192270435838
MA0881.1	33312	0.882021075939044	0.0612928414480333
MA0882.1	33312	0.880600243286264	0.0629296499285551
MA0883.1	33312	0.792723222809022	0.0451732429016436
MA0886.1	33312	0.834874028923185	0.0628350150671536
MA0887.1	33312	0.861267858015286	0.0525383919092424
MA0888.1	33312	0.859037935461359	0.053325013273928
MA0889.1	33312	0.827691020646869	0.0606366311854631
MA0890.1	33312	0.842908032253902	0.06442921833149
MA0891.1	33312	0.856226085721701	0.0489988598649152
MA0892.1	33312	0.876254358655145	0.0498809659543939
MA0894.1	33312	0.838872649085739	0.066174104074285
MA0895.1	33312	0.844468428631998	0.0485113909963506
MA0896.1	33312	0.767079371449125	0.0458673293440738
MA0897.1	33312	0.747916062132394	0.0493675927659165
MA0898.1	33312	0.745645197052128	0.0496553034342781
MA0899.1	33312	0.837496602412357	0.0618015563516253
MA0903.1	33312	0.881706827624333	0.0583449807653671
MA0905.1	33312	0.839185302399837	0.0554506938596949
MA0906.1	33312	0.784825548360254	0.0506272730172575
MA0907.1	33312	0.786193999903507	0.0539006320347704
MA0908.1	33312	0.82301434296774	0.0552040724372525
MA0911.1	33312	0.806483021818333	0.0481617744888297
MA0914.1	33312	0.873570028475978	0.0487783501192431
MA0852.2	33312	0.804325732656112	0.0534639909242679
MA0036.3	33312	0.831715645298934	0.0600985060233049
MA1106.1	33312	0.826304983693624	0.0589395123326222
MA0147.3	33312	0.801708212488356	0.0585137499019805
MA0100.3	33312	0.868078959907529	0.0565862857737337
MA0104.4	33312	0.780909687019157	0.0577164278714488
MA1109.1	33312	0.825589494709369	0.0501137270865201
MA0161.2	33312	0.838456316600757	0.0583717205164263
MA0060.3	33312	0.825029726982661	0.062463949102808
MA1111.1	33312	0.831350963150506	0.056680973082964
MA0014.3	33312	0.805597533243644	0.0494828039154467
MA1114.1	33312	0.758985798583546	0.0492752615303022
MA1115.1	33312	0.822204236688269	0.0670932817390066
MA1116.1	33312	0.890310727107734	0.0623308950302977
MA1117.1	33312	0.82106877246861	0.0521351497598629
MA1118.1	33312	0.79779175216712	0.0498166357659831
MA1119.1	33312	0.74570478424752	0.046238066787261
MA0442.2	33312	0.862293836653871	0.0595162903976122
MA1120.1	33312	0.839409277035034	0.0588872049165914
MA1121.1	33312	0.805726268226913	0.0518312480747993
MA1122.1	33312	0.835557312631778	0.0654585680914714
MA0750.2	33312	0.819679385773379	0.0570417803869722
MA0103.3	33312	0.867543768943537	0.0581655186091413
MA1124.1	33312	0.717754843262336	0.0569128895497546
MA1125.1	33312	0.822763747449502	0.102560111121477
MA1154.1	33312	0.741525269654974	0.038517798916483
MA1155.1	33312	0.739425913890918	0.0465287416958057
MA0099.3	33312	0.816763882352339	0.0540085615023087
MA1126.1	33312	0.752700230642285	0.0491988908875632
MA1127.1	33312	0.757321881570246	0.0591403001127246
MA1128.1	33312	0.805380270658539	0.0533961650840023
MA1129.1	33312	0.767530250069125	0.0585752404019532
MA1130.1	33312	0.811599511387131	0.0539888568297841
MA1131.1	33312	0.781358600736267	0.0579344668031815
MA1132.1	33312	0.822825520301638	0.0493371107488418
MA1133.1	33312	0.773221880237723	0.0550493159302969
MA1134.1	33312	0.796223327305019	0.055055673895069
MA1135.1	33312	0.811037693460309	0.0562541575314905
MA1136.1	33312	0.78248204671919	0.0567518884652615
MA1137.1	33312	0.803714019708329	0.0512461417267662
MA1138.1	33312	0.806644318803045	0.057976507460925
MA1139.1	33312	0.752744387721777	0.0610859324101818
MA1141.1	33312	0.796342368696778	0.0536135699392986
MA1142.1	33312	0.839623962314606	0.0499471902106111
MA1143.1	33312	0.813279719426924	0.0520090900844765
MA1144.1	33312	0.806786964338627	0.0561955633382472
MA1145.1	33312	0.759969943170869	0.0559949266618455
MA1146.1	33312	0.757780177007439	0.0374860565595162
MA1147.1	33312	0.772130769177863	0.0374204067972395
MA1148.1	33312	0.762870468519033	0.0363759905229502
MA1149.1	33312	0.789105762695516	0.0379846642403187
MA1150.1	33312	0.834078478592425	0.0456935477605171
MA1151.1	33312	0.838259559121701	0.0426891823178
MA1152.1	33312	0.880057938206458	0.056234198370016
MA1153.1	33312	0.863383752525598	0.0591642412904506
MA1418.1	33312	0.709506985513306	0.0444683668537936
MA1419.1	33312	0.705152798175293	0.0450824746650038
MA1420.1	33312	0.74951196121583	0.04055624802562
MA1421.1	33312	0.779084059654324	0.048328435150026
MA1463.1	33312	0.791061568422193	0.0736791893926764
MA1464.1	33312	0.799576979419866	0.0620013976937385
MA1466.1	33312	0.731708228755481	0.0451786407173544
MA1468.1	33312	0.85486812877078	0.0412050894014303
MA1101.2	33312	0.715655799684714	0.047205676282016
MA1470.1	33312	0.701185787951639	0.0415646929265365
MA1471.1	33312	0.827640296261502	0.0630831441244906
MA1473.1	33312	0.804811786670348	0.0589174301353076
MA1474.1	33312	0.788683670206788	0.0466063504508668
MA1475.1	33312	0.776251115648866	0.0546076911296796
MA1478.1	33312	0.8173569690169	0.0485740858632731
MA1479.1	33312	0.788375046781871	0.0508851216739832
MA1480.1	33312	0.810828467793634	0.0516288911653887
MA1481.1	33312	0.871320084276805	0.0669175481661673
MA1484.1	33312	0.844953758414436	0.0515366516613914
MA1485.1	33312	0.763386708110819	0.0458346417688825
MA1489.1	33312	0.78192167987512	0.076488051633261
MA1493.1	33312	0.799267632344896	0.0448431583592661
MA1494.1	33312	0.732677069681689	0.0446876689977531
MA1495.1	33312	0.8787660497218	0.056011356884195
MA1496.1	33312	0.902850551425229	0.0467194521748838
MA1497.1	33312	0.856624844544808	0.0487664516245482
MA1499.1	33312	0.868839258257272	0.0681899519823393
MA1500.1	33312	0.896728720327493	0.0487928683982355
MA1501.1	33312	0.843554475454561	0.0476845236115972
MA1502.1	33312	0.877450617161835	0.061019912577364
MA1503.1	33312	0.798756526356726	0.0547094283265748
MA1504.1	33312	0.894636888250024	0.0653847619343592
MA1505.1	33312	0.881555840817294	0.0532302346446404
MA1506.1	33312	0.783068156144694	0.0510080956919964
MA1507.1	33312	0.887798733695503	0.0673854953344203
MA1508.1	33312	0.836169742309777	0.0512464472684953
MA1509.1	33312	0.793770203988803	0.046562223526127
MA1512.1	33312	0.861732648743646	0.0632801610860866
MA1513.1	33312	0.8444957831609	0.101085882497814
MA1514.1	33312	0.779526253997254	0.0513245419873138
MA1515.1	33312	0.888824341747548	0.0634501055045193
MA1516.1	33312	0.836898620331999	0.0636295887709986
MA1517.1	33312	0.87608824688315	0.0598961051535098
MA1519.1	33312	0.84408014981062	0.0706436574463941
MA1520.1	33312	0.750856979733133	0.0410937739737743
MA1521.1	33312	0.756589309229523	0.0414410417817032
MA1522.1	33312	0.866995627511142	0.0784365283820661
MA1523.1	33312	0.850355854032744	0.045610200355118
MA1527.1	33312	0.738942119135167	0.0517457352514891
MA1528.1	33312	0.750036909441722	0.0511225996297485
MA1529.1	33312	0.726289067637154	0.0471049612720463
MA1530.1	33312	0.864199643972372	0.0563082180319242
MA1531.1	33312	0.771132361978651	0.0398055519351158
MA1533.1	33312	0.783194841329476	0.0345672209592916
MA1534.1	33312	0.853180938545347	0.051576775857327
MA1535.1	33312	0.908803036358933	0.0567592742185155
MA1536.1	33312	0.947991531989592	0.0356152303398028
MA1537.1	33312	0.756490979165334	0.0435240882876986
MA1538.1	33312	0.735637516575825	0.0433081407179193
MA1539.1	33312	0.721183301138919	0.0442103055086284
MA1541.1	33312	0.754793821644481	0.0431357671782718
MA1542.1	33312	0.835321571166351	0.0470192788358792
MA1544.1	33312	0.753880143560069	0.0467992047453766
MA1545.1	33312	0.789698792586591	0.0463587397316799
MA1546.1	33312	0.751812858734778	0.0369133132242893
MA1548.1	33312	0.829256895609857	0.0672015938948505
MA1549.1	33312	0.843183509070434	0.0545465739219184
MA1550.1	33312	0.757741096816225	0.0426920667032336
MA1552.1	33312	0.753062090328331	0.0405037793009278
MA1553.1	33312	0.741706099023543	0.0415128041175834
MA1554.1	33312	0.883921725184257	0.0379357910891909
MA1555.1	33312	0.761321037005898	0.0419821678025791
MA1556.1	33312	0.756556109928709	0.0440574489532497
MA1557.1	33312	0.785405912632057	0.0473077373047384
MA1558.1	33312	0.873960483446954	0.0516802167838485
MA1559.1	33312	0.835161881792444	0.0510685246540067
MA1560.1	33312	0.79748180175385	0.0594530441339872
MA1561.1	33312	0.774186684203428	0.0475855413188752
MA1562.1	33312	0.786700045728525	0.0508075585887405
MA1564.1	33312	0.860342290566687	0.0679194554273882
MA1565.1	33312	0.815057284477535	0.0442657751974302
MA1568.1	33312	0.814180319058409	0.0397344092582353
MA1569.1	33312	0.859756971843412	0.0652595321981045
MA1570.1	33312	0.866340888549449	0.0476827218608216
MA1571.1	33312	0.751448643530631	0.0470919291576794
MA1572.1	33312	0.759381026549002	0.0466154339746435
MA1574.1	33312	0.799956636567585	0.038376745052023
MA1575.1	33312	0.736027861985168	0.0417698886596743
MA1576.1	33312	0.740245931822947	0.0367441846790071
MA1577.1	33312	0.855897655255302	0.0789960231759152
MA1578.1	33312	0.865051041398909	0.0661894087521939
MA1579.1	33312	0.834049584712944	0.054553251040504
MA1580.1	33312	0.792366711323366	0.0577156418704389
MA1581.1	33312	0.818770269734062	0.0503245457784742
MA1583.1	33312	0.807932892184133	0.0551834384014734
MA1584.1	33312	0.763585526142499	0.0489847051235143
MA1585.1	33312	0.796832162215454	0.0512139218520675
MA1587.1	33312	0.772813137891205	0.0464294695049587
MA1588.1	33312	0.73567607729553	0.0435706598258816
MA1589.1	33312	0.684696122072275	0.0358611152639728
MA1592.1	33312	0.781589634660986	0.0398979656197378
MA1593.1	33312	0.803518086804518	0.0504905241699512
MA1594.1	33312	0.685146542170344	0.0324399800337961
MA1596.1	33312	0.757897461730194	0.0622061347543055
MA1597.1	33312	0.706868369429872	0.0415105799994461
MA1599.1	33312	0.75765231392946	0.053764024351293
MA1600.1	33312	0.727978891051058	0.0373532872153393
MA1602.1	33312	0.788176492129042	0.0471602469344694
MA1603.1	33312	0.772335072831934	0.0543391374302333
MA1604.1	33312	0.795797446041649	0.0556136915199965
MA1606.1	33312	0.829835492782403	0.0670776986840042
MA1607.1	33312	0.791750393597908	0.0626827599772102
MA1608.1	33312	0.827365048301	0.0574545623287653
MA1615.1	33312	0.812788194653821	0.0595714284491614
MA1616.1	33312	0.777262404506316	0.04486177819752
MA1618.1	33312	0.824081190134865	0.0532224035395971
MA1619.1	33312	0.824426418964113	0.0578315792342356
MA1620.1	33312	0.83384870743374	0.0537552245751417
MA1621.1	33312	0.830533101875128	0.0520842649512286
MA1623.1	33312	0.80239314584032	0.0619368933335651
MA1624.1	33312	0.812954676321895	0.0563561586049607
MA1625.1	33312	0.798809387054899	0.058742718798597
MA1627.1	33312	0.821743197774417	0.0635778095405605
MA1628.1	33312	0.862122292905129	0.0557473746449415
MA1629.1	33312	0.799875069502658	0.050950107298357
MA1100.2	33312	0.868848748071832	0.0493059054243186
MA0605.2	33312	0.739233913552184	0.0633796023817398
MA0462.2	33312	0.800747953025078	0.0601878154702405
MA0463.2	33312	0.747816503785303	0.0433730718434068
MA0864.2	33312	0.747816881096742	0.04293799940815
MA0469.3	33312	0.694448850276204	0.0419680604385648
MA0470.2	33312	0.740474379233951	0.0445236959401399
MA0612.2	33312	0.846721678741349	0.0667968566909872
MA0766.2	33312	0.856174341537231	0.0528567475850708
MA0038.2	33312	0.801053133622242	0.04843697431882
MA0893.2	33312	0.9006591785016	0.0516343534665824
MA1099.2	33312	0.841355300850868	0.0648827040600956
MA0616.2	33312	0.797593978913017	0.0643411468177889
MA0900.2	33312	0.846904649580934	0.0695471272525033
MA0158.2	33312	0.872501291329917	0.0567935973720938
MA0594.2	33312	0.864067838119604	0.0431759363233905
MA0902.2	33312	0.8836704366544	0.0610837211165954
MA0904.2	33312	0.86282254428462	0.0597226661594452
MA0485.2	33312	0.789122149150283	0.0560963248567551
MA0912.2	33312	0.830705792596167	0.0619934014260445
MA0910.2	33312	0.872346908124024	0.0597264607972311
MA0913.2	33312	0.827575696401453	0.0629731092052089
MA1140.2	33312	0.71954662536035	0.0593664109415438
MA0701.2	33312	0.842852796492724	0.0665077423018588
MA0702.2	33312	0.815423262543042	0.0779822972213917
MA0703.2	33312	0.766536804630909	0.0823664420121813
MA0623.2	33312	0.801110645656336	0.051505954700754
MA0842.2	33312	0.784200703166997	0.0463891702996303
MA0682.2	33312	0.854304866824371	0.0625296545310212
MA0075.3	33312	0.828395325041223	0.0754781683818632
MA0867.2	33312	0.874733240157703	0.0534386373913909
MA0868.2	33312	0.84084997884489	0.0539355429278024
MA0746.2	33312	0.847248492207796	0.0674437581009183
MA0632.2	33312	0.824661150600344	0.0656552801262745
MA0871.2	33312	0.792563252144361	0.0594899954219069
MA0753.2	33312	0.801782241585876	0.0729690318114007
MA0122.3	33312	0.788845556981324	0.0553816815457657
MA1707.1	33312	0.808901625997549	0.0518241125280371
MA1708.1	33312	0.856661337951658	0.0472594078039032
MA1709.1	33312	0.782069650547541	0.0529672400977244
MA1710.1	33312	0.873621858109877	0.0478542790439283
MA1711.1	33312	0.738607476634808	0.0446201488121619
MA1712.1	33312	0.779963613908022	0.0507881620595381
MA1713.1	33312	0.783766198697968	0.0734707452566091
MA1714.1	33312	0.743233975445139	0.0352223716909673
MA1715.1	33312	0.728776311409369	0.0428874705437199
MA1716.1	33312	0.736562841929133	0.0419289842742459
MA1717.1	33312	0.792150615723673	0.0464281444468085
MA1718.1	33312	0.66688227148552	0.0427066505605822
MA1719.1	33312	0.739291705439273	0.0446343963737517
MA1720.1	33312	0.753871468442153	0.0447325311779764
MA1721.1	33312	0.752517216745276	0.0662609461458461
MA1722.1	33312	0.704599892897222	0.0362992342823415
MA1723.1	33312	0.802103721855496	0.0493459633262515
MA1724.1	33312	0.792901756073678	0.0517257289696659
MA1631.1	33312	0.831464340981234	0.0548702267502087
MA1632.1	33312	0.785600512856793	0.0605253860207866
MA1634.1	33312	0.802435061555682	0.0604226866828186
MA1635.1	33312	0.848813735911512	0.068230532059374
MA1636.1	33312	0.76814364062381	0.0507145526392209
MA1637.1	33312	0.794867134492498	0.0574443086870724
MA1638.1	33312	0.8668778914534	0.0594223743444148
MA1639.1	33312	0.795651260780105	0.0581716442720759
MA1640.1	33312	0.76890285083459	0.0598932117194176
MA1641.1	33312	0.816409554711425	0.0572984595442847
MA1642.1	33312	0.835597983736331	0.0517075983864736
MA1643.1	33312	0.70613281318529	0.0465176388890536
MA1644.1	33312	0.824837673547531	0.0631108874872408
MA1645.1	33312	0.817133166230515	0.0475032531535856
MA1646.1	33312	0.843225345746981	0.05195914000701
MA1648.1	33312	0.863183855978607	0.0574997223130509
MA1649.1	33312	0.848218061443648	0.0554627132345957
MA1650.1	33312	0.803797371737535	0.0718509940548775
MA1651.1	33312	0.729870230407782	0.0472517115472752
MA1652.1	33312	0.817750140001279	0.051450989678994
MA1653.1	33312	0.840150858710746	0.0813532643352982
MA1654.1	33312	0.699591997957374	0.033708375379749
MA1655.1	33312	0.821175180910638	0.0512874113789615
MA1656.1	33312	0.79516670748712	0.0502360082962534
MA1657.1	33312	0.779384335237225	0.0575722315455394
MA1683.1	33312	0.830001009420647	0.064303825482469
MA1725.1	33312	0.807142669812884	0.0481095545845468
MA1726.1	33312	0.784416486011987	0.0509492091367535
MA1727.1	33312	0.782148712155581	0.0549594199566091
MA1728.1	33312	0.828737182729142	0.053778092746077
MA1729.1	33312	0.765427625279711	0.0451515959413807
MA1730.1	33312	0.783612504072286	0.0454568036810286
MA1731.1	33312	0.797536122071643	0.042536503537787
MA0833.2	33312	0.769424570787915	0.0521184063375602
MA0835.2	33312	0.800794796379922	0.058817875881772
MA0465.2	33312	0.800139765167701	0.0631321966253476
MA0102.4	33312	0.771504802528369	0.0529937132669838
MA0836.2	33312	0.785689294459736	0.0541599637682126
MA0018.4	33312	0.795424563268301	0.0653606766187476
MA1102.2	33312	0.824399765291898	0.0661589238195793
MA0471.2	33312	0.840954084972358	0.0580416775306853
MA0154.4	33312	0.77601130379925	0.0523033040736482
MA0162.4	33312	0.803387951504155	0.0706899068741123
MA0598.3	33312	0.803769834412317	0.0504561642221555
MA0473.3	33312	0.805835629906707	0.0514950131801212
MA0640.2	33312	0.819462832870152	0.0498662077280991
MA0592.3	33312	0.784741079804276	0.0543482009410965
MA0761.2	33312	0.814430354323242	0.0515606753441961
MA0477.2	33312	0.789585035533024	0.059319147533046
MA0148.4	33312	0.801810535124929	0.0618515037752119
MA0047.3	33312	0.82725789247868	0.0641653079347913
MA1103.2	33312	0.827944174179169	0.0644100649294421
MA0481.3	33312	0.833189170883386	0.064909385203597
MA0062.3	33312	0.806194096331073	0.0509193730510627
MA0035.4	33312	0.822101779594604	0.0564730208525848
MA0482.2	33312	0.812935255356086	0.0535469860646073
MA1104.2	33312	0.79268747131039	0.0571097493286481
MA1105.2	33312	0.79361153936451	0.0526043133057214
MA0043.3	33312	0.784029238899988	0.0571827679629065
MA0114.4	33312	0.787475046949988	0.0527344990645561
MA0484.2	33312	0.791827351023678	0.0519078908943528
MA0901.2	33312	0.7843755796616	0.0691278301653579
MA0490.2	33312	0.776909998449704	0.0602704245752756
MA0491.2	33312	0.779392319359332	0.0597355196886036
MA0039.4	33312	0.873532314587781	0.0720331378954386
MA1107.2	33312	0.794782303652416	0.0617348078568739
MA0700.2	33312	0.816898644787497	0.0664142480056201
MA0495.3	33312	0.752154837909549	0.0489574133261977
MA0496.3	33312	0.747017256933437	0.0506361398733839
MA0052.4	33312	0.778740670902518	0.0649771858385385
MA0620.3	33312	0.754634133747456	0.05272945614324
MA1108.2	33312	0.87176995626798	0.062480192555404
MA0499.2	33312	0.822784585426806	0.0499105848082841
MA0500.2	33312	0.819708499463208	0.0635797118520824
MA0056.2	33312	0.818635253100194	0.0497521413584502
MA0089.2	33312	0.745060398430457	0.0473222835656852
MA0025.2	33312	0.784493858709272	0.0615103010880968
MA0502.2	33312	0.802746690207925	0.0573756197387113
MA0063.2	33312	0.843933218826356	0.053266700864298
MA1112.2	33312	0.829203600523648	0.0553500558463421
MA0679.2	33312	0.736782352096404	0.070979744695813
MA0712.2	33312	0.830772560686645	0.0573113415582535
MA1113.2	33312	0.780443483871112	0.0638815281981601
MA0681.2	33312	0.723513472625523	0.0778808132278561
MA0782.2	33312	0.775335960865721	0.0525631043917492
MA0627.2	33312	0.782580485534965	0.0666555169809185
MA0508.3	33312	0.855084052460007	0.0579395578010795
MA0684.2	33312	0.830975881980878	0.0534373936600845
MA0743.2	33312	0.764251885652632	0.045960861061491
MA0744.2	33312	0.767094455610628	0.0457317560675723
MA0745.2	33312	0.812739529059191	0.0521178455241772
MA0143.4	33312	0.834800996390436	0.0567440642359785
MA0081.2	33312	0.778819254386766	0.0458994507233998
MA0829.2	33312	0.768659023214253	0.0501685518538664
MA0522.3	33312	0.864098244186272	0.0565181129833372
MA0830.2	33312	0.829420012555598	0.0547270399844496
MA0769.2	33312	0.841228075227238	0.0575414981268205
MA0090.3	33312	0.798029213989736	0.0521653969177552
MA0809.2	33312	0.817464507865149	0.052639087821523
MA0003.4	33312	0.807125811555221	0.0576989394360037
MA0814.2	33312	0.810124402042281	0.0593096975736211
MA1123.2	33312	0.82208412984379	0.0518134478074279
MA0093.3	33312	0.775184195996007	0.0527765850136433
MA0748.2	33312	0.805863107638427	0.0579300406051831
MA0528.2	33312	0.846674089755693	0.0641603453076779
MA0609.2	33312	0.727253677733064	0.059426471485948
MA1684.1	33312	0.950026522534517	0.0640101043444669
MA1928.1	33312	0.809824600003561	0.0595305172110049
MA1929.1	33312	0.681866943101165	0.0390551413299817
MA1930.1	33312	0.673743354037351	0.0371758832614022
MA1931.1	33312	0.735351528803297	0.0444517328218368
MA1932.1	33312	0.729537968582917	0.0394556631889979
MA1933.1	33312	0.739047733640322	0.0420711217524586
MA1934.1	33312	0.775349835095839	0.0437668826977626
MA1935.1	33312	0.827053502244903	0.0388040887821686
MA1936.1	33312	0.837466441500545	0.0363537256400056
MA1937.1	33312	0.796079202183301	0.0386439762503285
MA1938.1	33312	0.752643553467709	0.0389796657187762
MA1939.1	33312	0.734617744646296	0.0370614552696947
MA1940.1	33312	0.766537569416444	0.0427902900942543
MA1941.1	33312	0.760315732148875	0.0428999835097177
MA1942.1	33312	0.793821471588311	0.0418318512020729
MA1943.1	33312	0.769581880057019	0.0398891986501658
MA1944.1	33312	0.780055443834247	0.0398009862857436
MA1945.1	33312	0.771071287912372	0.044937997063284
MA1946.1	33312	0.81186044482234	0.0383072288906924
MA1947.1	33312	0.831151468469013	0.0392564429662139
MA1948.1	33312	0.783703780419334	0.0380197337462377
MA1949.1	33312	0.751693149254189	0.0390849492967104
MA1950.1	33312	0.797923323809651	0.0455775370397429
MA1951.1	33312	0.722949993298952	0.0551271258811427
MA1952.1	33312	0.812386091673798	0.0435335465066627
MA1953.1	33312	0.803282237649219	0.0429722856149075
MA1954.1	33312	0.797602580075743	0.0455072028977795
MA1955.1	33312	0.792262109576383	0.0447698275406733
MA1956.1	33312	0.782300673421961	0.0432341024889306
MA1957.1	33312	0.747762263950683	0.0427913287886428
MA1958.1	33312	0.726104361708185	0.0404463090491483
MA1959.1	33312	0.904684549512864	0.0783088964845783
MA1960.1	33312	0.790601041936771	0.0475693856513173
MA1961.1	33312	0.872351163130543	0.0815916466348895
MA1962.1	33312	0.738560727294293	0.0511680414217915
MA1963.1	33312	0.783311888230718	0.0696328929172033
MA1964.1	33312	0.874688643131084	0.0579944568229808
MA1965.1	33312	0.902192050190013	0.073320765586463
MA1966.1	33312	0.780016996542564	0.0437494961271674
MA1967.1	33312	0.72415620046808	0.0447511388291538
MA1968.1	33312	0.810042933160742	0.0459068954581263
MA1969.1	33312	0.717195502937689	0.0352750696063731
MA1970.1	33312	0.80292203907428	0.0592933180888488
MA1971.1	33312	0.80919132101924	0.0454152862914262
MA1972.1	33312	0.822884943510545	0.0435244554191821
MA1973.1	33312	0.735947407798041	0.045791533954166
MA1974.1	33312	0.738181933638947	0.0569937732406695
MA1975.1	33312	0.775620913134999	0.0393277992715968
MA1976.1	33312	0.743420321299503	0.0436737441406256
MA1977.1	33312	0.75989128845537	0.036246978203312
MA1978.1	33312	0.748963949945661	0.052254394961002
MA1979.1	33312	0.808605964450557	0.0488837805336175
MA1980.1	33312	0.778451311539045	0.0388225460913212
MA1981.1	33312	0.789150858515537	0.0533287998668152
MA1982.1	33312	0.786805896126204	0.0448996410163367
MA1983.1	33312	0.668600462534396	0.0370371909129309
MA1984.1	33312	0.805109828778257	0.0413262957713957
MA1985.1	33312	0.74426927710656	0.0456225774124956
MA1986.1	33312	0.841503964762758	0.064889491749971
MA1987.1	33312	0.785132710609494	0.0415872272616784
MA1988.1	33312	0.826080527044542	0.0597893365848328
MA1989.1	33312	0.789366501424839	0.0551835702074904
MA1990.1	33312	0.78889155197717	0.0473651725606454
MA1991.1	33312	0.809396530853241	0.0469113606631992
MA1992.1	33312	0.806749484894268	0.0483871299119558
MA1993.1	33312	0.861166570200392	0.0659146511252188
MA1994.1	33312	0.811007432027144	0.053322058363316
MA1995.1	33312	0.813981136498538	0.05239111363013
MA1996.1	33312	0.862470661107163	0.060073883975409
MA1997.1	33312	0.861572246864219	0.0672617203779725
MA1998.1	33312	0.799131728876724	0.0470996057650419
MA1999.1	33312	0.765516682114071	0.0437078232031531
MA2001.1	33312	0.821407454807267	0.0537389854389572
MA2002.1	33312	0.872035815492793	0.0483718842136283
MA2003.1	33312	0.881714879286365	0.0396521455392699
MA0037.4	33312	0.815940182531494	0.0566523525528291
MA0041.2	33312	0.78913987108957	0.0628339593234697
MA0050.3	33312	0.769482425622697	0.0548284708177054
MA0067.2	33312	0.765061245287288	0.0346510203219968
MA0078.2	33312	0.79290831516815	0.0513907885522183
MA0079.5	33312	0.886358644754518	0.0860187825170882
MA0080.6	33312	0.766786739331749	0.0479589629068739
MA0087.2	33312	0.812190279577615	0.0473173101601745
MA0095.3	33312	0.808194247249263	0.0559486236261879
MA0136.3	33312	0.845648015338874	0.0512965966410624
MA0152.2	33312	0.793811664664911	0.0551615499682593
MA0156.3	33312	0.795297593960133	0.0549004502277391
MA0157.3	33312	0.834282776570298	0.0609061346808069
MA0160.2	33312	0.849427984875355	0.0485068649344502
MA0466.3	33312	0.733064019420192	0.0469272422915215
MA0467.2	33312	0.844159240697254	0.0650987658096349
MA0474.3	33312	0.81670394848945	0.0497956245169218
MA0480.2	33312	0.843558736616823	0.0594231387669799
MA0489.2	33312	0.809878211434292	0.0602858590065914
MA0493.2	33312	0.91780283552947	0.0752914436857893
MA0505.2	33312	0.782468117911196	0.0552115748753617
MA0506.2	33312	0.760320144866114	0.0746908184290202
MA0507.2	33312	0.735623041766554	0.0646477259804824
MA0509.3	33312	0.701778521894827	0.0506898521985882
MA0514.2	33312	0.846106857335486	0.0566357318037746
MA0516.3	33312	0.896404489705089	0.0772585117710172
MA0521.2	33312	0.836994584905988	0.0629831542060367
MA0526.4	33312	0.749279652988747	0.0576512177492155
MA0606.2	33312	0.819405626637467	0.0546297936389104
MA0607.2	33312	0.778861361835376	0.0511931885867607
MA0611.2	33312	0.736992134675869	0.0580549260622541
MA0624.2	33312	0.839885789263349	0.057673409798909
MA0625.2	33312	0.916442508222204	0.0405954815246376
MA0633.2	33312	0.863339059123952	0.0698694144416539
MA0642.2	33312	0.87583299613593	0.0589864639955925
MA0644.2	33312	0.861810412907671	0.0650174112793893
MA0650.3	33312	0.818289795657866	0.0624051189142013
MA0651.2	33312	0.74487012126709	0.0501429737633582
MA0659.3	33312	0.738704867262475	0.0495801782761252
MA0666.2	33312	0.860328407721596	0.066006292881298
MA0668.2	33312	0.812740521467173	0.0477628399641484
MA0680.2	33312	0.727363524708628	0.072905880873291
MA0685.2	33312	0.900382361762339	0.0787328284036141
MA0690.2	33312	0.78974872057911	0.0457973906862751
MA0693.3	33312	0.848538253625637	0.06045382735738
MA0697.2	33312	0.810779994094671	0.0553811552266782
MA0707.2	33312	0.891774469510728	0.0634937492420417
MA0708.2	33312	0.866791891191366	0.0631576987638818
MA0723.2	33312	0.9104988512723	0.0484810048542771
MA0734.3	33312	0.804053828982283	0.0481696544887851
MA0740.2	33312	0.904222960712127	0.073856519575338
MA0742.2	33312	0.88257662132088	0.0834464008013765
MA0754.2	33312	0.771426842496257	0.0561110825548882
MA0756.2	33312	0.796154994411608	0.0529324547900565
MA0759.2	33312	0.799512257407341	0.0594663446634089
MA0764.3	33312	0.827680761657843	0.0551921399845382
MA0765.3	33312	0.800424897653821	0.0584729207982523
MA0768.2	33312	0.791837688984007	0.051902291563266
MA0784.2	33312	0.721494376721953	0.060530641963522
MA0798.3	33312	0.704318247595618	0.0491772341996699
MA0799.2	33312	0.710143553302063	0.0484723786644812
MA0818.2	33312	0.796016649094298	0.0513025535109713
MA0819.2	33312	0.841540260948642	0.0509970804405993
MA0821.2	33312	0.810324606152797	0.0554235708823566
MA0828.2	33312	0.725363473693617	0.053174867828279
MA0831.3	33312	0.759516723737401	0.0589804755197125
MA0837.2	33312	0.737210125686692	0.0465611511611062
MA0847.3	33312	0.82186546091908	0.0576633428665359
MA0865.2	33312	0.793457294520871	0.0463359060581494
MA0869.2	33312	0.83991285032651	0.0486980206748347
MA0877.3	33312	0.836139913142168	0.0542948284444109
MA0878.3	33312	0.810888543859702	0.0583231185678102
MA0879.2	33312	0.895012379268458	0.0552139267846029
MA0884.2	33312	0.771127557516222	0.0582157642821291
MA0885.2	33312	0.798766573346088	0.0564877874432138
MA0909.3	33312	0.826882204628118	0.0718114418307968
MA1110.2	33312	0.88045717846914	0.0596484865277294
MA1467.2	33312	0.843032290353561	0.0542777451473146
MA1472.2	33312	0.822033045807514	0.0546073901755989
MA1476.2	33312	0.80002558553018	0.0574868501897654
MA1483.2	33312	0.813242047854944	0.0482939116299537
MA1487.2	33312	0.806575788372614	0.0576562876062182
MA1491.2	33312	0.724828963391189	0.0418152100102521
MA1498.2	33312	0.892654442994936	0.0540466532798569
MA1511.2	33312	0.893365045017601	0.0786997894344624
MA1518.2	33312	0.72606423497234	0.0514052916449669
MA1524.2	33312	0.788186621303493	0.0456455464823184
MA1525.2	33312	0.857325269788084	0.0534372686665184
MA1532.2	33312	0.748903106561416	0.039862228703191
MA1547.2	33312	0.846666436528359	0.0618877315306535
MA1563.2	33312	0.910598107730458	0.049787465030676
MA1566.2	33312	0.807613322255565	0.0470512677888529
MA1567.2	33312	0.816655083465454	0.0467772272378015
MA1573.2	33312	0.735139279363734	0.0595903927802252
MA1601.2	33312	0.781669500731254	0.0437200669818546
MA1630.2	33312	0.854965192035634	0.0792641167192497
MA1633.2	33312	0.799506603916087	0.0581083564745465
MA1647.2	33312	0.76561009897228	0.044243915648044
MA0597.2	33312	0.836848455264229	0.0549687075418281
MA1540.2	33312	0.74499434444788	0.0563820607168643
