[SHORT TFBS MATRIX]
MA0004.1	31440	0.858770770003482	0.0668203948424318
MA0006.1	31440	0.910629432144872	0.0627659628523309
MA0019.1	31440	0.824701970045094	0.0412885194799677
MA0029.1	31440	0.760300953729142	0.053005025552893
MA0030.1	31440	0.786813111773833	0.0559580938487019
MA0031.1	31440	0.845538013128991	0.0627563294862278
MA0040.1	31440	0.81882081392444	0.0601383620640858
MA0041.1	31440	0.851869700309202	0.0601491984499634
MA0051.1	31440	0.758519847293822	0.0448946453500327
MA0057.1	31440	0.906838247887621	0.0395134628808371
MA0059.1	31440	0.797002591285142	0.0502320077851284
MA0066.1	31440	0.74374063734814	0.033451866106072
MA0067.1	31440	0.92917583232868	0.0382634970016349
MA0069.1	31440	0.77140125497899	0.0386163665777443
MA0070.1	31440	0.79510107774102	0.0505721322005718
MA0071.1	31440	0.831622782340824	0.0541829597432218
MA0072.1	31440	0.772924074603406	0.0507114434588108
MA0073.1	31440	0.7999043119009	0.0519276710130121
MA0074.1	31440	0.758282242405909	0.040058693197267
MA0077.1	31440	0.852821256102305	0.049334857235526
MA0078.1	31440	0.882710131420976	0.0539861797442336
MA0084.1	31440	0.88622268949164	0.0547371871881001
MA0087.1	31440	0.875567575364344	0.0680273047105692
MA0091.1	31440	0.818043042197594	0.0472365001959966
MA0092.1	31440	0.884668045021739	0.0383961153156797
MA0101.1	31440	0.867383902500288	0.0440543933556395
MA0107.1	31440	0.822294395016798	0.0524226585677923
MA0108.2	31440	0.828936730839003	0.0530438680589165
MA0109.1	31440	0.949552257443198	0.0242752707826237
MA0111.1	31440	0.866070077238021	0.0314321971003376
MA0115.1	31440	0.681014579895785	0.0456239714523595
MA0116.1	31440	0.82267369413152	0.0434300145867788
MA0119.1	31440	0.736118717886592	0.0499707417024719
MA0125.1	31440	0.865765215815852	0.0591890477678058
MA0130.1	31440	0.963319714125175	0.0377489093036848
MA0135.1	31440	0.787500405296994	0.0652702352747638
MA0139.1	31440	0.775932602792973	0.043815205922259
MA0142.1	31440	0.759075759476317	0.051843699921261
MA0149.1	31440	0.688592574378211	0.0569309223292464
MA0138.2	31440	0.688792040602314	0.039639223853196
MA0002.2	31440	0.857502906028438	0.0430584322040419
MA0065.2	31440	0.810788274901811	0.0369335175635506
MA0151.1	31440	0.906920996112962	0.079668733593334
MA0152.1	31440	0.906818421750537	0.051446040643116
MA0155.1	31440	0.850632194536119	0.0412278335388316
MA0159.1	31440	0.798002395662387	0.0344685855914169
MA0160.1	31440	0.897673173881457	0.0426606885709918
MA0163.1	31440	0.791355108279974	0.0501195185581733
MA0164.1	31440	0.843304024133841	0.067025908600672
MA0259.1	31440	0.884568254606758	0.0608527893819235
MA0146.2	31440	0.83875274906035	0.0609311566212061
MA0467.1	31440	0.822331020753093	0.0449501730777705
MA0468.1	31440	0.807467671034069	0.0550512062657893
MA0476.1	31440	0.825606859129559	0.0578866967435909
MA0478.1	31440	0.825713698735881	0.0538193931221458
MA0479.1	31440	0.828801224191978	0.0539334318471616
MA0480.1	31440	0.83999440245029	0.0523056197658774
MA0483.1	31440	0.842041071061342	0.047534368281008
MA0488.1	31440	0.798864203259958	0.0538223099597949
MA0489.1	31440	0.80657836382345	0.0521844438099395
MA0492.1	31440	0.799010873335496	0.0526913309968557
MA0493.1	31440	0.86621638378053	0.0518387475756505
MA0494.1	31440	0.795374208305488	0.0333267425684985
MA0497.1	31440	0.810122400897353	0.0560035383370616
MA0501.1	31440	0.751088973908686	0.0462290023780747
MA0503.1	31440	0.85634084435341	0.0421397917750482
MA0504.1	31440	0.821760671213459	0.037923731455364
MA0505.1	31440	0.785843656949991	0.0509332285107497
MA0506.1	31440	0.834451475200974	0.0713064393616654
MA0507.1	31440	0.788719617033394	0.0653093225544818
MA0513.1	31440	0.80763076561661	0.0446893049734651
MA0514.1	31440	0.880687150775934	0.0480526975012492
MA0515.1	31440	0.870854125287778	0.0502884929255254
MA0517.1	31440	0.788633574494668	0.0519826486644641
MA0518.1	31440	0.837628436047561	0.0482098821877909
MA0519.1	31440	0.853200905091419	0.0498491460008458
MA0520.1	31440	0.817704585440015	0.050791890184397
MA0521.1	31440	0.861017228347113	0.0535506337653133
MA0523.1	31440	0.823541896963584	0.0460867129091147
MA0527.1	31440	0.76516792477944	0.0532644186127685
MA0076.2	31440	0.850099688516639	0.0555748048011411
MA0258.2	31440	0.802046288498578	0.0409275730850564
MA0050.2	31440	0.754411305807175	0.0554268408924049
MA0150.2	31440	0.750370178531419	0.0452724935293036
MA0137.3	31440	0.831764041974054	0.0538804647718351
MA0144.2	31440	0.861837100489349	0.0486692669311419
MA0140.2	31440	0.770412815089879	0.0475900021678198
MA0095.2	31440	0.795679502181058	0.05674544574981
MA0591.1	31440	0.766755611682682	0.0438431049187628
MA0593.1	31440	0.837505642459607	0.0615523357854056
MA0595.1	31440	0.850076382230526	0.0458171200645901
MA0596.1	31440	0.833395862097787	0.0469648014404059
MA0597.1	31440	0.918871903117415	0.0310824931421306
MA0599.1	31440	0.923283116433625	0.0629168316526348
MA0601.1	31440	0.807817621803833	0.0818555176389463
MA0602.1	31440	0.789240291709861	0.0654023034682125
MA0603.1	31440	0.816294263875269	0.0599261356369921
MA0604.1	31440	0.838493667444116	0.0557154091392027
MA0606.1	31440	0.875466553371485	0.0479051807492322
MA0607.1	31440	0.861547373007496	0.0534527797187535
MA0608.1	31440	0.830038595322055	0.0544540120529149
MA0610.1	31440	0.800402893085482	0.0594309439593348
MA0611.1	31440	0.858415506127643	0.0686211190043253
MA0613.1	31440	0.839222599652637	0.071223972158234
MA0614.1	31440	0.865501875367708	0.0638008432211621
MA0615.1	31440	0.812944810035508	0.044525731380621
MA0618.1	31440	0.855588233595583	0.0599108395369198
MA0619.1	31440	0.862392145827525	0.0762340980222783
MA0621.1	31440	0.77582608202548	0.0852827465108032
MA0622.1	31440	0.823646208799521	0.0726116473658397
MA0624.1	31440	0.882824220289702	0.0473575875125713
MA0625.1	31440	0.865150943984869	0.0498611024460801
MA0626.1	31440	0.843636320994407	0.0555195793387598
MA0628.1	31440	0.782232518497059	0.0733656901614784
MA0629.1	31440	0.79916951730049	0.0406222810703225
MA0630.1	31440	0.867187423346291	0.0694566253626939
MA0631.1	31440	0.734708249730468	0.0449391163189175
MA0633.1	31440	0.814280047894726	0.0622709682392828
MA0634.1	31440	0.841559098237975	0.0613340215931669
MA0007.3	31440	0.728061206201593	0.0441093202408022
MA0635.1	31440	0.869926138495931	0.0484264130193958
MA0636.1	31440	0.772111767631038	0.0576204172437928
MA0637.1	31440	0.777726072797472	0.0366978364584266
MA0638.1	31440	0.759265353257207	0.0457103584339291
MA0639.1	31440	0.789509088211331	0.0564988201263575
MA0641.1	31440	0.77978757604267	0.0540448160976749
MA0136.2	31440	0.865886865048622	0.0453942390209002
MA0027.2	31440	0.873536879030759	0.0615492856695558
MA0642.1	31440	0.869022429675135	0.0472658456196434
MA0643.1	31440	0.823644206359421	0.0509098231990349
MA0644.1	31440	0.851826122022588	0.0589707895326118
MA0645.1	31440	0.849949531241168	0.0543525263574935
MA0475.2	31440	0.830050500866762	0.0539850829665654
MA0042.2	31440	0.860220709974564	0.0636765090498207
MA0033.2	31440	0.89390274359324	0.0620317943563565
MA0157.2	31440	0.833619534866312	0.0615328195097046
MA0646.1	31440	0.802542425211279	0.0422873880632355
MA0647.1	31440	0.758050010323123	0.0515864916434258
MA0648.1	31440	0.836856325428715	0.0555661452959973
MA0649.1	31440	0.810063504983574	0.0554920851095466
MA0131.2	31440	0.808683175694001	0.0548523055035673
MA0046.2	31440	0.742081002783302	0.0635471076640933
MA0153.2	31440	0.732866966246143	0.0635536008424898
MA0651.1	31440	0.798340375128621	0.0522531166413382
MA0486.2	31440	0.746667313101079	0.0537586687253479
MA0652.1	31440	0.719442204266596	0.0465630075648517
MA0653.1	31440	0.694903391501618	0.0479024339310902
MA0654.1	31440	0.85196010908307	0.072181443198205
MA0655.1	31440	0.777195098913485	0.0604253335473073
MA0656.1	31440	0.741078336502625	0.0624695370707263
MA0657.1	31440	0.739111890889768	0.0464163740985892
MA0658.1	31440	0.815832162219787	0.0579153513177606
MA0660.1	31440	0.754719363985383	0.0626576944855515
MA0661.1	31440	0.842453978353635	0.0567340351471413
MA0662.1	31440	0.866167146223223	0.0606587019121152
MA0663.1	31440	0.771519170170507	0.0555959523210825
MA0664.1	31440	0.795514837493501	0.0562003035599413
MA0665.1	31440	0.811567219699976	0.0471489169779828
MA0666.1	31440	0.868770661699772	0.059936116055653
MA0667.1	31440	0.796402782817022	0.0516636961364972
MA0668.1	31440	0.853245816955677	0.0389388777686121
MA0669.1	31440	0.799035340250775	0.0487075012188444
MA0670.1	31440	0.848190034210836	0.0636962120442089
MA0671.1	31440	0.930690137054857	0.0374515507592975
MA0048.2	31440	0.822832302747054	0.0548582033144536
MA0672.1	31440	0.867283198669133	0.0466430492444786
MA0673.1	31440	0.89779969739908	0.0389725917621126
MA0674.1	31440	0.872964051628971	0.0613424612964018
MA0675.1	31440	0.879869920650657	0.0650739783589547
MA0676.1	31440	0.844295195830447	0.0531653488718157
MA0677.1	31440	0.748371488619638	0.0451408724971421
MA0678.1	31440	0.800886868900135	0.0505402879694672
MA0068.2	31440	0.82254930742846	0.0637850014740445
MA0680.1	31440	0.730006121945817	0.0704390880073652
MA0683.1	31440	0.695061039574304	0.0608436702302298
MA0512.2	31440	0.727527311347019	0.0469252012008295
MA0685.1	31440	0.789953568580627	0.0642061731603606
MA0686.1	31440	0.803225835626505	0.047916232371677
MA0687.1	31440	0.807313858260866	0.0428871786911207
MA0083.3	31440	0.689940663672003	0.0485473085128846
MA0009.2	31440	0.70474119311728	0.042582000356653
MA0688.1	31440	0.822791549077968	0.0442574753651865
MA0689.1	31440	0.804729608859929	0.0452116414833878
MA0690.1	31440	0.802726004352498	0.0484773174345423
MA0691.1	31440	0.797460063399208	0.056201720524888
MA0145.3	31440	0.809824903330307	0.0459772674272822
MA0692.1	31440	0.822091001485721	0.05367688938855
MA0694.1	31440	0.790389643934401	0.047133351989093
MA0695.1	31440	0.817418106489745	0.0435359816525616
MA0696.1	31440	0.766513705315186	0.0476276277232511
MA0697.1	31440	0.777834155549012	0.0465877834952668
MA0698.1	31440	0.797531508643704	0.0486339753126939
MA0699.1	31440	0.854374196788463	0.0560206374949229
MA0704.1	31440	0.860611714601864	0.0608251809380118
MA0705.1	31440	0.870778621331495	0.0601456605788148
MA0706.1	31440	0.849461884406302	0.0567881738390511
MA0707.1	31440	0.867914129933279	0.0573744498162841
MA0708.1	31440	0.847852789768826	0.0663970158761535
MA0709.1	31440	0.854168951281042	0.0699834990708954
MA0710.1	31440	0.856860380849933	0.0593346076977449
MA0124.2	31440	0.837263916144162	0.0504867128289424
MA0711.1	31440	0.861708544985536	0.0555066351628888
MA0132.2	31440	0.870341473810993	0.0712609897005521
MA0713.1	31440	0.782490726943404	0.0662850061831692
MA0714.1	31440	0.857287049588957	0.0546341866792201
MA0715.1	31440	0.754054222394447	0.0739974637393348
MA0716.1	31440	0.859508173999631	0.0701800480606423
MA0717.1	31440	0.867851513250565	0.0642062617018206
MA0718.1	31440	0.845639978776824	0.0642387450793809
MA0719.1	31440	0.949160208326318	0.0331645023049957
MA0720.1	31440	0.860902335377589	0.0696556505235877
MA0721.1	31440	0.864540338203265	0.0662153527173708
MA0722.1	31440	0.866028320964716	0.0602860601724578
MA0723.1	31440	0.864808718261776	0.0587488669894546
MA0724.1	31440	0.829732329649048	0.0590242887827401
MA0725.1	31440	0.844850225956756	0.0702775931842844
MA0726.1	31440	0.829432575385368	0.071000550820447
MA0112.3	31440	0.714583073241544	0.0434273744582421
MA0141.3	31440	0.780565009033447	0.0550167450591138
MA0017.2	31440	0.809596729133143	0.0511358273736501
MA0113.3	31440	0.730384093251238	0.0468381863475932
MA0727.1	31440	0.726503071274103	0.0469027603144494
MA0728.1	31440	0.713857279082084	0.0447451239374648
MA0729.1	31440	0.697051483313689	0.0413924735321912
MA0730.1	31440	0.713035586958389	0.0417912133812421
MA0731.1	31440	0.675814058370018	0.0446968416976993
MA0472.2	31440	0.801224234216601	0.0540555336888185
MA0732.1	31440	0.773859308008704	0.0616061098143661
MA0733.1	31440	0.776252689232565	0.0506974518507478
MA0735.1	31440	0.696980022400757	0.0438523589660249
MA0736.1	31440	0.780627059715601	0.045157019787954
MA0737.1	31440	0.738729325477266	0.0407047882138827
MA0738.1	31440	0.900843913907905	0.041548092927384
MA0739.1	31440	0.863238076765397	0.0444880541335081
MA0740.1	31440	0.815472599163955	0.0612056348326157
MA0741.1	31440	0.868506823635756	0.0678355255574246
MA0742.1	31440	0.808429130435049	0.0538719236187516
MA0747.1	31440	0.869407777520739	0.0545212140525914
MA0749.1	31440	0.70253577809367	0.0430915533056376
MA0751.1	31440	0.79863484883379	0.0439023343073848
MA0088.2	31440	0.749281864781026	0.0434608902019456
MA0752.1	31440	0.684754688003696	0.0454935950479745
MA0754.1	31440	0.786098089657306	0.0636707101977949
MA0755.1	31440	0.770642537335242	0.0619304117104372
MA0756.1	31440	0.739398779772499	0.0634317608326158
MA0757.1	31440	0.735903940049529	0.0678216522878789
MA0758.1	31440	0.69041035016253	0.0489126185819806
MA0759.1	31440	0.827676204350788	0.0558857962952192
MA0760.1	31440	0.831697403269112	0.0511155915856576
MA0474.2	31440	0.84970606022678	0.0508696736665
MA0098.3	31440	0.84691404194681	0.0519538384380316
MA0762.1	31440	0.808156533028656	0.050004849162507
MA0763.1	31440	0.836488928908993	0.0484639654234117
MA0156.2	31440	0.841709962236548	0.0526417305926858
MA0767.1	31440	0.833010865460366	0.0427779346064276
MA0768.1	31440	0.75516922745264	0.0486418826344412
MA0770.1	31440	0.760346950564303	0.0524424533636569
MA0771.1	31440	0.788633066777645	0.0483596390875168
MA0772.1	31440	0.766326166148479	0.052023159637732
MA0773.1	31440	0.765326292984858	0.0652658776940632
MA0498.2	31440	0.934453258222502	0.0512490559005556
MA0774.1	31440	0.868837535552594	0.0553980558101851
MA0775.1	31440	0.893705244073982	0.0502980603704795
MA0776.1	31440	0.74632236547545	0.0447999542732591
MA0777.1	31440	0.714061741234325	0.0415835482958795
MA0105.4	31440	0.711607906093674	0.0528914715615945
MA0778.1	31440	0.745007260364276	0.0540679621080096
MA0779.1	31440	0.747554452458994	0.0348714210383338
MA0780.1	31440	0.740399491305126	0.0707108315627387
MA0781.1	31440	0.721036947279217	0.0372077426714706
MA0783.1	31440	0.727205633618042	0.0513361929985395
MA0784.1	31440	0.743596792417261	0.0633603968323425
MA0785.1	31440	0.791257572658426	0.0632871790759165
MA0786.1	31440	0.789117610332554	0.0669061372356179
MA0787.1	31440	0.778845960456157	0.0656387926598312
MA0788.1	31440	0.77276250990477	0.0646857274387902
MA0789.1	31440	0.801963827567047	0.0694930807436791
MA0790.1	31440	0.739765434881883	0.0691249125055092
MA0791.1	31440	0.71921840113466	0.0669017862231402
MA0792.1	31440	0.824712605098688	0.0650875163427829
MA0793.1	31440	0.807183846512347	0.0618176713887887
MA0794.1	31440	0.760608363495938	0.0435143973199343
MA0600.2	31440	0.721405608595828	0.0516090757839146
MA0795.1	31440	0.761332800641855	0.0520862915820197
MA0796.1	31440	0.702052624029522	0.0544132687464065
MA0797.1	31440	0.735077125620289	0.0504829224807623
MA0799.1	31440	0.768801801458804	0.0463877041982903
MA0510.2	31440	0.714903252776601	0.0514851253614251
MA0511.2	31440	0.832866053478434	0.0483328737098967
MA0800.1	31440	0.789270167413205	0.0459296049226219
MA0801.1	31440	0.856810871155241	0.049164972041517
MA0802.1	31440	0.805027318710739	0.048640973744742
MA0803.1	31440	0.835085610748103	0.0533196005134592
MA0804.1	31440	0.688132027882139	0.0408956003030607
MA0805.1	31440	0.834431106023484	0.0544827664253935
MA0806.1	31440	0.863656257432923	0.0478189480781459
MA0807.1	31440	0.873085257645029	0.0453408536053091
MA0808.1	31440	0.874663935045705	0.0533873908845427
MA0810.1	31440	0.864103981967747	0.0503887231061486
MA0811.1	31440	0.849728416623865	0.0485425172268413
MA0812.1	31440	0.843512747900746	0.0554465473281402
MA0813.1	31440	0.805997526253468	0.0565551287375465
MA0524.2	31440	0.845869548671234	0.0481556460556962
MA0815.1	31440	0.797941875352731	0.0590132397641131
MA0816.1	31440	0.835630464864431	0.0523227381405771
MA0461.2	31440	0.829725278024584	0.0482263169022626
MA0464.2	31440	0.806858599657237	0.0615658534884523
MA0817.1	31440	0.770137485089676	0.0537659898063267
MA0818.1	31440	0.800498240835342	0.0507241031345327
MA0819.1	31440	0.811912706341298	0.0467073105380654
MA0820.1	31440	0.863315396594031	0.0489348159175285
MA0821.1	31440	0.741368865439996	0.0519439828824078
MA0822.1	31440	0.721730026876129	0.0536764953382007
MA0823.1	31440	0.800230832402202	0.0623137718430075
MA0058.3	31440	0.823546221759008	0.0606537053368938
MA0825.1	31440	0.834454465178749	0.0576409026861863
MA0826.1	31440	0.782672897319808	0.053536221548849
MA0827.1	31440	0.825397024316637	0.0459581515071917
MA0828.1	31440	0.779277452100866	0.0545532796890946
MA0832.1	31440	0.740969693926048	0.049670726280234
MA0834.1	31440	0.730848612352426	0.0605608957568882
MA0466.2	31440	0.814161087943221	0.0476668681989961
MA0837.1	31440	0.822281648733428	0.0465863521171869
MA0838.1	31440	0.777409963891631	0.0488039782307657
MA0839.1	31440	0.73513772950769	0.043912641105264
MA0840.1	31440	0.760471311246052	0.0623892616786525
MA0117.2	31440	0.817329997631136	0.0455498588088285
MA0841.1	31440	0.760250322230997	0.0554894553559513
MA0843.1	31440	0.778929532499675	0.0542071605426636
MA0844.1	31440	0.753927143766833	0.0437298301641492
MA0845.1	31440	0.808837612921449	0.0635816160484992
MA0032.2	31440	0.837779926062599	0.0622534469791031
MA0846.1	31440	0.832150978804571	0.0633001328812874
MA0848.1	31440	0.879859869576814	0.0594634526950363
MA0849.1	31440	0.864727972479192	0.0622393566746576
MA0850.1	31440	0.917342793377184	0.0447282045833407
MA0851.1	31440	0.79329723642796	0.0614077562411109
MA0853.1	31440	0.748614781705921	0.0534382550751228
MA0854.1	31440	0.751572678013737	0.0562116015094626
MA0855.1	31440	0.724257649749486	0.047067951626497
MA0856.1	31440	0.734786442774617	0.0463623493126189
MA0857.1	31440	0.687547947102056	0.0463584857560576
MA0858.1	31440	0.705909271622974	0.04363741809387
MA0859.1	31440	0.705870646953526	0.0457181287361951
MA0860.1	31440	0.696451771334881	0.0433336803297583
MA0525.2	31440	0.70164310468818	0.039743928287406
MA0106.3	31440	0.711311502381793	0.0386212544828401
MA0861.1	31440	0.746067618884722	0.0402838760828425
MA0862.1	31440	0.814309433417132	0.0512664219215385
MA0863.1	31440	0.727086860355407	0.0407224481866275
MA0024.3	31440	0.763317936746058	0.0470407633393291
MA0865.1	31440	0.730802362373331	0.0481112328022879
MA0866.1	31440	0.700704247161163	0.0533079460056093
MA0869.1	31440	0.666646701537454	0.0559696921880066
MA0870.1	31440	0.702026956627686	0.0532336642125624
MA0872.1	31440	0.79217824385455	0.0604598836536803
MA0028.2	31440	0.803834282284445	0.0614609926649167
MA0873.1	31440	0.789706966690761	0.0493227367700741
MA0874.1	31440	0.741141471945876	0.0531493817587106
MA0875.1	31440	0.887430356814017	0.0629223085852661
MA0876.1	31440	0.894431608499846	0.0601663319720121
MA0879.1	31440	0.861582495481146	0.060300820120937
MA0880.1	31440	0.877848344749807	0.0641006463263375
MA0881.1	31440	0.878798304943041	0.0616627800588591
MA0882.1	31440	0.877268199766434	0.0633081338015756
MA0883.1	31440	0.790403013998985	0.0455245583636153
MA0884.1	31440	0.792950218392026	0.0535321219807956
MA0885.1	31440	0.869129549812017	0.0710865109564218
MA0886.1	31440	0.831649525350348	0.0632085785042709
MA0887.1	31440	0.858732778384323	0.0528986089467747
MA0888.1	31440	0.856429790999635	0.0536728639483961
MA0889.1	31440	0.824916953091702	0.0609037171590812
MA0890.1	31440	0.83969910681823	0.0647213033664797
MA0891.1	31440	0.853826101621945	0.0489698946099435
MA0892.1	31440	0.873454273952279	0.0503572751362893
MA0894.1	31440	0.835479532374205	0.0664917222879349
MA0895.1	31440	0.84267780260427	0.0489663235306005
MA0896.1	31440	0.764644686167421	0.0458197972545257
MA0897.1	31440	0.744938908067795	0.0493970772243115
MA0898.1	31440	0.742624630085648	0.0496773869141073
MA0899.1	31440	0.833953313558348	0.06218374707238
MA0903.1	31440	0.878470652582136	0.0589325882735466
MA0905.1	31440	0.836178830328621	0.0558762043638417
MA0906.1	31440	0.782540123338992	0.0508869883067459
MA0907.1	31440	0.783597436835099	0.0542148261296538
MA0908.1	31440	0.819859718029961	0.0557249347787062
MA0911.1	31440	0.803981004753525	0.048471225600368
MA0914.1	31440	0.871343531385224	0.0488847319783433
MA0852.2	31440	0.801968074560544	0.0539745041987587
MA0036.3	31440	0.829033697057117	0.0605857433077607
MA1106.1	31440	0.828358966933024	0.0590885414447307
MA0147.3	31440	0.803189575413318	0.058519115942737
MA0100.3	31440	0.86870014701572	0.056797930584196
MA0104.4	31440	0.782427128317532	0.057376675524223
MA1109.1	31440	0.825472450825733	0.0496959532213318
MA0161.2	31440	0.838470370279814	0.0580938057516629
MA0060.3	31440	0.825109117927362	0.0627653303648193
MA1110.1	31440	0.800603862421997	0.0520014159091658
MA1111.1	31440	0.829205540147621	0.0568394905679916
MA0014.3	31440	0.807165598790449	0.0491218277172976
MA1114.1	31440	0.759482245536496	0.0490879971939068
MA1115.1	31440	0.818375728792587	0.0675362312541692
MA1116.1	31440	0.889609144959732	0.0624845119447912
MA1117.1	31440	0.820347165895545	0.0521038801044278
MA1118.1	31440	0.796577930674702	0.050010464888113
MA1119.1	31440	0.744620188660462	0.0464702284429128
MA0442.2	31440	0.85982740167137	0.0600131825182693
MA1120.1	31440	0.837561905100136	0.059526385817103
MA1121.1	31440	0.804297594474553	0.0519058063349324
MA1122.1	31440	0.838548296495461	0.0655138969888827
MA0750.2	31440	0.824794029941262	0.0584424990960435
MA0103.3	31440	0.868348733382522	0.0577481697490561
MA1124.1	31440	0.715288598523858	0.0572021782313467
MA1125.1	31440	0.816002953304545	0.103124985986492
MA1154.1	31440	0.740605332232135	0.038485145717196
MA1155.1	31440	0.738362441195981	0.0461126470764194
MA0037.3	31440	0.871228153602469	0.0591147956139465
MA0099.3	31440	0.815720014917687	0.0544546374489777
MA1126.1	31440	0.752556257264076	0.050012628101018
MA1127.1	31440	0.757579390697738	0.0603987912093559
MA1128.1	31440	0.80446718853668	0.0537504185148516
MA1129.1	31440	0.767755992386423	0.0596282298614997
MA1130.1	31440	0.810635864143947	0.054395544915715
MA1131.1	31440	0.781566771628894	0.0590940477220763
MA1132.1	31440	0.822095788370986	0.0497232348042165
MA1133.1	31440	0.77364008088974	0.0561082054621767
MA1134.1	31440	0.795195584279013	0.0553306808502206
MA1135.1	31440	0.809866064561584	0.0566731938557066
MA1136.1	31440	0.782951964878917	0.0577717820871042
MA1137.1	31440	0.802552538206983	0.0516061637416781
MA1138.1	31440	0.805308606688142	0.058443799731959
MA1139.1	31440	0.752830816123073	0.0623629672773329
MA1141.1	31440	0.79558939534101	0.0538178093399432
MA1142.1	31440	0.838260278395357	0.0503886888065242
MA1143.1	31440	0.813419446794902	0.0529367882158304
MA1144.1	31440	0.805698969363095	0.0566107481937551
MA1145.1	31440	0.760453986180562	0.0573149776036052
MA1146.1	31440	0.757702525451902	0.0373790813663891
MA1147.1	31440	0.77208417885466	0.0371471361471321
MA1148.1	31440	0.761620372579683	0.036465331451592
MA1149.1	31440	0.789018205661191	0.0378036091270838
MA1150.1	31440	0.831962740575404	0.0458089761693624
MA1151.1	31440	0.836441300798023	0.042900544320701
MA1152.1	31440	0.8768307696967	0.0570838778469571
MA0831.2	31440	0.852720244525009	0.0564065598196641
MA0693.2	31440	0.88385535867614	0.0514159015164245
MA1153.1	31440	0.863230633884819	0.0592368081571229
MA1418.1	31440	0.708379176244677	0.0449923147378263
MA1419.1	31440	0.704550889773304	0.0455078869837188
MA1420.1	31440	0.7490935082899	0.040710979677032
MA1421.1	31440	0.777066494808065	0.0487225083500365
MA1463.1	31440	0.786937237530758	0.0740043916954169
MA1464.1	31440	0.801205368038727	0.0626996483786226
MA1466.1	31440	0.733540581958838	0.0452752019773398
MA1467.1	31440	0.830927989470076	0.0476876916757465
MA1468.1	31440	0.853552476145089	0.0408591786275525
MA1101.2	31440	0.714406612940847	0.0473815560056587
MA1470.1	31440	0.700089946709881	0.0421361602173369
MA1471.1	31440	0.823543971537682	0.0639426265130005
MA1472.1	31440	0.874058768867421	0.0448371839342849
MA1473.1	31440	0.801718385932165	0.0591587314180114
MA1474.1	31440	0.790797364940002	0.0467171353055536
MA1475.1	31440	0.77832181513167	0.0556006143427245
MA1476.1	31440	0.843136532340795	0.0770639250200206
MA1478.1	31440	0.815190622353851	0.0488209517280733
MA1479.1	31440	0.786003528280985	0.0510722476484799
MA1480.1	31440	0.8088781098099	0.0517511244357777
MA1481.1	31440	0.868077074574024	0.0671962999176918
MA1483.1	31440	0.790287939038313	0.0532890468641707
MA1484.1	31440	0.848285610083978	0.052790968675678
MA1485.1	31440	0.765681121455444	0.0457991529169244
MA1487.1	31440	0.787351767790604	0.0564357552574151
MA1489.1	31440	0.779142811704835	0.0769720739889534
MA1491.1	31440	0.777992240022254	0.043380360677165
MA1493.1	31440	0.799652793615671	0.0445881520826784
MA1494.1	31440	0.731825567739706	0.0445747371634214
MA1495.1	31440	0.876300595051594	0.056448257035892
MA1496.1	31440	0.900978461838391	0.0467107645717722
MA1497.1	31440	0.854232758580435	0.0488815868286294
MA1498.1	31440	0.882322843381677	0.0571689469479073
MA1499.1	31440	0.865350783670992	0.068391004131569
MA1500.1	31440	0.894483769192423	0.0489737300457665
MA1501.1	31440	0.841426902808528	0.0477675125060512
MA1502.1	31440	0.874713306696623	0.0615046152030786
MA1503.1	31440	0.796287041328687	0.055037219007921
MA1504.1	31440	0.891521813880363	0.0657586293668567
MA1505.1	31440	0.879047954331716	0.053669834274756
MA1506.1	31440	0.78105301094378	0.0511223617594172
MA1507.1	31440	0.88455746205587	0.067569114600657
MA1508.1	31440	0.835801448647305	0.0519451731404
MA1509.1	31440	0.793640663180484	0.046907260005951
MA1511.1	31440	0.86138917747839	0.0572999161397207
MA1512.1	31440	0.862866086632852	0.0631317653252373
MA1513.1	31440	0.847513050509545	0.101136900978752
MA1514.1	31440	0.779780601147293	0.0508112760368001
MA1515.1	31440	0.890171843812918	0.0632205631876953
MA1516.1	31440	0.839126107342395	0.0634755557256744
MA1517.1	31440	0.877509482017433	0.0596370774729282
MA1518.1	31440	0.892380801614004	0.0517261277425968
MA1519.1	31440	0.840440817995402	0.0708557840235923
MA1520.1	31440	0.751781894144529	0.0411826856786032
MA1521.1	31440	0.758480477819155	0.0414703199225277
MA1522.1	31440	0.868108703031377	0.077716858531351
MA1523.1	31440	0.850294515674567	0.0460281873790206
MA1524.1	31440	0.844999266667737	0.0485872900875768
MA1525.1	31440	0.864770919596615	0.0508546481098159
MA1527.1	31440	0.739933649513701	0.0514588986954801
MA1528.1	31440	0.751168719017597	0.0504871579112853
MA1529.1	31440	0.729504832970343	0.0469497545129932
MA1530.1	31440	0.861554190743899	0.0567055219786839
MA1531.1	31440	0.771029662914925	0.0398048664013556
MA1532.1	31440	0.801004922991126	0.0350983235119695
MA1533.1	31440	0.783419400949132	0.0344289186983995
MA1534.1	31440	0.851447835618255	0.0521281824167655
MA1535.1	31440	0.908097552797213	0.0563530837076628
MA1536.1	31440	0.947249110215087	0.0355033907201412
MA1537.1	31440	0.755681672753788	0.0435836752100766
MA1538.1	31440	0.735843816958456	0.0429840148324973
MA1539.1	31440	0.721298872727277	0.0439778065594304
MA1540.1	31440	0.849306814453726	0.0494608327030959
MA1541.1	31440	0.753420573829501	0.042759530270851
MA1542.1	31440	0.836750887930361	0.046633224627051
MA1544.1	31440	0.752476664148692	0.0469275023779231
MA1545.1	31440	0.789364096968941	0.046466866734677
MA1546.1	31440	0.751341506096439	0.0368162567001261
MA1547.1	31440	0.851169531266514	0.0644729889123635
MA1548.1	31440	0.830746891686637	0.0666408311925805
MA1549.1	31440	0.840742330129218	0.0548889394860997
MA1550.1	31440	0.756592213566123	0.0427976366254235
MA1552.1	31440	0.753071319033602	0.040426333482137
MA1553.1	31440	0.741217159493577	0.0415644106442362
MA1554.1	31440	0.885009272705416	0.0377382863079888
MA1555.1	31440	0.761207499858158	0.0418518494126231
MA1556.1	31440	0.756785711670599	0.0437938090882965
MA1557.1	31440	0.785875496197488	0.0469914185751028
MA1558.1	31440	0.873978495104821	0.0513917541166121
MA1559.1	31440	0.834968833736422	0.0507171484745474
MA1560.1	31440	0.799754527737398	0.0596846669348967
MA1561.1	31440	0.772761757667689	0.0476088065256339
MA1562.1	31440	0.785186859991244	0.0512336584846669
MA1563.1	31440	0.92166172368111	0.0328828835167136
MA1564.1	31440	0.861671942894295	0.0679493350734852
MA1565.1	31440	0.814541133367894	0.0443151722092185
MA1566.1	31440	0.881746604649653	0.0390565241343618
MA1567.1	31440	0.85498879543184	0.0432438040845003
MA1568.1	31440	0.813346693478488	0.0393603011547019
MA1569.1	31440	0.863329213156871	0.064250330098681
MA1570.1	31440	0.864754318001554	0.0474096860170772
MA1571.1	31440	0.751676806886668	0.0468585112814015
MA1572.1	31440	0.759447467801643	0.0464791816320047
MA1573.1	31440	0.713756229651203	0.0579169487650893
MA1574.1	31440	0.799406796902169	0.0384882801150678
MA1575.1	31440	0.736690801349247	0.0414139007746821
MA1576.1	31440	0.73991656673232	0.0366312849953788
MA1577.1	31440	0.851572391546798	0.0793498537555921
MA1578.1	31440	0.864752829859504	0.0656487063627686
MA1579.1	31440	0.833386989174202	0.0546332938004636
MA1580.1	31440	0.790047758681867	0.0579425374200331
MA1581.1	31440	0.820301824518624	0.0498887722145674
MA1583.1	31440	0.811897804357854	0.0555626509792401
MA1584.1	31440	0.765872790403425	0.0485016079774898
MA1585.1	31440	0.796293723134238	0.0512190506842591
MA1587.1	31440	0.773467149737851	0.0458394114144429
MA1588.1	31440	0.733902001867647	0.0435930723577113
MA1589.1	31440	0.685079766349662	0.0356880202563645
MA1592.1	31440	0.780970927674221	0.0400137568473515
MA1593.1	31440	0.803319525521793	0.0507143971853801
MA1594.1	31440	0.684321679224013	0.0326809611368859
MA1596.1	31440	0.759791335455837	0.0604214868640342
MA1597.1	31440	0.706909728928949	0.0414811475546604
MA1599.1	31440	0.759207101144037	0.0532935057001383
MA1600.1	31440	0.728041885622834	0.0370323054004677
MA1601.1	31440	0.837089814972852	0.0548726169372618
MA1602.1	31440	0.788693445345088	0.0466591348618829
MA1603.1	31440	0.769400898802022	0.0547833687400506
MA1604.1	31440	0.796034934624717	0.0547862295277005
MA1606.1	31440	0.826355588722123	0.0678049335938797
MA1607.1	31440	0.787903882889545	0.0632757483963049
MA1608.1	31440	0.825099211198321	0.0577570089427467
MA1615.1	31440	0.81460457454118	0.0587003002294476
MA1616.1	31440	0.776729814091963	0.0447565547673256
MA1618.1	31440	0.8227356126331	0.0530369581152745
MA1619.1	31440	0.825936798893426	0.0573745475150449
MA1620.1	31440	0.833076375487974	0.0533290064315039
MA1621.1	31440	0.829860736609925	0.0515837780462369
MA1622.1	31440	0.79761532356447	0.0604005826292914
MA1623.1	31440	0.799200465781126	0.0625711129431644
MA1624.1	31440	0.811903588515441	0.0567416363124213
MA1625.1	31440	0.797603863432744	0.0592607983651514
MA1627.1	31440	0.822744016757138	0.0630126153083417
MA1628.1	31440	0.865288185829874	0.0545405649003516
MA1629.1	31440	0.802133208414981	0.0501769714189235
MA1630.1	31440	0.811966933926854	0.0661458686054353
MA1100.2	31440	0.870954992949823	0.0490215097726032
MA0605.2	31440	0.740306174345788	0.0647399407698968
MA0877.2	31440	0.889429293638349	0.0458232977137733
MA0462.2	31440	0.799315188809028	0.0607382275056496
MA0463.2	31440	0.746522239934985	0.0432189704146481
MA0878.2	31440	0.792074332484237	0.0580332654491489
MA0864.2	31440	0.749269957844498	0.0431745605096845
MA0469.3	31440	0.693543726360791	0.042169830712708
MA0470.2	31440	0.74186523310151	0.0447624453813862
MA0612.2	31440	0.843511811508137	0.0671542881671956
MA0847.2	31440	0.824223406351606	0.0547370214692007
MA0766.2	31440	0.854095105291051	0.0531355773422015
MA0038.2	31440	0.800016007088032	0.0487671006576093
MA0734.2	31440	0.760361178366429	0.0442113469340296
MA0893.2	31440	0.898430768506746	0.0519828735663346
MA1099.2	31440	0.844506767227914	0.0655690822097368
MA0616.2	31440	0.800430264047374	0.0646983022281107
MA0650.2	31440	0.800651827809869	0.0551700858950178
MA0900.2	31440	0.843450072639978	0.0698131967477783
MA0158.2	31440	0.870535697836315	0.0571188905908465
MA0594.2	31440	0.862626600004952	0.043651765464127
MA0902.2	31440	0.881244071127479	0.0615631287219896
MA0904.2	31440	0.860381687260583	0.0600479501641891
MA0485.2	31440	0.786638333890499	0.0563672127304083
MA0909.2	31440	0.814610147832666	0.047646749666066
MA0912.2	31440	0.827749072572125	0.0622956554666935
MA0910.2	31440	0.869777841131467	0.0602320074240236
MA0913.2	31440	0.824172649462241	0.0633091842909688
MA1140.2	31440	0.72060603586228	0.0604629701809368
MA0701.2	31440	0.839623603213285	0.0668403139588976
MA0702.2	31440	0.810731936549224	0.0783929044865654
MA0703.2	31440	0.761151491031407	0.0829732443133111
MA0623.2	31440	0.7987147957278	0.0512994428572206
MA0842.2	31440	0.783256945519853	0.0465530187901055
MA0682.2	31440	0.851454039365654	0.0621616139753701
MA0075.3	31440	0.824357182979836	0.0758352589372017
MA0867.2	31440	0.872465481020722	0.0541496407130393
MA0868.2	31440	0.838382023313443	0.0545815480825094
MA0079.4	31440	0.810668197195967	0.0665333025527683
MA0516.2	31440	0.787510251437281	0.0573492295711713
MA0746.2	31440	0.849083127230658	0.0675474296429918
MA0632.2	31440	0.828152570703074	0.0662711168607342
MA0871.2	31440	0.793804046288055	0.0601704080158093
MA0753.2	31440	0.801769269266652	0.0722161922373231
MA0122.3	31440	0.785925370450474	0.0555675296679567
MA1631.1	31440	0.833424782550685	0.0542844839294885
MA1632.1	31440	0.78485861590596	0.0611392911169094
MA1633.1	31440	0.769237759463617	0.0529017423981527
MA1634.1	31440	0.800998165984379	0.0609905105510553
MA1635.1	31440	0.852502654020809	0.0672162119026087
MA1636.1	31440	0.766100111898414	0.05139038649872
MA1637.1	31440	0.795274100675731	0.0564806152841857
MA1638.1	31440	0.866527646765541	0.0589342644510691
MA1639.1	31440	0.792511180630502	0.0587222405807139
MA1640.1	31440	0.765071953354252	0.0604695467400024
MA1641.1	31440	0.818034008299578	0.0567973544556076
MA1642.1	31440	0.83501488545756	0.0513537316943961
MA1643.1	31440	0.706861801306115	0.0461424844830938
MA1644.1	31440	0.824574958326529	0.0635941714870297
MA1645.1	31440	0.816588476582258	0.0474108508790017
MA1646.1	31440	0.844119761137337	0.0515259223974723
MA1647.1	31440	0.848316863990868	0.0529046108294671
MA1648.1	31440	0.865374662541514	0.0568486160324228
MA1649.1	31440	0.847625168456195	0.0550282272469236
MA1650.1	31440	0.807782746440022	0.0724621436415115
MA1651.1	31440	0.732808740734757	0.0504704702836112
MA1652.1	31440	0.818813109827151	0.0512113830429879
MA1653.1	31440	0.841295670788697	0.0805665275279574
MA1654.1	31440	0.699962919149554	0.0337109096721823
MA1655.1	31440	0.82272533992761	0.0507233080951709
MA1656.1	31440	0.796074845745633	0.049939750317269
MA1657.1	31440	0.776385028829455	0.0578876844611302
MA1683.1	31440	0.826808794136516	0.065128065371413
MA0833.2	31440	0.76782106533194	0.0527076456450282
MA0835.2	31440	0.799226957353188	0.0593827755606124
MA0465.2	31440	0.796563975120682	0.0636311728806732
MA0102.4	31440	0.768750101231833	0.0535288223777598
MA0836.2	31440	0.783374577669262	0.0546298882381942
MA0018.4	31440	0.794930740051685	0.066342531182662
MA1102.2	31440	0.827196946747744	0.0656630464978065
MA0471.2	31440	0.84281654450844	0.057850217339024
MA0154.4	31440	0.776721810498115	0.0515788881881362
MA0162.4	31440	0.805260118128394	0.0706351418483999
MA0598.3	31440	0.805430286726791	0.0513475332784393
MA0473.3	31440	0.808022992655858	0.0521823091886694
MA0640.2	31440	0.821150874572645	0.0503661537858629
MA0592.3	31440	0.783191913331586	0.0541143969190838
MA0761.2	31440	0.81607275760967	0.0519988885664308
MA0764.2	31440	0.885690466427854	0.0618366730289447
MA0765.2	31440	0.850746327575087	0.0561719131352115
MA0477.2	31440	0.788394839921435	0.0597077242033613
MA0148.4	31440	0.798596033175317	0.0625672167740201
MA0047.3	31440	0.823871894434984	0.0649175979476058
MA1103.2	31440	0.824734475974202	0.0652215142151619
MA0481.3	31440	0.829856910413602	0.0657788822411442
MA0062.3	31440	0.80785973289776	0.0514984095832796
MA0035.4	31440	0.819420623544475	0.0567688392778337
MA0482.2	31440	0.810687941402234	0.0541017606458459
MA1104.2	31440	0.789831731610469	0.0577539966717456
MA1105.2	31440	0.791955466401299	0.0528770893318662
MA0043.3	31440	0.781092452191597	0.0575002343766203
MA0114.4	31440	0.786568392474115	0.0529521861939477
MA0484.2	31440	0.791039940869182	0.0521019689879623
MA0901.2	31440	0.7799154269928	0.0699711360384941
MA0490.2	31440	0.775335128821329	0.0607337819891178
MA0491.2	31440	0.777967830524731	0.0601277180085902
MA0039.4	31440	0.8742600830682	0.0712733559106791
MA1107.2	31440	0.795571500820014	0.0610377834219291
MA0700.2	31440	0.813334252456156	0.066882351123665
MA0495.3	31440	0.750530641597621	0.0492537968337887
MA0659.2	31440	0.755217102137055	0.048131788818757
MA0496.3	31440	0.746986841491275	0.050721127237104
MA0052.4	31440	0.774087108144841	0.0653823509919886
MA0620.3	31440	0.754162236650919	0.0535770304917373
MA1108.2	31440	0.869904751626889	0.0618586559832857
MA0499.2	31440	0.823203413721355	0.0494318470438594
MA0500.2	31440	0.823448840874037	0.0628662082960906
MA0056.2	31440	0.817327607758535	0.0495489612863769
MA0089.2	31440	0.744417157553234	0.047458883352793
MA0025.2	31440	0.780923125350685	0.0620563054510731
MA0502.2	31440	0.803305627246658	0.0574119905398949
MA0063.2	31440	0.84226247906958	0.0533509457570256
MA1112.2	31440	0.826913159153444	0.0556968653617079
MA0679.2	31440	0.732017187470863	0.0715165913520276
MA0712.2	31440	0.827721368130751	0.0571694130323401
MA1113.2	31440	0.776405076941951	0.0644568363048145
MA0681.2	31440	0.718064616671945	0.0787956036519857
MA0782.2	31440	0.775548942195746	0.0526651504924082
MA0627.2	31440	0.778603303484118	0.0670045364016017
MA0508.3	31440	0.853830850584051	0.0578599399951202
MA0509.2	31440	0.778596297989367	0.0513837206224403
MA0798.2	31440	0.775989470318051	0.0507727198524344
MA0684.2	31440	0.829570915962125	0.0538541891229201
MA0743.2	31440	0.763412317098504	0.0462045544858324
MA0744.2	31440	0.766544159282522	0.0459026258314419
MA0745.2	31440	0.812293287537179	0.0515468657477822
MA0143.4	31440	0.832556541309898	0.0574101179547798
MA0080.5	31440	0.754850983587062	0.0464747848094117
MA0081.2	31440	0.779449428511872	0.0462879981480524
MA0829.2	31440	0.768218524368536	0.0506821188757896
MA0522.3	31440	0.866073362660561	0.055980422079605
MA0830.2	31440	0.831303588201131	0.0540833536555457
MA0769.2	31440	0.838531344494682	0.0578825308399618
MA0090.3	31440	0.79626373386494	0.0525261404988333
MA0809.2	31440	0.815615230812354	0.0529764377978952
MA0003.4	31440	0.80912653060463	0.0567291734915825
MA0814.2	31440	0.813205774075271	0.0586042507872686
MA1123.2	31440	0.820763922124548	0.0518194504015721
MA0093.3	31440	0.774710699397261	0.0534059354398837
MA0526.3	31440	0.77416368926164	0.0543974974323646
MA0748.2	31440	0.812648341882752	0.0611503837192771
MA0528.2	31440	0.848303175207034	0.0634898501812276
MA0609.2	31440	0.728945272253127	0.0607926881383368
