[SHORT TFBS MATRIX]
MA0004.1	39581	0.886984827909596	0.0669588187361708
MA0006.1	39581	0.937812922723074	0.0538314993453636
MA0019.1	39581	0.857296432374843	0.0395527289833398
MA0029.1	39581	0.789919639888523	0.0488450143502103
MA0030.1	39581	0.817266749376347	0.0508314948877113
MA0031.1	39581	0.879250013742795	0.056730981018659
MA0040.1	39581	0.852022184189408	0.0548953953854004
MA0051.1	39581	0.782845694756615	0.0414965420233102
MA0059.1	39581	0.822925095207875	0.0453058841735439
MA0066.1	39581	0.761894215702948	0.0313379360750652
MA0069.1	39581	0.79326980537499	0.0357150860819135
MA0070.1	39581	0.819508360353021	0.046249352602898
MA0071.1	39581	0.86033901567902	0.0485537865872237
MA0072.1	39581	0.801855875286082	0.0467022552914005
MA0073.1	39581	0.818477076863868	0.0441225500572363
MA0074.1	39581	0.77954551894978	0.0366438941788672
MA0077.1	39581	0.877387378140866	0.0453154573982011
MA0084.1	39581	0.915595889309621	0.0451060418969687
MA0091.1	39581	0.842169783208636	0.0430368640766305
MA0092.1	39581	0.904963204531412	0.0339695275232173
MA0101.1	39581	0.8940137778808	0.0384096113800924
MA0107.1	39581	0.853809039153489	0.0472558150498139
MA0108.2	39581	0.854925390341809	0.0446158683439227
MA0111.1	39581	0.886330010494343	0.028812366679861
MA0115.1	39581	0.701753928609279	0.0413696861181427
MA0116.1	39581	0.846903175388131	0.0396530566738988
MA0119.1	39581	0.766760535911862	0.0479553032068417
MA0125.1	39581	0.899108508208186	0.0534886567741946
MA0130.1	39581	0.982329413785294	0.024534639865524
MA0135.1	39581	0.827813716465524	0.0599909925018748
MA0139.1	39581	0.793384281638068	0.0413024931748627
MA0142.1	39581	0.787369897699581	0.0464187866721586
MA0149.1	39581	0.714076134986485	0.0541763541153623
MA0138.2	39581	0.708107989014571	0.038572225111349
MA0002.2	39581	0.877662982443139	0.0390362808513309
MA0065.2	39581	0.830724470526011	0.034553602587761
MA0151.1	39581	0.947931495672341	0.0651801535000682
MA0155.1	39581	0.873578087857056	0.0383139105762493
MA0159.1	39581	0.815459663954885	0.0321121841322461
MA0163.1	39581	0.819255549940621	0.0463102362837316
MA0164.1	39581	0.87082515253716	0.0620682461124196
MA0259.1	39581	0.913795206060399	0.0523977691812857
MA0145.2	39581	0.852302913234423	0.0364204630500759
MA0146.2	39581	0.878215573015651	0.0594760981944067
MA0468.1	39581	0.841613910097312	0.0513930439777083
MA0476.1	39581	0.857145247567504	0.0519808773760909
MA0478.1	39581	0.858309149351992	0.0503931132823288
MA0479.1	39581	0.857574332662154	0.0490321087842933
MA0483.1	39581	0.870677040561635	0.0435269981087795
MA0488.1	39581	0.827000681729254	0.0472218313908833
MA0492.1	39581	0.826544718538754	0.0465585701201876
MA0494.1	39581	0.818623253244139	0.0333225970170938
MA0497.1	39581	0.851604063135923	0.0545970403661271
MA0501.1	39581	0.774385095132101	0.042480614256719
MA0504.1	39581	0.840292343549388	0.0350617889378962
MA0515.1	39581	0.896028761933765	0.0443454515160784
MA0517.1	39581	0.81743963190858	0.0455518259879614
MA0518.1	39581	0.860722904777904	0.0430854830940845
MA0519.1	39581	0.877001911464229	0.0436501684117166
MA0520.1	39581	0.843193778983017	0.0452060712446182
MA0523.1	39581	0.845347309766747	0.0419579513908455
MA0527.1	39581	0.785616152533859	0.0497476526019912
MA0076.2	39581	0.867193296728223	0.047760466385784
MA0258.2	39581	0.821684552047838	0.0376632128450145
MA0150.2	39581	0.77361781607463	0.0420700378293112
MA0137.3	39581	0.857312755597209	0.0481610053567556
MA0144.2	39581	0.88602145094846	0.041862715868375
MA0140.2	39581	0.795528361376087	0.0439895636228152
MA0591.1	39581	0.789215369397769	0.0398430960790409
MA0593.1	39581	0.870047138920446	0.0537137340428384
MA0595.1	39581	0.88041377915011	0.0430273511822454
MA0596.1	39581	0.865555269257025	0.0452517723965086
MA0599.1	39581	0.941897767059804	0.0514534005734386
MA0601.1	39581	0.856015073929611	0.0700628613170887
MA0602.1	39581	0.834557509002885	0.0606346640358994
MA0603.1	39581	0.843606974322172	0.0525143608514718
MA0604.1	39581	0.860350838933987	0.0516320277548004
MA0608.1	39581	0.854948317343038	0.0483168987225212
MA0610.1	39581	0.82993992351776	0.0564707336169011
MA0613.1	39581	0.875048333083378	0.0649919079894558
MA0614.1	39581	0.89926731807098	0.0562043771418521
MA0615.1	39581	0.831689743549717	0.0395955990455449
MA0618.1	39581	0.889139916608378	0.0548518764303136
MA0619.1	39581	0.905534843464684	0.0666911246713421
MA0621.1	39581	0.825808862688386	0.0769350965515744
MA0622.1	39581	0.854942672543787	0.0608458100921018
MA0626.1	39581	0.870942554743346	0.049842072383016
MA0628.1	39581	0.827550595643119	0.0672046104644805
MA0629.1	39581	0.821586488317247	0.0373906437873518
MA0630.1	39581	0.907482176692021	0.059765345626351
MA0631.1	39581	0.767093633972957	0.0444922352212355
MA0634.1	39581	0.876409247032472	0.0550482318106524
MA0007.3	39581	0.750129180261482	0.0405404299744237
MA0635.1	39581	0.89843274282422	0.0417556316233312
MA0636.1	39581	0.802423367089848	0.0524872618729188
MA0638.1	39581	0.780119996363069	0.0408924617608129
MA0639.1	39581	0.818129516290023	0.0533930285173355
MA0641.1	39581	0.797592951050147	0.0457713257920275
MA0027.2	39581	0.90702725129124	0.052533217926
MA0643.1	39581	0.850940029335399	0.0474504577823895
MA0645.1	39581	0.868269473847715	0.0460675268773831
MA0475.2	39581	0.846602239701729	0.0464577900888158
MA0042.2	39581	0.893868929638658	0.0573796648344623
MA0033.2	39581	0.927377819365939	0.0549684503979449
MA0646.1	39581	0.823896215339646	0.0382357559615786
MA0647.1	39581	0.784448233624037	0.0480789245288942
MA0648.1	39581	0.874645402390856	0.0481335341123896
MA0649.1	39581	0.837301265167984	0.0515477445836318
MA0131.2	39581	0.831809731347694	0.0521721593027723
MA0046.2	39581	0.781070055451593	0.0592311664931677
MA0153.2	39581	0.770216813318201	0.0594911290752425
MA0486.2	39581	0.772279735143876	0.0502747831751089
MA0652.1	39581	0.74372396720378	0.0435685166217816
MA0653.1	39581	0.720228241322515	0.0455689190821265
MA0654.1	39581	0.89181068128441	0.0676731316181192
MA0655.1	39581	0.810093328594424	0.0554608583354278
MA0656.1	39581	0.768045156078742	0.053740166403717
MA0657.1	39581	0.754884099758926	0.0398634295153706
MA0658.1	39581	0.84785988256826	0.0537342468972487
MA0660.1	39581	0.80304800289247	0.0661267534987167
MA0661.1	39581	0.874630567944035	0.0517852977780957
MA0662.1	39581	0.900806737283377	0.0536023618965922
MA0663.1	39581	0.802909813475928	0.0500395194576165
MA0664.1	39581	0.825844089521744	0.0483601261083483
MA0665.1	39581	0.83562495744099	0.0431161783877861
MA0667.1	39581	0.822232797924757	0.0477051376715269
MA0669.1	39581	0.825292599074641	0.0459148130428105
MA0670.1	39581	0.877043624901721	0.0661393755223941
MA0671.1	39581	0.950004471942207	0.0285950738800378
MA0048.2	39581	0.849624069518268	0.0498976588977609
MA0672.1	39581	0.893202561412349	0.0407638271929134
MA0673.1	39581	0.922581444432619	0.0332238652852823
MA0674.1	39581	0.907686482398833	0.0558036152060976
MA0675.1	39581	0.916567800777844	0.0554015139629303
MA0676.1	39581	0.872190438134666	0.0485187214081072
MA0677.1	39581	0.769669266143496	0.0414994525304613
MA0678.1	39581	0.828777797780341	0.0473995223270815
MA0068.2	39581	0.862442926661134	0.0553368956171764
MA0683.1	39581	0.732851735569882	0.0571874602872642
MA0512.2	39581	0.749510639738459	0.0431995215510328
MA0686.1	39581	0.819383271901051	0.0422188493763209
MA0687.1	39581	0.830400305994285	0.0393147858993267
MA0083.3	39581	0.715815224295783	0.0447484119101096
MA0009.2	39581	0.728937885370389	0.0398040722572725
MA0688.1	39581	0.850537155157111	0.0400506700512849
MA0689.1	39581	0.832286612397531	0.0415135901987349
MA0691.1	39581	0.828810854272498	0.0504364130304707
MA0692.1	39581	0.848468380439108	0.0470601740956912
MA0694.1	39581	0.816355321277078	0.0431657940915395
MA0695.1	39581	0.840935138805526	0.0389679688460763
MA0696.1	39581	0.788097139712308	0.0449557931315034
MA0698.1	39581	0.825859498173936	0.0453837671809396
MA0699.1	39581	0.884859450237836	0.0501160419783589
MA0704.1	39581	0.895076832066866	0.0530833252730351
MA0705.1	39581	0.901128028120126	0.0524729462377799
MA0706.1	39581	0.881643066611011	0.0509444356766776
MA0709.1	39581	0.893907650847988	0.0639168924416699
MA0710.1	39581	0.892372556791406	0.0499147174742523
MA0124.2	39581	0.869141547510656	0.0452349064433102
MA0711.1	39581	0.901947395419115	0.0522110698659968
MA0132.2	39581	0.912776416240257	0.0609007285165701
MA0713.1	39581	0.822020930422283	0.0623958115586374
MA0714.1	39581	0.894706084572245	0.0488167225255139
MA0715.1	39581	0.799988464381921	0.06897779304203
MA0716.1	39581	0.900320858825914	0.0611922791185239
MA0717.1	39581	0.903865784162773	0.0571260350843369
MA0718.1	39581	0.884361495835339	0.0563452921168549
MA0719.1	39581	0.970238533902383	0.0231971856738175
MA0720.1	39581	0.900497867031641	0.0615819621426862
MA0721.1	39581	0.902376145620163	0.0587715436292658
MA0722.1	39581	0.90097970677222	0.0532862435664313
MA0724.1	39581	0.864676971499637	0.0527190005774306
MA0725.1	39581	0.888879085742708	0.0625449040246336
MA0726.1	39581	0.873885623384011	0.0640584474273658
MA0112.3	39581	0.740734306406041	0.0415627683163977
MA0141.3	39581	0.808327844541955	0.0523462657063652
MA0017.2	39581	0.845279986308611	0.0507877850849051
MA0113.3	39581	0.753456395150553	0.0430172536256432
MA0727.1	39581	0.749598078491159	0.0432742550129676
MA0728.1	39581	0.750284710873201	0.0514557576403203
MA0729.1	39581	0.726953730294212	0.0422073511371022
MA0730.1	39581	0.734430107857787	0.038786581396548
MA0731.1	39581	0.696440780492873	0.0412261720609587
MA0472.2	39581	0.821404872889404	0.0489328711480815
MA0732.1	39581	0.794010237151372	0.0565092257424377
MA0733.1	39581	0.794003636083881	0.0449445945338993
MA0735.1	39581	0.718762538165125	0.0415220622493842
MA0736.1	39581	0.802196357045944	0.0419102329000609
MA0737.1	39581	0.761125441997361	0.0384949780784616
MA0738.1	39581	0.927571717554577	0.0358434002487746
MA0739.1	39581	0.889579725897563	0.0385282508704723
MA0741.1	39581	0.885630852245653	0.0583145938864642
MA0747.1	39581	0.885149233906995	0.0455983764378562
MA0749.1	39581	0.724781072870849	0.0396297024319509
MA0751.1	39581	0.819678220680959	0.040853044732199
MA0088.2	39581	0.769891690963512	0.0388425105785303
MA0752.1	39581	0.71121469015908	0.0427373166401191
MA0755.1	39581	0.804507022951513	0.0583480744086568
MA0757.1	39581	0.77707562393954	0.0630707126356604
MA0758.1	39581	0.71940516531459	0.0453986743787239
MA0760.1	39581	0.847692975931393	0.0439500511300886
MA0098.3	39581	0.863396459912939	0.0442120972040999
MA0762.1	39581	0.825977589580761	0.0430578821193083
MA0763.1	39581	0.851840713183973	0.0416184300156696
MA0767.1	39581	0.854914789768347	0.0383001455522314
MA0770.1	39581	0.785582434032083	0.0489447100433777
MA0771.1	39581	0.810219463186993	0.0451320482280231
MA0772.1	39581	0.796648830271663	0.0472681193495728
MA0773.1	39581	0.815364769688026	0.0684634558757185
MA0498.2	39581	0.957468565719729	0.0407583741478557
MA0774.1	39581	0.89297589162765	0.0496798892569853
MA0775.1	39581	0.917705718490361	0.0436063553699678
MA0776.1	39581	0.769359850018045	0.0421698906894493
MA0777.1	39581	0.736132198447911	0.0396878937550904
MA0105.4	39581	0.751754614746075	0.0523369430913892
MA0778.1	39581	0.784813065090676	0.05242047498195
MA0779.1	39581	0.765511456981645	0.0321105063765575
MA0780.1	39581	0.78269167167381	0.0667347779993717
MA0781.1	39581	0.742364063702491	0.0352701336212586
MA0783.1	39581	0.757030767817677	0.0484613924250939
MA0785.1	39581	0.826890898486785	0.0578672498404718
MA0786.1	39581	0.826748264106985	0.0605529549033217
MA0787.1	39581	0.815753331065353	0.0601689953491512
MA0788.1	39581	0.81098373254869	0.0593101901396593
MA0789.1	39581	0.83846630210237	0.0643787755133673
MA0790.1	39581	0.782547555027046	0.063369508599267
MA0791.1	39581	0.760538522183773	0.0615349535990727
MA0792.1	39581	0.859506751596219	0.0590084786106422
MA0793.1	39581	0.846077751990673	0.0557215527431751
MA0794.1	39581	0.784862948798785	0.0410130349086071
MA0600.2	39581	0.740580374329125	0.0457944079847047
MA0795.1	39581	0.782851121537769	0.0461748215380154
MA0796.1	39581	0.73218930596786	0.0510111596042555
MA0797.1	39581	0.763057559502819	0.0467216898828732
MA0510.2	39581	0.733408271183892	0.0464310586922601
MA0511.2	39581	0.857329424799637	0.0443935078230835
MA0800.1	39581	0.818565545122418	0.0424125734384713
MA0801.1	39581	0.891761415270604	0.0487265635134318
MA0802.1	39581	0.836511894670501	0.0450119740334298
MA0803.1	39581	0.871807172510939	0.0534174753318712
MA0804.1	39581	0.711897311210384	0.0386215657415659
MA0805.1	39581	0.871792235778382	0.0536279013779049
MA0806.1	39581	0.896241228247224	0.0458435355232453
MA0807.1	39581	0.902869383689245	0.0425338112962789
MA0808.1	39581	0.905594916466189	0.0488682769896746
MA0810.1	39581	0.887239588847529	0.0451091015739881
MA0811.1	39581	0.872749359454116	0.0440619331182704
MA0812.1	39581	0.8728435962856	0.0483665495037409
MA0813.1	39581	0.833834834835027	0.0529508788129542
MA0524.2	39581	0.868961290543103	0.0439401561467987
MA0815.1	39581	0.826861720476946	0.0554567476421016
MA0816.1	39581	0.860956424754274	0.0480572125012219
MA0461.2	39581	0.855866451339972	0.0445739798357568
MA0464.2	39581	0.836466363220301	0.0541370129794143
MA0817.1	39581	0.79918162988935	0.0509658706770332
MA0820.1	39581	0.894599005368473	0.0436287162089274
MA0822.1	39581	0.754915973642347	0.0542901934664867
MA0823.1	39581	0.828461354563563	0.0568677488407501
MA0058.3	39581	0.851529534020721	0.0530614693266475
MA0825.1	39581	0.862600424117563	0.0510454463334029
MA0826.1	39581	0.811505051051196	0.0505417137119492
MA0827.1	39581	0.851016771142463	0.0431544481508552
MA0832.1	39581	0.766062878950335	0.0462775488622024
MA0834.1	39581	0.756549676361813	0.0528019991692473
MA0838.1	39581	0.807483241534869	0.0461379569856476
MA0839.1	39581	0.756789293025765	0.0400953847952898
MA0840.1	39581	0.787705999723516	0.0537785511048876
MA0117.2	39581	0.843466432238849	0.0420564351236075
MA0841.1	39581	0.792579378070187	0.0516299504279163
MA0843.1	39581	0.807231940065319	0.0527184962665937
MA0844.1	39581	0.775037933942917	0.0397258527167798
MA0845.1	39581	0.844253992268201	0.0578810972405595
MA0032.2	39581	0.873115423364851	0.055209273024152
MA0846.1	39581	0.867195301780589	0.0561378073126179
MA0848.1	39581	0.91200060673739	0.0526630367021217
MA0849.1	39581	0.897244574825707	0.056884633378242
MA0850.1	39581	0.940104429760551	0.0380837358485327
MA0851.1	39581	0.826683450457007	0.0545876011154696
MA0853.1	39581	0.779605970718819	0.0501143379288543
MA0854.1	39581	0.784835519043681	0.0524676569217161
MA0855.1	39581	0.746403804849783	0.0433182817416264
MA0856.1	39581	0.756659287566039	0.04249675963638
MA0857.1	39581	0.720575484331254	0.0472425968194334
MA0858.1	39581	0.727616841034483	0.0402404560930275
MA0859.1	39581	0.742002774927451	0.0505030012827804
MA0860.1	39581	0.725408015342007	0.0444183356462529
MA0525.2	39581	0.723226572356751	0.0379855195638587
MA0106.3	39581	0.732050966044126	0.0361727143864645
MA0861.1	39581	0.767246778877774	0.0385523532186369
MA0862.1	39581	0.838221785701765	0.0467459876823443
MA0863.1	39581	0.747932424300601	0.0378811471917093
MA0024.3	39581	0.787491106051926	0.0428603187668419
MA0866.1	39581	0.730569452268398	0.05090989348813
MA0870.1	39581	0.730595991099177	0.0509514829439052
MA0872.1	39581	0.821853240257282	0.0567682676620084
MA0028.2	39581	0.821264799819389	0.0533129967915149
MA0873.1	39581	0.818201920795254	0.0460938109492636
MA0874.1	39581	0.772506590939428	0.0498949220322779
MA0875.1	39581	0.924995323599864	0.051218442818529
MA0876.1	39581	0.928001635272249	0.048562872100837
MA0880.1	39581	0.914556471634691	0.0583323985916209
MA0881.1	39581	0.914166896135152	0.0562119999225583
MA0882.1	39581	0.913682851678726	0.0572223014022115
MA0883.1	39581	0.818597925960502	0.0426750493155676
MA0886.1	39581	0.869550725787305	0.0547874434082585
MA0887.1	39581	0.892332544665491	0.0447557396835564
MA0888.1	39581	0.889511319902993	0.0453889416781578
MA0889.1	39581	0.858993555007118	0.0554535208885247
MA0890.1	39581	0.877533616233026	0.0587977538653909
MA0891.1	39581	0.887602517444964	0.0426746617276158
MA0892.1	39581	0.90196047682636	0.0437920151854225
MA0894.1	39581	0.874798872159058	0.0605247655179839
MA0895.1	39581	0.865789742854469	0.0450384697130185
MA0896.1	39581	0.791577806440537	0.0426434357338964
MA0897.1	39581	0.773128415969263	0.0466752596123517
MA0898.1	39581	0.771435283228489	0.0467106439519414
MA0899.1	39581	0.869667851215018	0.0542161379259469
MA0903.1	39581	0.914517909962714	0.0487283870656188
MA0905.1	39581	0.868478176574718	0.0500875943900993
MA0906.1	39581	0.811942018210286	0.0475640090669133
MA0907.1	39581	0.818109502916946	0.0488752577035077
MA0908.1	39581	0.853200762025789	0.0496696308417406
MA0911.1	39581	0.832473458231063	0.0441883511354043
MA0914.1	39581	0.903756531955228	0.0438818812808688
MA0852.2	39581	0.830003229069756	0.0478719561935293
MA0036.3	39581	0.862798674889012	0.0557600575387303
MA1106.1	39581	0.855905315016936	0.0559002984250836
MA0147.3	39581	0.831127741134026	0.0539898619463542
MA0100.3	39581	0.891292021928742	0.0578235283601465
MA0104.4	39581	0.810736412781467	0.05312865747454
MA1109.1	39581	0.851634547014715	0.0447935704775344
MA0161.2	39581	0.866347592150917	0.0487409194129459
MA0060.3	39581	0.8446506562627	0.0558512026005047
MA1111.1	39581	0.862238241682056	0.0507637274926143
MA0014.3	39581	0.834377417620521	0.0457135611007708
MA1114.1	39581	0.783962830892012	0.0460382914844546
MA1115.1	39581	0.859516342997422	0.0604869150643728
MA1116.1	39581	0.921867173114932	0.0588303535965306
MA1117.1	39581	0.852230996651352	0.0442515708091813
MA1118.1	39581	0.820948865519613	0.0453342069453967
MA1119.1	39581	0.768513923291662	0.0423787575950513
MA0442.2	39581	0.888676222304353	0.0552245660876134
MA1120.1	39581	0.868109283006928	0.0546574225608443
MA1121.1	39581	0.835860573243999	0.0460501454330503
MA1122.1	39581	0.864255906034812	0.0595013038904811
MA0750.2	39581	0.84303892335974	0.0512885911080105
MA0103.3	39581	0.903956914356315	0.0553764524409652
MA1124.1	39581	0.752537377421377	0.0621048083490084
MA1125.1	39581	0.88304253246298	0.0925314871539062
MA1154.1	39581	0.762367501370507	0.0370520212422377
MA1155.1	39581	0.758693238097706	0.04250924874341
MA0099.3	39581	0.845513150879487	0.0485300102163283
MA1126.1	39581	0.775550457698154	0.0436739706670147
MA1127.1	39581	0.783845202300714	0.0518725454446706
MA1128.1	39581	0.832950565578233	0.0484931709280989
MA1129.1	39581	0.795917366506368	0.0514244919869566
MA1130.1	39581	0.840129299887163	0.0486121076506818
MA1131.1	39581	0.807110834898419	0.0504165876314919
MA1132.1	39581	0.848261863127845	0.0443927442679482
MA1133.1	39581	0.798039193347776	0.0485274803517081
MA1134.1	39581	0.825634360678266	0.0500239552184989
MA1135.1	39581	0.841594799540201	0.0509862448022853
MA1136.1	39581	0.808809316632465	0.0498534199407595
MA1137.1	39581	0.830596000333879	0.046885898038995
MA1138.1	39581	0.838101308258465	0.052781300975858
MA1139.1	39581	0.779803033456521	0.0534604143046309
MA1141.1	39581	0.825239599741414	0.0487463336566112
MA1142.1	39581	0.866493449887521	0.0446928484477977
MA1143.1	39581	0.836906970545222	0.0457263907402403
MA1144.1	39581	0.837549086544571	0.050758988837907
MA1145.1	39581	0.784067964756358	0.0492367341309256
MA1146.1	39581	0.779589456789082	0.0341257518714649
MA1147.1	39581	0.793503465833556	0.0346192870901949
MA1148.1	39581	0.781662159496781	0.0336582698697781
MA1149.1	39581	0.808746223188443	0.0356225453000241
MA1150.1	39581	0.85776295644129	0.041187167124518
MA1151.1	39581	0.86106333866012	0.0388387263150838
MA1152.1	39581	0.909669556857156	0.0459858171054363
MA1153.1	39581	0.888975062923491	0.0569549043426116
MA1418.1	39581	0.73289955414548	0.0406269789925714
MA1419.1	39581	0.727720530079529	0.0420889886380765
MA1420.1	39581	0.770319199131704	0.0373844461710311
MA1421.1	39581	0.800885845185089	0.0452064994231769
MA1463.1	39581	0.830511167259844	0.0676359075543691
MA1464.1	39581	0.830600192644257	0.0546449431425109
MA1466.1	39581	0.755738842706604	0.0410707787462407
MA1468.1	39581	0.875493779116167	0.0372614652934285
MA1101.2	39581	0.743394586899387	0.0448281869194125
MA1470.1	39581	0.723451452855743	0.0386084828447423
MA1471.1	39581	0.86446661987001	0.057214778137416
MA1473.1	39581	0.835954906789629	0.0547221393799332
MA1474.1	39581	0.812209861628599	0.0420053448956692
MA1475.1	39581	0.799759347357944	0.047414901209547
MA1478.1	39581	0.840648880359332	0.0459031641789256
MA1479.1	39581	0.812645626133947	0.0485650129375578
MA1480.1	39581	0.841844611142485	0.0470054698212751
MA1481.1	39581	0.906421615280099	0.0596309506430839
MA1484.1	39581	0.86403855789272	0.0455832416167247
MA1485.1	39581	0.788332158372037	0.043197057534808
MA1489.1	39581	0.813587958869154	0.0749511683748685
MA1493.1	39581	0.824449072425751	0.0425970669317721
MA1494.1	39581	0.753831724090693	0.0405384206356304
MA1495.1	39581	0.907730977905415	0.0470988262572408
MA1496.1	39581	0.927359799789811	0.0417903011810938
MA1497.1	39581	0.881928051011331	0.0439030231765944
MA1499.1	39581	0.904294895665554	0.0639046169718544
MA1500.1	39581	0.922039716175774	0.0435493524415019
MA1501.1	39581	0.86820108896462	0.0444859503013974
MA1502.1	39581	0.909841943074321	0.0532882663980126
MA1503.1	39581	0.828031300024969	0.0509499463747787
MA1504.1	39581	0.928602570903803	0.0573948366043934
MA1505.1	39581	0.909974589196583	0.0451584114692908
MA1506.1	39581	0.810370929059662	0.0479158626812874
MA1507.1	39581	0.922380519217398	0.0618471814048129
MA1508.1	39581	0.860207353390547	0.0452059461987645
MA1509.1	39581	0.820049766810297	0.0441685569562487
MA1512.1	39581	0.880104134701662	0.0541370575442213
MA1513.1	39581	0.8752312195483	0.0888970273436764
MA1514.1	39581	0.801237414247401	0.0466566344220682
MA1515.1	39581	0.912892973184175	0.0535737252016892
MA1516.1	39581	0.863822349974436	0.0554300555212488
MA1517.1	39581	0.898609745895996	0.0518211591711744
MA1519.1	39581	0.879638897894485	0.0675502348129145
MA1520.1	39581	0.773204906948078	0.0367227266117905
MA1521.1	39581	0.78117003704163	0.0371977957518079
MA1522.1	39581	0.897940307600151	0.0679692190165648
MA1523.1	39581	0.875859728339335	0.0400213299389227
MA1527.1	39581	0.768123078861902	0.0474284198158628
MA1528.1	39581	0.779021300740366	0.0458032492119001
MA1529.1	39581	0.751711564769831	0.0445749405172065
MA1530.1	39581	0.89459957336519	0.051676095264493
MA1531.1	39581	0.798845911816986	0.0390966037560709
MA1533.1	39581	0.80387106161026	0.0316329063029128
MA1534.1	39581	0.877425361149186	0.0465459607625315
MA1535.1	39581	0.943852701335291	0.0482602385000426
MA1536.1	39581	0.969693583534826	0.0269429581853769
MA1537.1	39581	0.777096094568584	0.0399808370829959
MA1538.1	39581	0.758708553247413	0.0406415357126213
MA1539.1	39581	0.745182024442174	0.0415878702685503
MA1541.1	39581	0.775768486242678	0.0388114774196385
MA1542.1	39581	0.857715690500323	0.0418686475255622
MA1544.1	39581	0.777552014143611	0.0450462175320953
MA1545.1	39581	0.81173168708993	0.0430605094053896
MA1546.1	39581	0.771898687903819	0.0336742778781431
MA1548.1	39581	0.867363790482161	0.0628267231160359
MA1549.1	39581	0.872739288523663	0.0497228794874691
MA1550.1	39581	0.777725324071476	0.0387129853291808
MA1552.1	39581	0.777612181840656	0.0374764192581381
MA1553.1	39581	0.766893659735954	0.0385951085932106
MA1554.1	39581	0.901800149319565	0.0334182179915112
MA1555.1	39581	0.787238824452636	0.0389801251297551
MA1556.1	39581	0.783233872857183	0.0408908909513378
MA1557.1	39581	0.806568827862254	0.0420116343972001
MA1558.1	39581	0.905870624267381	0.0506310479424281
MA1559.1	39581	0.867051037963529	0.0498103356215694
MA1560.1	39581	0.824903890892043	0.0536496657690287
MA1561.1	39581	0.795760006227992	0.0433433366641221
MA1562.1	39581	0.812498263488345	0.0467633936195288
MA1564.1	39581	0.880057569541039	0.057260299504132
MA1565.1	39581	0.844314650522438	0.0407096921437941
MA1568.1	39581	0.833925137644564	0.0363080216402403
MA1569.1	39581	0.894100997559095	0.0557601439582955
MA1570.1	39581	0.890989929227143	0.0391984911371358
MA1571.1	39581	0.777402663596625	0.0431496632019502
MA1572.1	39581	0.783988363388565	0.0422856079699261
MA1574.1	39581	0.819255332520016	0.034959478186117
MA1575.1	39581	0.758557233691635	0.0395641786120146
MA1576.1	39581	0.75964834749792	0.0348043001659256
MA1577.1	39581	0.901391765831323	0.0698880502598467
MA1578.1	39581	0.888999076225167	0.054694226424616
MA1579.1	39581	0.86099085614944	0.0498217852433494
MA1580.1	39581	0.82054780557734	0.0553582306616484
MA1581.1	39581	0.854786633916358	0.0501829929830834
MA1583.1	39581	0.83944740935692	0.0481551331145455
MA1584.1	39581	0.786722186131178	0.0450122791624067
MA1585.1	39581	0.822413624444122	0.0502423753215482
MA1587.1	39581	0.823564541553683	0.0642829612821332
MA1588.1	39581	0.760031434597076	0.0397675975735098
MA1589.1	39581	0.710237906662952	0.0367795169313565
MA1592.1	39581	0.799448556686524	0.0371338596225807
MA1593.1	39581	0.826886426375601	0.0458021727307261
MA1594.1	39581	0.701581797712049	0.0307388344592504
MA1596.1	39581	0.820903567491833	0.0879528563772055
MA1597.1	39581	0.728285474599567	0.0395977515839155
MA1599.1	39581	0.783995987256691	0.0498807775769251
MA1600.1	39581	0.746126327238211	0.0351382745893547
MA1602.1	39581	0.806813651199687	0.041527706319685
MA1603.1	39581	0.797410186656099	0.0488819910663031
MA1604.1	39581	0.824679537857644	0.0519202780443103
MA1606.1	39581	0.86198416267901	0.0610716582120944
MA1607.1	39581	0.822465950852987	0.0565302758727741
MA1608.1	39581	0.856975726973654	0.0523922408391906
MA1615.1	39581	0.847106756774912	0.0562409931215916
MA1616.1	39581	0.801566871145075	0.0418103464566042
MA1618.1	39581	0.852161232406548	0.0483545689617302
MA1619.1	39581	0.85645843392988	0.0527086075297968
MA1620.1	39581	0.867852870817326	0.0507038877559403
MA1621.1	39581	0.864181811274305	0.0494410491902319
MA1623.1	39581	0.835333950274609	0.0551629568034997
MA1624.1	39581	0.83943758446974	0.0513686563311883
MA1625.1	39581	0.824763505082308	0.0524201424934201
MA1627.1	39581	0.847135187445943	0.0560859908949156
MA1628.1	39581	0.889344342063453	0.0518244318348157
MA1629.1	39581	0.826439061813233	0.0477036750078056
MA1100.2	39581	0.897043986880866	0.0438386632041134
MA0605.2	39581	0.767143646795543	0.0559442148695852
MA0462.2	39581	0.829279113385756	0.0546540239320293
MA0463.2	39581	0.765713301144006	0.0397875082769008
MA0864.2	39581	0.775279776452655	0.0427289216452675
MA0469.3	39581	0.719010742951213	0.0391368947141159
MA0470.2	39581	0.767102959996099	0.0422952912279199
MA0612.2	39581	0.881702035208996	0.0607690260142128
MA0766.2	39581	0.882343042815559	0.0511542705615299
MA0038.2	39581	0.828022053618823	0.0443118948509801
MA0893.2	39581	0.927324041221236	0.0437902885240862
MA1099.2	39581	0.870853850702206	0.0593863242140186
MA0616.2	39581	0.828957801123047	0.059102561158789
MA0900.2	39581	0.8827179067915	0.065531888932838
MA0158.2	39581	0.902329802959068	0.0504494090268288
MA0594.2	39581	0.88761392949342	0.0398188285626201
MA0902.2	39581	0.915500069210195	0.0511559076103737
MA0904.2	39581	0.894824598397496	0.0528766455284035
MA0485.2	39581	0.819150745450334	0.052143874889775
MA0912.2	39581	0.862184750420102	0.0573819038549915
MA0910.2	39581	0.904240015800515	0.0523413339034796
MA0913.2	39581	0.860505844872909	0.0567084948642697
MA1140.2	39581	0.746695544998026	0.0524171228523273
MA0701.2	39581	0.876656497191139	0.061636631855088
MA0702.2	39581	0.854467004282056	0.0724499070802062
MA0703.2	39581	0.809057312532858	0.0766784706951716
MA0623.2	39581	0.827022699491221	0.0483684983317871
MA0842.2	39581	0.809758397028228	0.0432977986212106
MA0682.2	39581	0.899074773466559	0.063587442618823
MA0075.3	39581	0.86748449919747	0.0706551991416407
MA0867.2	39581	0.899427613991017	0.0465693570625893
MA0868.2	39581	0.866662473108034	0.0479174200155412
MA0746.2	39581	0.867137450697118	0.0576788479081094
MA0632.2	39581	0.850247901216007	0.0597880906401624
MA0871.2	39581	0.821890151095357	0.0539918626202393
MA0753.2	39581	0.82221792808125	0.0575984037670097
MA0122.3	39581	0.818048771728314	0.0530880966598286
MA1707.1	39581	0.833706952345358	0.0491979700637554
MA1708.1	39581	0.878041960028967	0.0397793806248959
MA1709.1	39581	0.806412487388289	0.0477683429503
MA1710.1	39581	0.905318253856638	0.0422946687066933
MA1711.1	39581	0.762337434931671	0.0415543065987204
MA1712.1	39581	0.80504455777165	0.0509808555346579
MA1713.1	39581	0.813098064586904	0.0697294486807524
MA1714.1	39581	0.763554526916167	0.0326380514646597
MA1715.1	39581	0.750515344280709	0.0402894111435701
MA1716.1	39581	0.756308160420624	0.0376703965458487
MA1717.1	39581	0.816291658707082	0.0435865494246415
MA1718.1	39581	0.689598903089001	0.0441518604995986
MA1719.1	39581	0.763125745005283	0.0432084528404082
MA1720.1	39581	0.785326896580343	0.0426796251032606
MA1721.1	39581	0.784303764650229	0.0652487026829536
MA1722.1	39581	0.725756121037383	0.0340817370241724
MA1723.1	39581	0.823791704748215	0.0405380113298209
MA1724.1	39581	0.814650120738521	0.0438517072857655
MA1631.1	39581	0.863966260348335	0.0504650478814266
MA1632.1	39581	0.818124832466455	0.0544412799935408
MA1634.1	39581	0.831065474444035	0.0549219318274014
MA1635.1	39581	0.883700234623624	0.0656714132841389
MA1636.1	39581	0.799684873422767	0.0493026562310754
MA1637.1	39581	0.824515857812129	0.0538000743678982
MA1638.1	39581	0.896429059813625	0.0604463665787739
MA1639.1	39581	0.822663633652536	0.0536791802247819
MA1640.1	39581	0.798327687414891	0.0550410432268216
MA1641.1	39581	0.846663139754726	0.0522561685228845
MA1642.1	39581	0.862269079500398	0.0470885016321877
MA1643.1	39581	0.735845477664323	0.0440292009826224
MA1644.1	39581	0.845476958611358	0.0557906586760418
MA1645.1	39581	0.843433873859184	0.0431671907124102
MA1646.1	39581	0.864553084820397	0.0471228553876498
MA1648.1	39581	0.893947393715398	0.0515364263664262
MA1649.1	39581	0.870490968904635	0.0480237203707305
MA1650.1	39581	0.83247805833154	0.0671569663877531
MA1651.1	39581	0.753911278844077	0.0442006079015071
MA1652.1	39581	0.844741482784208	0.0469596048034224
MA1653.1	39581	0.868812933339277	0.0693705542120793
MA1654.1	39581	0.71745844551661	0.0333739708069637
MA1655.1	39581	0.84781756707845	0.0462345625537295
MA1656.1	39581	0.822621432584281	0.0450469143554808
MA1657.1	39581	0.807844488619666	0.0543076021445862
MA1683.1	39581	0.860877990804316	0.0584692283485122
MA1725.1	39581	0.830103106200619	0.0444904573954525
MA1726.1	39581	0.805737781218619	0.0475990955525522
MA1727.1	39581	0.813511611835388	0.0502223159171141
MA1728.1	39581	0.857261006988542	0.0494536569556479
MA1729.1	39581	0.788567971294837	0.0410279934877993
MA1730.1	39581	0.80674325162432	0.0420431082442528
MA1731.1	39581	0.817494739848785	0.0414299030833847
MA0833.2	39581	0.800830190933829	0.0498163403749986
MA0835.2	39581	0.828740891498274	0.0535018743591022
MA0465.2	39581	0.833676278758337	0.0579848120252253
MA0102.4	39581	0.803663641630001	0.049780456504794
MA0836.2	39581	0.816556135800796	0.0495073566936061
MA0018.4	39581	0.825766356859235	0.0578264217100263
MA1102.2	39581	0.855393898472791	0.0612953567744443
MA0471.2	39581	0.868488702827932	0.0505085994569632
MA0154.4	39581	0.805025560643823	0.0499091658521556
MA0162.4	39581	0.826448947602001	0.0629513188613194
MA0598.3	39581	0.826825707092131	0.0446491486612006
MA0473.3	39581	0.829723336584439	0.0462021996753804
MA0640.2	39581	0.843391167687087	0.0441635120883508
MA0592.3	39581	0.811578666435444	0.0527641432452386
MA0761.2	39581	0.837768725964347	0.0452238474917456
MA0477.2	39581	0.820910254048605	0.0541570518743385
MA0148.4	39581	0.833475144212958	0.056881965914865
MA0047.3	39581	0.857934887371745	0.0583869223042932
MA1103.2	39581	0.858670881952171	0.0582848575995385
MA0481.3	39581	0.864747732056967	0.0588242214692614
MA0062.3	39581	0.829641921279028	0.0454030532427346
MA0035.4	39581	0.850554766292601	0.0514976665259732
MA0482.2	39581	0.841643717852193	0.0495173655753726
MA1104.2	39581	0.822774672114081	0.0530270776907939
MA1105.2	39581	0.81824886896813	0.0493360205944965
MA0043.3	39581	0.812529817178938	0.0547322106715138
MA0114.4	39581	0.815706660769741	0.0469335117196306
MA0484.2	39581	0.81995187292022	0.0462983104437562
MA0901.2	39581	0.822052969182054	0.0614858319309998
MA0490.2	39581	0.807395511312183	0.0556482363202974
MA0491.2	39581	0.810481612822366	0.0550751719669997
MA0039.4	39581	0.899204587580219	0.0611145554633114
MA1107.2	39581	0.814293000343935	0.0523003947206758
MA0700.2	39581	0.850426343624947	0.0624624109036478
MA0495.3	39581	0.780595611621819	0.046503469157968
MA0496.3	39581	0.78156961429645	0.051960976023268
MA0052.4	39581	0.826838022639148	0.0690242120924142
MA0620.3	39581	0.782309462593879	0.0468456605990307
MA1108.2	39581	0.899363072512792	0.0609424033428142
MA0499.2	39581	0.852062112601774	0.0458619016840735
MA0500.2	39581	0.8533758343134	0.0585715418905274
MA0056.2	39581	0.848323128621642	0.0454754827434119
MA0089.2	39581	0.766972016886263	0.0438805896609448
MA0025.2	39581	0.815477099204841	0.0587853062271262
MA0502.2	39581	0.826567891360406	0.0511885703398357
MA0063.2	39581	0.87063931919608	0.0472069018115218
MA1112.2	39581	0.856826042715176	0.050194873163156
MA0679.2	39581	0.774167647233116	0.0676077051564715
MA0712.2	39581	0.870592513762454	0.0550721642333328
MA1113.2	39581	0.812771008683225	0.0589010719763504
MA0681.2	39581	0.76590110345321	0.07276692384116
MA0782.2	39581	0.801450738250806	0.0493595202049049
MA0627.2	39581	0.81827966091841	0.0610741328267674
MA0508.3	39581	0.882286154832348	0.0509336672664604
MA0684.2	39581	0.86195386895063	0.0495479591707261
MA0743.2	39581	0.789249896480367	0.0427718996416632
MA0744.2	39581	0.791430330344919	0.0422276290287698
MA0745.2	39581	0.850066381191249	0.0528509311556312
MA0143.4	39581	0.862272804261185	0.0521238403147423
MA0081.2	39581	0.801892002696026	0.0419020177525224
MA0829.2	39581	0.806720613060835	0.0542291017601473
MA0522.3	39581	0.894381166670314	0.0513390489387621
MA0830.2	39581	0.862944993806003	0.0508810517325003
MA0769.2	39581	0.865078838383555	0.0537636946472853
MA0090.3	39581	0.828902838520605	0.047405456762722
MA0809.2	39581	0.84715827003897	0.0476257254742312
MA0003.4	39581	0.844177365624008	0.051434393681514
MA0814.2	39581	0.847446201792371	0.0526893687470494
MA1123.2	39581	0.849386471294057	0.046660015476404
MA0093.3	39581	0.801580108365792	0.0469542563272221
MA0748.2	39581	0.835630049108356	0.051653484667975
MA0528.2	39581	0.87831609398478	0.0570786977958436
MA0609.2	39581	0.752087824502125	0.0524325470218322
MA1684.1	39581	0.976538747956686	0.041172930271306
MA1928.1	39581	0.840329106371971	0.0534390341355802
MA1929.1	39581	0.699047979116487	0.0365597608481229
MA1930.1	39581	0.692223377044165	0.0350350274864719
MA1931.1	39581	0.753117083133824	0.0405426360771987
MA1932.1	39581	0.748269854219265	0.0360209062325484
MA1933.1	39581	0.758058717473202	0.0380691331619215
MA1934.1	39581	0.796321640562608	0.0411731207862872
MA1935.1	39581	0.84387274965199	0.0346245191550716
MA1936.1	39581	0.854637794401131	0.0332689231632435
MA1937.1	39581	0.814721254454611	0.0363295610280084
MA1938.1	39581	0.77309289539448	0.0366831340430042
MA1939.1	39581	0.754217016400763	0.0338574309839227
MA1940.1	39581	0.786816539168056	0.0400545832418946
MA1941.1	39581	0.781041317739763	0.0398070081200132
MA1942.1	39581	0.81227489785906	0.0378032536182653
MA1943.1	39581	0.788573698129439	0.0375005850078346
MA1944.1	39581	0.799201440887617	0.0366641903285435
MA1945.1	39581	0.793893397827484	0.0417184401389996
MA1946.1	39581	0.829301827942627	0.0353301955222178
MA1947.1	39581	0.849694498167856	0.0359590911880054
MA1948.1	39581	0.803183531601627	0.0347178129099734
MA1949.1	39581	0.768602835124302	0.0358939107239325
MA1950.1	39581	0.818256064426812	0.0418715139658503
MA1951.1	39581	0.747016510183777	0.0484246169976576
MA1952.1	39581	0.831772955334084	0.0386867659302188
MA1953.1	39581	0.823122868372748	0.0396907732376687
MA1954.1	39581	0.81833097741897	0.0421197454031185
MA1955.1	39581	0.813056040389218	0.0417555744013061
MA1956.1	39581	0.802632876581586	0.0404250609636622
MA1957.1	39581	0.765875828205232	0.0390878291733492
MA1958.1	39581	0.746707214693081	0.0382159906701435
MA1959.1	39581	0.930735142453533	0.0643020401192152
MA1960.1	39581	0.81625478032448	0.0449313652349841
MA1961.1	39581	0.899902482717807	0.068406689949208
MA1962.1	39581	0.764166959168419	0.0477158893354184
MA1963.1	39581	0.823160406517101	0.0646186585487433
MA1964.1	39581	0.903725657235061	0.057387940377472
MA1965.1	39581	0.938555664862991	0.0551837490375068
MA1966.1	39581	0.801335702542433	0.0400768763065974
MA1967.1	39581	0.746459172052433	0.0414686858132665
MA1968.1	39581	0.830553122582922	0.0427478465679858
MA1969.1	39581	0.743798653450011	0.0394234052897933
MA1970.1	39581	0.833748571905214	0.0549095250987976
MA1971.1	39581	0.834671949584996	0.0423017983424775
MA1972.1	39581	0.847732086807791	0.0382008630070669
MA1973.1	39581	0.756743932835771	0.0400862958975222
MA1974.1	39581	0.766163945735112	0.0558226629411872
MA1975.1	39581	0.795824747925405	0.0363257712125213
MA1976.1	39581	0.765628333521566	0.0418175354249038
MA1977.1	39581	0.779519019476628	0.0333389274352194
MA1978.1	39581	0.77945909505854	0.0488593219404933
MA1979.1	39581	0.841044080669139	0.0440226492964318
MA1980.1	39581	0.797395986941266	0.036050259582111
MA1981.1	39581	0.813413987311832	0.0493812985819022
MA1982.1	39581	0.807642248948496	0.042847091433309
MA1983.1	39581	0.688037068783689	0.0353727589787372
MA1984.1	39581	0.826167479403455	0.037567019177108
MA1985.1	39581	0.766954114478541	0.0430225265924548
MA1986.1	39581	0.881456754797248	0.0617602134116356
MA1987.1	39581	0.80495984861245	0.0350322575324649
MA1988.1	39581	0.854942998171158	0.0537451374497743
MA1989.1	39581	0.814505682696291	0.0498320008342631
MA1990.1	39581	0.816132974255773	0.0441340381988178
MA1991.1	39581	0.829398859290998	0.0425859254559064
MA1992.1	39581	0.829649376220828	0.0435406143605098
MA1993.1	39581	0.894807619305466	0.0625346790070849
MA1994.1	39581	0.844010726971405	0.0529528157503678
MA1995.1	39581	0.841327010140586	0.0470860997005303
MA1996.1	39581	0.897737539465795	0.0620784999901487
MA1997.1	39581	0.895907366885023	0.0643677177574027
MA1998.1	39581	0.825188380715786	0.0441019703648595
MA1999.1	39581	0.793168156993606	0.0398123496988909
MA2001.1	39581	0.846721560670825	0.0480684062375759
MA2002.1	39581	0.898951512612935	0.042277137076037
MA2003.1	39581	0.907772857999026	0.0344414738057748
MA0037.4	39581	0.845059225863761	0.0521029276091087
MA0041.2	39581	0.820809401888025	0.0564408050988428
MA0050.3	39581	0.798770601493594	0.0499055058411762
MA0067.2	39581	0.785312132238352	0.0321901969741475
MA0078.2	39581	0.819625848965268	0.0473584551466161
MA0079.5	39581	0.915120062055193	0.0732926746386181
MA0080.6	39581	0.791142614183685	0.0434008809212838
MA0087.2	39581	0.835604206025425	0.0438174769966169
MA0095.3	39581	0.845280935093734	0.0519834036546194
MA0136.3	39581	0.869834068083675	0.0452128034110242
MA0152.2	39581	0.824680246632721	0.0512388871374009
MA0156.3	39581	0.815729524650459	0.0490371113445901
MA0157.3	39581	0.863560433196956	0.0544208119236532
MA0160.2	39581	0.87379622965676	0.0442948973835027
MA0466.3	39581	0.761593943727304	0.0446415844557086
MA0467.2	39581	0.889654864900404	0.0678398344733777
MA0474.3	39581	0.839327588773981	0.0436557379527869
MA0480.2	39581	0.872051044677664	0.0535731805532575
MA0489.2	39581	0.842204268892326	0.0545141022529377
MA0493.2	39581	0.943263798641347	0.0611097131196615
MA0505.2	39581	0.806058024132139	0.0478387969524695
MA0506.2	39581	0.785339442630293	0.0692758818547653
MA0507.2	39581	0.767821991537156	0.0599432989758907
MA0509.3	39581	0.721654301911598	0.0467755624144598
MA0514.2	39581	0.873792157143502	0.051987089995965
MA0516.3	39581	0.923192879005752	0.0646981780406442
MA0521.2	39581	0.870482204744273	0.0589238619581888
MA0526.4	39581	0.782753205259912	0.053069474864831
MA0606.2	39581	0.852980598204607	0.0501611203157111
MA0607.2	39581	0.8040470510346	0.0472646210510132
MA0611.2	39581	0.769585031257021	0.0558522424922178
MA0624.2	39581	0.873089158130248	0.0541086152475224
MA0625.2	39581	0.93937729701211	0.0348075678522931
MA0633.2	39581	0.89829590685992	0.0676256324693565
MA0642.2	39581	0.906580333600997	0.0522961390969728
MA0644.2	39581	0.895343905623235	0.0590842321545698
MA0650.3	39581	0.851079368578172	0.0550689885864272
MA0651.2	39581	0.771899479239988	0.0473614075923334
MA0659.3	39581	0.766347769099944	0.0453589443801697
MA0666.2	39581	0.894270844268137	0.0604447655611099
MA0668.2	39581	0.837541168581719	0.0432547091740092
MA0680.2	39581	0.767513184440285	0.0686240170558545
MA0685.2	39581	0.9260144311665	0.0660971730731699
MA0690.2	39581	0.817158934186652	0.0424892439726332
MA0693.3	39581	0.877297715872503	0.0531549006216334
MA0697.2	39581	0.838468299520898	0.0512338165097708
MA0707.2	39581	0.925673501498492	0.0560801683506232
MA0708.2	39581	0.898602779204127	0.0577594530765037
MA0723.2	39581	0.934810871348694	0.0402505778131679
MA0734.3	39581	0.83043034265223	0.0443842062039398
MA0740.2	39581	0.928328509946187	0.0621386382020121
MA0742.2	39581	0.910585318928394	0.0714687087180002
MA0754.2	39581	0.800152749949213	0.0535834653385403
MA0756.2	39581	0.823080210533499	0.0502061873617784
MA0759.2	39581	0.821998615040151	0.0536037375653284
MA0764.3	39581	0.847645676641234	0.0496269931568008
MA0765.3	39581	0.821653845267952	0.0526773949192134
MA0768.2	39581	0.813221813627802	0.0468746048254078
MA0784.2	39581	0.752819440340685	0.0561464095471869
MA0798.3	39581	0.723324148491796	0.0457730667222216
MA0799.2	39581	0.728531883969136	0.0441460791530207
MA0818.2	39581	0.820876689336384	0.0482254439163341
MA0819.2	39581	0.867113427842867	0.0460947089425109
MA0821.2	39581	0.839379430660698	0.0509915482483661
MA0828.2	39581	0.757441344804794	0.0496333008423626
MA0831.3	39581	0.790956100694648	0.053158722431028
MA0837.2	39581	0.766018211852998	0.0445762840745192
MA0847.3	39581	0.849454133122976	0.0513390223545168
MA0865.2	39581	0.819125252654321	0.0419468527073077
MA0869.2	39581	0.862677035934098	0.0436326432355487
MA0877.3	39581	0.86671115777233	0.0509037954699547
MA0878.3	39581	0.841258202073261	0.0544399022692762
MA0879.2	39581	0.9237941586322	0.0485141993761558
MA0884.2	39581	0.801464122871992	0.0559194428221021
MA0885.2	39581	0.829074386163592	0.05201455546435
MA0909.3	39581	0.865089652565883	0.067330791148523
MA1110.2	39581	0.916843189767186	0.0606094207670047
MA1467.2	39581	0.870511574478469	0.0502199777009585
MA1472.2	39581	0.850881488395358	0.0497410963788126
MA1476.2	39581	0.831123906930951	0.0528899176546866
MA1483.2	39581	0.832281743397484	0.0417876523940789
MA1487.2	39581	0.838567851940579	0.052640633446296
MA1491.2	39581	0.748415546921234	0.0388672453677718
MA1498.2	39581	0.920938509800942	0.0460871019673893
MA1511.2	39581	0.918430862325314	0.0671678812611055
MA1518.2	39581	0.752579590655822	0.0481027564527746
MA1524.2	39581	0.811212899553276	0.0420491903571043
MA1525.2	39581	0.887807115991938	0.0503305231532501
MA1532.2	39581	0.773052617812597	0.0376669383721148
MA1547.2	39581	0.886649976156582	0.0581197111051522
MA1563.2	39581	0.935902827254257	0.0437610188053512
MA1566.2	39581	0.83818149954698	0.0438614939846453
MA1567.2	39581	0.845385337906276	0.0436778254513253
MA1573.2	39581	0.761236832815852	0.0541267744117275
MA1601.2	39581	0.80502480363828	0.0408058486792615
MA1630.2	39581	0.88204373853775	0.0671768038120577
MA1633.2	39581	0.828889729961302	0.053431894547368
MA1647.2	39581	0.786407949830161	0.0405479307697496
MA0597.2	39581	0.865102457215824	0.0526302637055145
MA1540.2	39581	0.769453313670082	0.0485083646650879
