[SHORT TFBS MATRIX]
MA0004.1	31504	0.884188616401732	0.0670823556504386
MA0069.1	31504	0.795487203866754	0.0349979897622533
MA0071.1	31504	0.86679276737771	0.0494543111477794
MA0074.1	31504	0.782622399508044	0.037186381846779
MA0101.1	31504	0.890486921430457	0.0389087008227395
MA0107.1	31504	0.849306768896059	0.0472990620973803
MA0111.1	31504	0.883839158805972	0.0287842562520332
MA0115.1	31504	0.709438825787985	0.042446865544733
MA0116.1	31504	0.842302753659413	0.0400279552929922
MA0119.1	31504	0.760701629670283	0.046862941776725
MA0130.1	31504	0.982435010490672	0.0243795344122999
MA0142.1	31504	0.793335795479366	0.0431260767774832
MA0149.1	31504	0.716425287281612	0.0586884441452528
MA0151.1	31504	0.960236982825034	0.0560444397270397
MA0155.1	31504	0.867944664097141	0.0373966428169244
MA0159.1	31504	0.816727130803224	0.0323150245314586
MA0163.1	31504	0.808546164998443	0.0455868906850015
MA0145.2	31504	0.851487182170628	0.0369200251895344
MA0468.1	31504	0.84382094725384	0.0458545971472776
MA0515.1	31504	0.902763223919327	0.0430161407434333
MA0258.2	31504	0.825721462226637	0.0381172154622853
MA0595.1	31504	0.873387424806199	0.0418838415984885
MA0596.1	31504	0.859158059997232	0.0429899766711568
MA0599.1	31504	0.939687541619546	0.052248416350372
MA0604.1	31504	0.860013634598462	0.0515483325152802
MA0608.1	31504	0.854113511159029	0.0488330745853095
MA0613.1	31504	0.884066662657916	0.0587645621185746
MA0614.1	31504	0.908296170900983	0.0507583791422859
MA0636.1	31504	0.79620258576341	0.0535155251300867
MA0641.1	31504	0.799131305481678	0.0487647088323086
MA0042.2	31504	0.901185801841891	0.0524721701669951
MA0033.2	31504	0.9355370871267	0.0495410107560877
MA0153.2	31504	0.775476826715452	0.0532407176536317
MA0486.2	31504	0.779477828320644	0.0498598550247056
MA0653.1	31504	0.724218824945904	0.0431002190927256
MA0655.1	31504	0.814138383669755	0.0540205451884159
MA0660.1	31504	0.796580469283767	0.0523351205737866
MA0663.1	31504	0.797663668049258	0.0511631971227654
MA0665.1	31504	0.839529793379436	0.0428916029598494
MA0667.1	31504	0.829013296601976	0.0467778403529669
MA0669.1	31504	0.831908445042125	0.0448883932568486
MA0676.1	31504	0.879397814458134	0.0445704915429615
MA0678.1	31504	0.836920739513531	0.046019663065181
MA0068.2	31504	0.864237685832281	0.0527879743158636
MA0512.2	31504	0.755405605821929	0.0445767445431945
MA0083.3	31504	0.720935122993153	0.0440701407847073
MA0009.2	31504	0.733524876633505	0.0402650792955783
MA0689.1	31504	0.833586128272177	0.0408786682112726
MA0691.1	31504	0.830253424328106	0.0511907201626348
MA0696.1	31504	0.781741982983795	0.0436042380803135
MA0713.1	31504	0.826620972264273	0.0542124790635633
MA0715.1	31504	0.804466340877251	0.0599037952337687
MA0724.1	31504	0.867329956261649	0.0495562443012301
MA0728.1	31504	0.742569074941678	0.0447336253763094
MA0729.1	31504	0.725075481699914	0.040842167738447
MA0730.1	31504	0.736968926767036	0.0395466376006892
MA0731.1	31504	0.705766859486682	0.0414564673315748
MA0472.2	31504	0.816553843576779	0.048316488560207
MA0736.1	31504	0.795633896430701	0.0408953202008749
MA0737.1	31504	0.757062465268874	0.0382964618425432
MA0741.1	31504	0.886722616069409	0.0583903986338766
MA0088.2	31504	0.771696295955423	0.0401374485782682
MA0758.1	31504	0.717398495262317	0.045308857843605
MA0770.1	31504	0.793072746113162	0.048169748068673
MA0771.1	31504	0.816910977683484	0.0452681979811268
MA0773.1	31504	0.809384083113803	0.0534946797702192
MA0774.1	31504	0.899974560514547	0.0490921865759641
MA0776.1	31504	0.773415621821194	0.0409451456872172
MA0777.1	31504	0.738641295685447	0.0383501471873534
MA0105.4	31504	0.735428068234892	0.0499973606236235
MA0780.1	31504	0.787403033134004	0.0598870177887561
MA0783.1	31504	0.758431266758997	0.0482844503620399
MA0787.1	31504	0.821778244552099	0.054487792081557
MA0788.1	31504	0.815521275908201	0.0524078389795717
MA0789.1	31504	0.847765311911095	0.0585337821859868
MA0792.1	31504	0.867324447227623	0.0533379339554769
MA0794.1	31504	0.785650872899451	0.0405785022802591
MA0795.1	31504	0.792978677276066	0.0474710484131202
MA0796.1	31504	0.734924793277229	0.0510019585965679
MA0797.1	31504	0.765798388087485	0.0472480641302633
MA0511.2	31504	0.860189165565263	0.0441916129828776
MA0801.1	31504	0.885243859995386	0.0453698451791269
MA0803.1	31504	0.865828888008029	0.0503272539896036
MA0805.1	31504	0.866983653837687	0.0502596756537689
MA0806.1	31504	0.892410978556979	0.0434542974314033
MA0807.1	31504	0.899835713749007	0.0408998373061626
MA0808.1	31504	0.908542857924804	0.0480090571973991
MA0813.1	31504	0.824452878545564	0.0517022024095635
MA0815.1	31504	0.815970014690223	0.0538111201561897
MA0816.1	31504	0.861444401225984	0.0472044336938656
MA0822.1	31504	0.743816196538362	0.0508277417144209
MA0823.1	31504	0.823784346765174	0.0559110382388945
MA0826.1	31504	0.820616396797726	0.048842403481071
MA0827.1	31504	0.85779006132232	0.0415280155616261
MA0838.1	31504	0.805003262746804	0.0438144289875257
MA0845.1	31504	0.853333055801755	0.052079313362814
MA0032.2	31504	0.88137217923513	0.0493878061259847
MA0848.1	31504	0.918948879594708	0.0481899954928334
MA0849.1	31504	0.904995141687375	0.0524114440262822
MA0850.1	31504	0.946348259890474	0.0337638067078628
MA0855.1	31504	0.75220686702145	0.0447074438403289
MA0856.1	31504	0.762728352814808	0.0438706659528394
MA0857.1	31504	0.718619536421385	0.0447130156722832
MA0858.1	31504	0.732355999687026	0.0407634358559672
MA0860.1	31504	0.722208102063626	0.0411439519700831
MA0525.2	31504	0.726515030672793	0.0366069797211693
MA0106.3	31504	0.734784811074796	0.0363376788833897
MA0862.1	31504	0.839097673292939	0.046143085871815
MA0863.1	31504	0.746819294916642	0.0384156168463228
MA0024.3	31504	0.780414274076904	0.0431754963488723
MA0866.1	31504	0.737182902902743	0.0470115914665093
MA0870.1	31504	0.738013404817816	0.0468442083219296
MA0872.1	31504	0.810650461771911	0.0550449444723781
MA1124.1	31504	0.754273004600161	0.053301392407932
MA1155.1	31504	0.768430467484932	0.0429164240988643
MA1127.1	31504	0.785690293298436	0.0528801283787411
MA1129.1	31504	0.79546676443604	0.0525926376060257
MA1136.1	31504	0.809278518946179	0.0512968075654573
MA1420.1	31504	0.772707354116199	0.0369793880937063
MA1421.1	31504	0.809086155081191	0.0425097429908938
MA1468.1	31504	0.8811612323915	0.0374423244515632
MA1485.1	31504	0.786602038614657	0.042633886140843
MA1489.1	31504	0.823855700863382	0.0715649074701568
MA1493.1	31504	0.82223682029498	0.0419383723310794
MA1509.1	31504	0.819704286015192	0.0424313823300858
MA1538.1	31504	0.758516934714837	0.0408668360815239
MA1539.1	31504	0.744676121692816	0.0419010030621841
MA1555.1	31504	0.782111184056272	0.0390920651858066
MA1556.1	31504	0.777392514902633	0.0406521059484248
MA1557.1	31504	0.812754677924778	0.0438185405408106
MA1570.1	31504	0.89630925225825	0.0405332257006574
MA1571.1	31504	0.778957445128194	0.0442287649689635
MA1572.1	31504	0.786798511165076	0.043667906791334
MA1580.1	31504	0.830332123997111	0.0513050292163692
MA1587.1	31504	0.796731115292138	0.0435715288967842
MA1588.1	31504	0.763147901155971	0.0393255670743837
MA1594.1	31504	0.704920532922205	0.0296783044575583
MA1596.1	31504	0.785642429061178	0.0655823160160777
MA1597.1	31504	0.730149943997413	0.0390694542630753
MA0158.2	31504	0.907451618651644	0.0473946830364628
MA0912.2	31504	0.868039892589693	0.0540776972514356
MA0623.2	31504	0.834798929122521	0.0476622573806344
MA2093.1	31504	0.921269740903473	0.0433810970566171
MA2094.1	31504	0.796450531387829	0.0332460736449437
MA2095.1	31504	0.833176080241931	0.0462699062978797
MA2096.1	31504	0.855168172254004	0.0460307356286465
MA1715.1	31504	0.749972137886331	0.0405495495858534
MA2097.1	31504	0.800025248179125	0.0448866238017584
MA2098.1	31504	0.877991766674084	0.0481985472605808
MA2099.1	31504	0.896078600854661	0.0501389345521768
MA1718.1	31504	0.695283852880676	0.039753928498637
MA2100.1	31504	0.672087357649229	0.0395772685187127
MA2101.1	31504	0.809082764920865	0.0431984797584854
MA1684.1	31504	0.976136444695786	0.0402908167371087
MA2102.1	31504	0.824106324102315	0.0508211473158362
MA1931.1	31504	0.757174106714681	0.0408080324343296
MA1957.1	31504	0.769326934461023	0.0395020997985767
MA1962.1	31504	0.770016544813586	0.0427328473126648
MA1972.1	31504	0.843267548306448	0.038670496092316
MA1980.1	31504	0.802753138943203	0.0351871511402127
MA1985.1	31504	0.76260769016379	0.0415359823069226
MA2117.1	31504	0.892631530218396	0.0535712899713009
MA2118.1	31504	0.873711034239992	0.0529449163066081
MA2119.1	31504	0.919131639387419	0.0534540455982581
MA2120.1	31504	0.848814742050177	0.0354662780971537
MA2121.1	31504	0.839053543066556	0.0561455947792362
MA2122.1	31504	0.807605314096934	0.0487255428817012
MA2123.1	31504	0.868340560928211	0.0461545339828886
MA2124.1	31504	0.891713100923668	0.0710937683021638
MA2125.1	31504	0.885591713648653	0.0527309299373565
MA2126.1	31504	0.848157593379218	0.0595389409956604
MA0079.5	31504	0.908345166409694	0.074612414359731
MA0509.3	31504	0.726718607315115	0.0485026144243001
MA0516.3	31504	0.914847428579297	0.0663694798263429
MA0607.2	31504	0.81288029431766	0.0478131811039135
MA0685.2	31504	0.920973020647164	0.067353539246078
MA0740.2	31504	0.92330635648777	0.0626066132286145
MA0742.2	31504	0.902246146552437	0.0728296175222207
MA0798.3	31504	0.727698898614729	0.04730322163511
MA0818.2	31504	0.829809255830821	0.0477306270609137
MA0821.2	31504	0.833918015566495	0.0494257366611833
MA0831.3	31504	0.787496846930811	0.0548722684592541
MA0878.3	31504	0.846236201664036	0.0489103001217503
MA0884.2	31504	0.806994704004839	0.0497996377206349
MA1511.2	31504	0.913628986458195	0.0677664194607248
MA1532.2	31504	0.771830055253374	0.0375284398633097
MA1547.2	31504	0.885691700326355	0.0611576728379961
MA1563.2	31504	0.94158613171898	0.0392682146020144
MA1573.2	31504	0.76217842660276	0.0565345605334847
MA1601.2	31504	0.805740588180517	0.0409465310790381
MA1633.2	31504	0.833708785107403	0.0522147405028395
MA2323.1	31504	0.726724185922544	0.0434196791201617
MA2324.1	31504	0.899947617504726	0.0516477008725272
MA2325.1	31504	0.831881853194429	0.0484097681565723
MA2326.1	31504	0.960641716521285	0.063551776082166
MA2327.1	31504	0.871324542067549	0.0634383713552485
MA2328.1	31504	0.839287464876128	0.07975483127303
MA2329.1	31504	0.844667673337394	0.055724395602864
MA2330.1	31504	0.828563314398047	0.0551622186613284
MA2331.1	31504	0.700392257103584	0.0335363802147071
MA2332.1	31504	0.861858234858818	0.0497119092793367
MA2333.1	31504	0.875032802548245	0.0634216335174218
MA2334.1	31504	0.769097811138134	0.0405652093660561
MA2335.1	31504	0.67787541633144	0.0369716763643575
MA2336.1	31504	0.906191795680482	0.050842627130365
MA2337.1	31504	0.957415379603938	0.0630232027869921
MA2338.1	31504	0.900575393303387	0.0546108697173423
MA2339.1	31504	0.878716460455116	0.0483953561120319
MA2340.1	31504	0.813044601852169	0.0524813864199936
MA2341.1	31504	0.90992946074068	0.0486223223324328
MA0619.2	31504	0.935278998294247	0.0611235513418729
MA0006.2	31504	0.94778810163276	0.063508051690026
MA0854.2	31504	0.859597335767452	0.0618591339747364
MA0634.2	31504	0.929849151570478	0.0564871000797088
MA0853.2	31504	0.80739280759345	0.0505237953851944
MA0690.3	31504	0.829022871009291	0.0438888992753966
MA0007.4	31504	0.759411900295906	0.0416952051720296
MA1463.2	31504	0.851868076948554	0.0656245924566782
MA0601.2	31504	0.92118506314656	0.0575335290895138
MA0602.2	31504	0.872873311324936	0.0602400257965384
MA0259.2	31504	0.94347972045485	0.0669541112656472
MA1464.2	31504	0.844155533262368	0.0590796280997882
MA0603.2	31504	0.84965247797415	0.0564421949595458
MA0874.2	31504	0.839590578642652	0.0548808018412706
MA1100.3	31504	0.909462341266103	0.0432707866850705
MA1631.2	31504	0.876200882392401	0.051502360347825
MA1632.2	31504	0.828990483429489	0.0555337346397474
MA1988.2	31504	0.889068786405415	0.0562485394295282
MA0605.3	31504	0.782105756996246	0.0604233518638055
MA0833.3	31504	0.817233456605591	0.0489728426282065
MA1466.2	31504	0.754922658301718	0.0419812147543247
MA0834.2	31504	0.770548467660946	0.0580523690974809
MA0461.3	31504	0.885644040676367	0.0465991318970096
MA1467.3	31504	0.9022636133599	0.0561918322121796
MA0591.2	31504	0.804054968401479	0.0444692749693254
MA0496.4	31504	0.816140888469872	0.0511832350956228
MA1101.3	31504	0.795410181852143	0.0490502649182888
MA1470.2	31504	0.73121161213206	0.0376913230246265
MA0877.4	31504	0.910428387362834	0.049331329013822
MA0635.2	31504	0.948821733172824	0.0394372191836403
MA0875.2	31504	0.947391481864958	0.0499385214078689
MA1471.2	31504	0.888576288923422	0.0498369720363586
MA1634.2	31504	0.887293768986046	0.0576292237732397
MA0462.3	31504	0.887207512768681	0.0575533644064832
MA0489.3	31504	0.855241332636257	0.0553586096530367
MA0488.2	31504	0.844558280230004	0.0502534291396094
MA0835.3	31504	0.889759841979957	0.0563334739992036
MA1989.2	31504	0.853635259902135	0.0510113530852714
MA0463.3	31504	0.789267929651815	0.0420458415303088
MA1472.3	31504	0.866144056545809	0.0527400378364519
MA1635.2	31504	0.900814699403114	0.0790016144657688
MA0817.2	31504	0.81945870737969	0.0495141767636542
MA0464.3	31504	0.849384216001985	0.0575925156747517
MA1928.2	31504	0.881271299100595	0.058736643212583
MA0876.2	31504	0.958225009060316	0.0444708390068027
MA0465.3	31504	0.863046347555163	0.0549157662311784
MA1473.2	31504	0.870532640489108	0.0537884774968713
MA0102.5	31504	0.821025639992581	0.0469229751493202
MA0466.4	31504	0.770385473048796	0.0442059112576897
MA0836.3	31504	0.862281254598446	0.0520267308598444
MA0837.3	31504	0.774085314434839	0.0439731323607115
MA1636.2	31504	0.818647119444698	0.0470648279942134
MA0819.3	31504	0.895453333286349	0.0502665456117116
MA0018.5	31504	0.856904251938642	0.0619409617327201
MA0638.2	31504	0.788440590689505	0.0428292679723667
MA0839.2	31504	0.759491641605801	0.0412621177784906
MA1474.2	31504	0.826444260381562	0.0437351330274561
MA1475.2	31504	0.83337791346779	0.053073676521667
MA0840.2	31504	0.795661398612568	0.0572788982703553
MA0609.3	31504	0.778806377871742	0.059220900215956
MA0467.3	31504	0.894810364225611	0.0710900517123177
MA0139.2	31504	0.820490566194804	0.0450159795289014
MA1929.2	31504	0.704641157007306	0.03890343420352
MA1930.2	31504	0.694656848118927	0.0360778621768708
MA1102.3	31504	0.877580182133153	0.0583846256441738
MA0754.3	31504	0.815728209238334	0.0499442532003678
MA0650.4	31504	0.87747613442228	0.0515491164536449
MA0901.3	31504	0.858753728176613	0.0551569935434143
MA0755.2	31504	0.820031233737133	0.0534626839434025
MA0639.2	31504	0.829313404425684	0.050166904311789
MA0019.2	31504	0.864275212587563	0.0382119905600024
MA0879.3	31504	0.940733393068266	0.0470063216878182
MA0885.3	31504	0.843565135151111	0.0511939099131913
MA0880.2	31504	0.929991186334183	0.0567872427919568
MA0881.2	31504	0.931218003228319	0.0555097220642113
MA1476.3	31504	0.845729660800631	0.0517701091407656
MA0882.2	31504	0.933104642367586	0.0558205695673216
MA0883.2	31504	0.857801538968426	0.0465755209955321
MA1603.2	31504	0.859492999708154	0.054797273838562
MA0610.2	31504	0.904141208570815	0.0547429430680261
MA1707.2	31504	0.86789434887098	0.0446832177107122
MA1478.2	31504	0.969650555854621	0.0326114061510903
MA1479.2	31504	0.833744026550997	0.0442353784173072
MA1480.2	31504	0.849238062538744	0.0465642425358359
MA1481.2	31504	0.93213543515494	0.0576221833600288
MA0611.3	31504	0.789388989129457	0.0522162525924194
MA0864.3	31504	0.782988244825783	0.0421952919779883
MA0469.4	31504	0.722816906962943	0.0400065435165366
MA0756.3	31504	0.842539729128486	0.0496686075397938
MA0470.3	31504	0.766773583759896	0.0424708892972861
MA0471.3	31504	0.887462684324896	0.0515000892113011
MA0865.3	31504	0.851359953612647	0.0501845833210542
MA0154.5	31504	0.812744705874639	0.0497225817192857
MA1604.2	31504	0.8447173731965	0.0535812797204454
MA1637.2	31504	0.844505748906567	0.0554600979617534
MA0162.5	31504	0.847834805998891	0.057547729331187
MA0732.2	31504	0.802427959922646	0.0595905559804203
MA0733.2	31504	0.824551927490467	0.053405234271076
MA0598.4	31504	0.879823137503039	0.0484676448155116
MA0473.4	31504	0.864133490630216	0.0507175965105604
MA1483.3	31504	0.857552438713453	0.0459467838916995
MA0640.3	31504	0.87969056841343	0.0476060848783377
MA0136.4	31504	0.902875864972373	0.046270540699544
MA0028.3	31504	0.829596726436388	0.0562332450108116
MA0800.2	31504	0.854717330751717	0.0458888587073072
MA1708.2	31504	0.897372547155828	0.0416522795846278
MA1495.2	31504	0.936158073556827	0.0473077539092365
MA1932.2	31504	0.754276407996801	0.0370352593211844
MA0779.2	31504	0.766893345698371	0.0334204430754919
MA0014.4	31504	0.845712316688264	0.049709491686315
MA0781.2	31504	0.742856934669776	0.035744833995637
MA0686.2	31504	0.830935075992487	0.0437726747663593
MA1933.2	31504	0.757929999049652	0.0414901956609162
MA0828.3	31504	0.771156902534991	0.0544631639258799
MA0843.2	31504	0.821974986904888	0.0491873002342722
MA0759.3	31504	0.832121443955009	0.057363242289938
MA0076.3	31504	0.880806536928731	0.0506626765456737
MA0612.3	31504	0.9149333582659	0.0638290421837786
MA0886.2	31504	0.916088175350443	0.0602138016888638
MA0027.3	31504	0.939310243063673	0.053321424619956
MA0642.3	31504	0.92018751664752	0.0491591429714862
MA0760.2	31504	0.860761040403678	0.0461944551809731
MA1934.2	31504	0.809541094138193	0.0419201608014568
MA0820.2	31504	0.957732331902394	0.051886953104857
MA1935.2	31504	0.901698646540318	0.0363347885272372
MA1936.2	31504	0.871094294973408	0.0343103593025868
MA0480.3	31504	0.895409357640377	0.0509886657419805
MA1937.2	31504	0.834772557664748	0.0365321223675248
MA0058.4	31504	0.888454655982299	0.0594240472554172
MA1938.2	31504	0.773423225151813	0.0363925730005804
MA0048.3	31504	0.863595152645591	0.0504895293883349
MA1939.2	31504	0.756167792874826	0.0347030148500359
MA0474.4	31504	0.85669421576429	0.046244355425209
MA0112.4	31504	0.7455185226964	0.0429267106609701
MA0592.4	31504	0.84322403650917	0.0554139066545722
MA0141.4	31504	0.822837513519902	0.0534603372764715
MA0643.2	31504	0.868134431724909	0.0491576241151289
MA0644.3	31504	0.907071592631021	0.0570078598472444
MA0098.4	31504	0.875718003512903	0.0458443800890359
MA1484.2	31504	0.871776480660828	0.0477996423345996
MA0761.3	31504	0.871186987913978	0.0483858616010222
MA0762.2	31504	0.853361203591152	0.0462430809169136
MA1940.2	31504	0.803132996379614	0.0406109958615143
MA1941.2	31504	0.793955468091312	0.041755969888333
MA1942.2	31504	0.861067152200955	0.0423558376270272
MA1943.2	31504	0.807600879184944	0.037261408219818
MA0763.2	31504	0.865214539103943	0.0428340185995074
MA0764.4	31504	0.857111085354481	0.0516861732050076
MA0765.4	31504	0.829493549655841	0.0554934005538812
MA1944.2	31504	0.812351827810632	0.038225156310419
MA1945.2	31504	0.800715845799169	0.0418049872708607
MA1946.2	31504	0.84345251187938	0.0361387583813939
MA1947.2	31504	0.880805109277087	0.037469794037978
MA1948.2	31504	0.816616277900662	0.0362774433205207
MA0900.3	31504	0.913690314181899	0.0687016097340911
MA0645.2	31504	0.879118295471182	0.0486879562990331
MA0887.2	31504	0.944764570086932	0.0472562334877888
MA0888.2	31504	0.944263501766229	0.0482262751015796
MA0156.4	31504	0.831482296552411	0.0536037214011561
MA0475.3	31504	0.859665287496468	0.0482743792061144
MA1949.2	31504	0.781337941689833	0.0360854797150864
MA1950.2	31504	0.847530641568071	0.0436418668364489
MA0476.2	31504	0.869488523565473	0.0563093165732929
MA1951.2	31504	0.750648111676349	0.0510482686579695
MA0099.4	31504	0.857688081112059	0.0490171283845514
MA1126.2	31504	0.808097454640369	0.0521288528215144
MA1134.2	31504	0.846395051027113	0.0519613042417343
MA1140.3	31504	0.759617269942636	0.0556603776425189
MA0490.3	31504	0.821500967274368	0.0550851857066682
MA1141.2	31504	0.850376968616697	0.0513856733390571
MA0492.2	31504	0.842178901725363	0.0494630912783141
MA0491.3	31504	0.821562666519993	0.0550521221968912
MA1135.2	31504	0.853452443770674	0.0517252235994038
MA0477.3	31504	0.832994270095459	0.0543555001769087
MA1128.2	31504	0.853952335939444	0.050360102100918
MA1137.2	31504	0.855548402637116	0.0484914310411681
MA1142.2	31504	0.896259987628642	0.0441572262308791
MA1143.2	31504	0.851511645314253	0.0464123077098661
MA0478.2	31504	0.867343661975176	0.0508804675850534
MA1130.2	31504	0.858218110806808	0.0500828661735635
MA1131.2	31504	0.816114575178693	0.0533315757695575
MA1138.2	31504	0.849641161574005	0.0528326286957704
MA1139.2	31504	0.791105429205283	0.0569362522725609
MA1144.2	31504	0.850192274906802	0.0515461024648637
MA1145.2	31504	0.813222774577152	0.0548674590411968
MA0148.5	31504	0.86029947405189	0.0537108913766585
MA0047.4	31504	0.890461220009583	0.0538966100280329
MA1683.2	31504	0.892489221677665	0.0550613134563597
MA0846.2	31504	0.883762065618523	0.0494919824537643
MA0031.2	31504	0.895232138903351	0.0534296059473239
MA0847.4	31504	0.870902703474859	0.050499234725528
MA0041.3	31504	0.848497062672779	0.0537717033136074
MA1487.3	31504	0.853870905506654	0.0489086547048218
MA1606.2	31504	0.907459919896674	0.0575488721211359
MA0030.2	31504	0.865005836956398	0.0502395615071059
MA0479.2	31504	0.883486947832834	0.0499836285860753
MA1952.2	31504	0.863866231836656	0.0398904201188096
MA0682.3	31504	0.913666482923998	0.0644423759003482
MA0851.2	31504	0.880753563408852	0.0524182240603785
MA0852.3	31504	0.900667237848347	0.0511659147841717
MA1103.3	31504	0.894261645826066	0.0552133365545068
MA1607.2	31504	0.845264878761054	0.0519724694556037
MA1953.2	31504	0.831183780230839	0.0390778278860346
MA1954.2	31504	0.826895870628529	0.0424483733259046
MA1955.2	31504	0.820585276334077	0.0411422983896834
MA1956.2	31504	0.814193990889465	0.0397581298089131
MA0157.4	31504	0.897603584393753	0.0521117866111487
MA0481.4	31504	0.896295308430383	0.054494373440157
MA0593.2	31504	0.896341597194795	0.0500037376765393
MA0040.2	31504	0.867261887944368	0.0486779972590092
MA0062.4	31504	0.845912650914439	0.0477323911952569
MA0035.5	31504	0.889503703971033	0.0502239992625998
MA0140.3	31504	0.808803504879214	0.0427912037682255
MA0036.4	31504	0.891386317280529	0.0557069227228912
MA0037.5	31504	0.866313413094617	0.0504925179875947
MA0482.3	31504	0.868759367420753	0.0479301986584119
MA0766.3	31504	0.904313964199071	0.0526867766174963
MA1104.3	31504	0.86695408385455	0.0510265205153883
MA0889.2	31504	0.90098015863567	0.061675415806069
MA0890.2	31504	0.919163723191733	0.0656148819111151
MA0646.2	31504	0.830610761945358	0.0394957941262408
MA0143.5	31504	0.899908337224909	0.0521682300382464
MA0767.2	31504	0.871320763003986	0.0409914580378295
MA0038.3	31504	0.834954962881424	0.0438605057093404
MA0483.2	31504	0.877729217724582	0.0419409610847208
MA1990.2	31504	0.824830480565605	0.0459416909472854
MA0734.4	31504	0.84461041959941	0.0468628685095435
MA1491.3	31504	0.744463903158339	0.0402678332354177
MA0735.2	31504	0.718959641558131	0.0409105308573981
MA0615.2	31504	0.903875993842829	0.0525279841007582
MA0647.2	31504	0.803965981134556	0.0473505288879931
MA1105.3	31504	0.860567283806944	0.0506947737307009
MA0648.2	31504	0.925021135286165	0.0584475091936624
MA0891.2	31504	0.931840096640384	0.0507013146116686
MA0892.2	31504	0.951992121848524	0.0418283828995429
MA0893.3	31504	0.946008616414102	0.0414395085217247
MA0092.2	31504	0.915656074299983	0.0338823029079533
MA0522.4	31504	0.908299352525621	0.0538388675862841
MA1638.2	31504	0.927572858649667	0.0707587559986656
MA1099.3	31504	0.882612094150218	0.0599955035193483
MA0616.3	31504	0.841080935119155	0.0586189302060934
MA0894.2	31504	0.921217339492105	0.0666315584628702
MA0649.2	31504	0.849853916880716	0.0517562156837493
MA0739.2	31504	0.903887869573303	0.0406183962821486
MA0738.2	31504	0.975070362368778	0.0315951592084154
MA1106.2	31504	0.881197252176336	0.0624957265806095
MA0131.3	31504	0.863024944831512	0.0533570509893347
MA0043.4	31504	0.838996018241042	0.0529976542769139
MA0895.2	31504	0.91552245194337	0.0471840136079417
MA0896.2	31504	0.846462666375395	0.0494806250069764
MA0897.2	31504	0.792268281056522	0.0450494839011453
MA0898.2	31504	0.849194544707837	0.04997266497372
MA1991.2	31504	0.846194490308534	0.0438489131696114
MA0046.3	31504	0.789927567045577	0.0532615041989392
MA1494.2	31504	0.761225363223466	0.0423613985512785
MA0114.5	31504	0.835764380332837	0.0498733101221157
MA0484.3	31504	0.838910845611115	0.0492057188328174
MA0899.2	31504	0.89127679054917	0.050119565837693
MA0911.2	31504	0.864293823823437	0.0419217749783955
MA1496.2	31504	0.940177882826831	0.039896217651029
MA1497.2	31504	0.923258108670866	0.0426185069371225
MA1498.3	31504	0.959411226151235	0.0435143447742642
MA0594.3	31504	0.91382624982048	0.0385601812917859
MA0902.3	31504	0.952823098848817	0.0515151779829918
MA1566.3	31504	0.850941232672759	0.0462390461665612
MA0903.2	31504	0.954405397581664	0.0462951502227155
MA1499.2	31504	0.934481863358879	0.065994016120606
MA0904.3	31504	0.928509252989689	0.0562450785082452
MA1500.2	31504	0.93636438752854	0.0407129999054107
MA1501.2	31504	0.908659600718076	0.04759101631768
MA1502.2	31504	0.927850656612876	0.0500692733532868
MA1503.2	31504	0.839501749929208	0.0475640489449042
MA0905.2	31504	0.8779652859692	0.0456603711318843
MA0651.3	31504	0.777948159852902	0.0448545742052359
MA0906.2	31504	0.817454379890885	0.0439262295590131
MA0907.2	31504	0.82964564896788	0.0480042629357652
MA1504.2	31504	0.948939697975825	0.054001463142801
MA1505.2	31504	0.94667732975262	0.0420081992030687
MA0485.3	31504	0.827335746662027	0.0488855915480474
MA1506.2	31504	0.815375601617877	0.0450767841971276
MA0908.2	31504	0.862526314873778	0.0449308368203619
MA0873.2	31504	0.825509905543474	0.0439244561431808
MA1958.2	31504	0.758638270303538	0.0394990160147453
MA0909.4	31504	0.887059910462651	0.064648330582684
MA1507.2	31504	0.945866549530478	0.0593814040370418
MA0910.3	31504	0.92796964665796	0.0501533569097986
MA0913.3	31504	0.873124508106323	0.0520459122894248
MA1508.2	31504	0.894311908862918	0.0485533282029666
MA1992.2	31504	0.873545161877339	0.0478557512616075
MA0050.4	31504	0.830129449361649	0.0478076340382897
MA0051.2	31504	0.796533013884811	0.0403618308858871
MA1418.2	31504	0.752752399355487	0.0422470548311075
MA1419.2	31504	0.731730100592982	0.042049647852873
MA0772.2	31504	0.801777743110415	0.0434185629223811
MA0652.2	31504	0.746570882887136	0.0424106408096199
MA1608.2	31504	0.882639309383735	0.0529987376798477
MA0914.2	31504	0.952440102750722	0.0420134698920177
MA0654.2	31504	0.91633295274316	0.069143268053255
MA0656.2	31504	0.786306214210243	0.0584887755468018
MA1132.2	31504	0.883833461674799	0.0471079842344094
MA1133.2	31504	0.800520277395663	0.0499550555660437
MA0493.3	31504	0.941878475364501	0.063869359375789
MA1512.2	31504	0.88920818616803	0.0537971019261693
MA0657.2	31504	0.76003064758194	0.0432134870957686
MA1513.2	31504	0.895875354870707	0.0882633615103339
MA1514.2	31504	0.806779063511146	0.0459417741579384
MA1515.2	31504	0.930646508196043	0.0565220019345289
MA1516.2	31504	0.857012812479293	0.0613618873548343
MA0039.5	31504	0.91604467612013	0.0636438144901746
MA1517.2	31504	0.905621988510913	0.0512320846420458
MA1959.2	31504	0.928742656834267	0.0671610799297814
MA1107.3	31504	0.844745199813082	0.0535962177956047
MA0618.2	31504	0.910097257635094	0.0507105974686229
MA0699.2	31504	0.930196737788794	0.056218702557945
MA0768.3	31504	0.869755459123754	0.0512463004575225
MA1518.3	31504	0.800680873990228	0.0498427600918197
MA0700.3	31504	0.903321755254596	0.0650616479422437
MA0135.2	31504	0.840053097875517	0.0544063952177285
MA0704.2	31504	0.928452039777484	0.048985667218847
MA1519.2	31504	0.894688151156723	0.0638207111627528
MA0658.2	31504	0.870924539294377	0.0546226721860957
MA0705.2	31504	0.937810180643784	0.0538753560641266
MA0701.3	31504	0.892233280250414	0.0590698209310466
MA0702.3	31504	0.87287075607585	0.0691776307544193
MA0703.3	31504	0.839516624615725	0.0705941174402325
MA1520.2	31504	0.78320236728338	0.0400029757573542
MA0501.2	31504	0.809345642471464	0.0456887221209464
MA0841.2	31504	0.796988371381826	0.0523268874181498
MA1521.2	31504	0.784060652446331	0.0402984634888264
MA0117.3	31504	0.85042557444385	0.0417990173685838
MA0495.4	31504	0.806903055029855	0.0452866028582977
MA0659.4	31504	0.783974104244349	0.0494161375200656
MA0089.3	31504	0.797377302890735	0.047537353827075
MA0059.2	31504	0.827625384669943	0.0499574800993581
MA0147.4	31504	0.854772557060739	0.0548409630554259
MA1522.2	31504	0.909679180520242	0.0699759120873843
MA0029.2	31504	0.814224254443354	0.0459171594051576
MA0052.5	31504	0.839063073481794	0.0536462883897792
MA0497.2	31504	0.863063217112535	0.0462248667098771
MA0498.3	31504	0.985123218666069	0.0355147106027302
MA1639.2	31504	0.846511145886522	0.0511508523427227
MA1640.2	31504	0.844018231301892	0.0546884137783717
MA0775.2	31504	0.939116527268326	0.0437557976439747
MA0661.2	31504	0.906944320376825	0.0529907888955427
MA0706.2	31504	0.910203896258211	0.0483858267226922
MA1960.2	31504	0.823313885032497	0.0432314434560593
MA0620.4	31504	0.806401310868414	0.0531912526195411
MA0621.2	31504	0.862270570864868	0.0765185973203228
MA0662.2	31504	0.933272835089126	0.0537907958085926
MA0622.2	31504	0.854484086676824	0.0739777164892819
MA0664.2	31504	0.863594437679314	0.0524640835020735
MA0825.2	31504	0.889705298804792	0.0560800267887132
MA0707.3	31504	0.952914159817769	0.0522581398406977
MA1523.2	31504	0.92654221628704	0.0447243115666577
MA1524.3	31504	0.840940838875034	0.0453194041277192
MA0666.3	31504	0.922189224009561	0.0607127733862188
MA0708.3	31504	0.926120139392549	0.0574411354147271
MA0709.2	31504	0.914477511732524	0.0651145086689038
MA1108.3	31504	0.924368544646773	0.0665126549526135
MA0100.4	31504	0.913675856474367	0.0695667595546672
MA0104.5	31504	0.835167150229567	0.0564261215565093
MA1641.2	31504	0.86249291906405	0.0552043669720852
MA0499.3	31504	0.866101847070805	0.0472472251019203
MA0500.3	31504	0.879092691027159	0.0617617416370356
MA0056.3	31504	0.871277792435941	0.0498623059061396
MA1109.2	31504	0.888302798380302	0.0492147158010016
MA1993.2	31504	0.902882482385916	0.077610265403265
MA0668.3	31504	0.886660781025848	0.0493619608136689
MA1642.2	31504	0.904785533060999	0.0539886965838336
MA0606.3	31504	0.887965586702259	0.0488412533814203
MA0624.3	31504	0.945397035739806	0.0663368447522627
MA0152.3	31504	0.882714603420784	0.0516873155158548
MA0625.3	31504	0.976735635858942	0.0321341714162645
MA1525.3	31504	0.903961184822552	0.048595883150664
MA0150.3	31504	0.807847192202807	0.0460004409800222
MA0670.2	31504	0.896785593363806	0.0811350834643187
MA1643.2	31504	0.7346753159437	0.0443823433882861
MA0161.3	31504	0.891896014901485	0.0532240144416865
MA1527.2	31504	0.769894872249837	0.0482808940976283
MA0025.3	31504	0.843133236681278	0.0546284493250476
MA0671.2	31504	0.966987914529248	0.0302007320471447
MA1528.2	31504	0.785497758296289	0.0477610906068121
MA0778.2	31504	0.782413924272753	0.0532501828922741
MA0060.4	31504	0.874839774565712	0.0550419749622863
MA0502.3	31504	0.856592194130755	0.0528499744410575
MA1644.2	31504	0.892063180028222	0.0551737775506748
MA1529.2	31504	0.760008881768041	0.044300244758643
MA1994.2	31504	0.883213892360474	0.0526354952541971
MA1645.2	31504	0.869022889660915	0.0469871301408063
MA0672.2	31504	0.912511777950587	0.0427186826827386
MA2003.2	31504	0.920433417022563	0.0366201898421087
MA0063.3	31504	0.895214449530018	0.0478696684007456
MA0673.2	31504	0.931308706949481	0.033319054321355
MA0124.3	31504	0.905848361702189	0.0463515031477885
MA0122.4	31504	0.840979857456604	0.0492083273480085
MA0674.2	31504	0.922255798600271	0.0521877070719007
MA0675.2	31504	0.953331984794315	0.0478383969695444
MA1530.2	31504	0.912576377735692	0.0486850130688891
MA0125.2	31504	0.934629227497337	0.053464567118682
MA0710.2	31504	0.92418443108098	0.0499752430931656
MA0626.2	31504	0.88261721336381	0.0491556557714651
MA1995.2	31504	0.856275150355596	0.0519889100955139
MA1531.2	31504	0.793260837479514	0.0375851657702216
MA1996.2	31504	0.923088521538123	0.0701592476456214
MA0494.2	31504	0.828336545269432	0.031644881585786
MA1110.3	31504	0.9321293994105	0.0631188805216199
MA1146.2	31504	0.789607647553408	0.0367807939826636
MA1533.2	31504	0.812104556729161	0.0338169472187908
MA1534.2	31504	0.906380824027668	0.0465576213663291
MA1535.2	31504	0.963401954877447	0.0519923379792627
MA0504.2	31504	0.841614069360124	0.0357240954759438
MA1536.2	31504	0.979366868575452	0.0266256378695194
MA0164.2	31504	0.889445847654851	0.067849757356968
MA0017.3	31504	0.851585635026851	0.0482757975995907
MA1537.2	31504	0.784223173453757	0.0425878430842716
MA1111.2	31504	0.89982546989804	0.0537903429649433
MA0677.2	31504	0.777413765183123	0.043568847012364
MA0113.4	31504	0.764804984250394	0.0445222151294079
MA0727.2	31504	0.765490007550159	0.0444536906277261
MA1112.3	31504	0.879508735957455	0.0500534051381886
MA0160.3	31504	0.897454239932996	0.0444734256241931
MA1147.2	31504	0.802547840675187	0.0360773342864766
MA1540.3	31504	0.804224820490776	0.0595056354696118
MA0505.3	31504	0.852228429698348	0.0548081148396123
MA1541.2	31504	0.798425752127711	0.0440791628370109
MA0506.3	31504	0.796664311261509	0.0720874127567603
MA0842.3	31504	0.823840514799878	0.0425656157671611
MA1997.2	31504	0.905956316233196	0.0754769115580915
MA0679.3	31504	0.830660352695382	0.0604699151591772
MA0757.2	31504	0.793387027977501	0.0572240526981156
MA1542.2	31504	0.876257838370202	0.0456264239990698
MA1646.2	31504	0.888158392166035	0.0492338523422868
MA0711.2	31504	0.928889000219609	0.0555065966467492
MA0712.3	31504	0.900694155686108	0.0602792721973236
MA1544.2	31504	0.800453501119957	0.0466091338459837
MA1545.2	31504	0.846724323350248	0.047235841911628
MA1961.2	31504	0.902242858102576	0.0712219873042725
MA0067.3	31504	0.784252923005369	0.0327307663324987
MA1546.2	31504	0.778926622724111	0.0346347007015069
MA0680.3	31504	0.795114033999392	0.0607926529104472
MA0070.2	31504	0.850500696978673	0.0456656840903701
MA1113.3	31504	0.838773847671002	0.0558139120647358
MA1114.2	31504	0.805245017291996	0.0477579405508588
MA0132.3	31504	0.939250368144988	0.0602458548581397
MA0681.3	31504	0.78519320464293	0.0608068979214495
MA0714.2	31504	0.929513557130717	0.05283576618154
MA0782.3	31504	0.823519721400633	0.050326672104366
MA1615.2	31504	0.870460096007254	0.0557196026957186
MA1548.2	31504	0.867837132829851	0.0616492853775949
MA0784.3	31504	0.766343113497092	0.0529949500241212
MA0785.2	31504	0.860708401123161	0.0539072886678206
MA0507.3	31504	0.782180069008396	0.0559565786999904
MA0627.3	31504	0.842018108157766	0.0575499055364062
MA0786.2	31504	0.855025050301869	0.0553736971017326
MA0790.2	31504	0.808950721498084	0.0585252266773133
MA0683.2	31504	0.742366097951345	0.0511109768953889
MA0791.2	31504	0.803525440868541	0.0589107924710204
MA1115.2	31504	0.902668446744412	0.0557601933856474
MA0628.2	31504	0.884381497523471	0.0704026585630891
MA1549.2	31504	0.901967828433263	0.0511372497587326
MA0793.2	31504	0.852864536854215	0.0542386919498242
MA1148.2	31504	0.78703724915006	0.0343109214568306
MA1550.2	31504	0.787189706298648	0.0410880102581289
MA0066.2	31504	0.770127188146004	0.0312490639797846
MA0065.3	31504	0.850905086814894	0.0358133594761191
MA0508.4	31504	0.916124825110907	0.0582490696514497
MA1998.2	31504	0.857238289202746	0.0503143326452535
MA1616.2	31504	0.817626901001747	0.0431548198703038
MA1647.3	31504	0.831484616549063	0.0441089020027186
MA1999.2	31504	0.813600220944383	0.0436698112949739
MA1723.2	31504	0.840367931554531	0.0450844747040448
MA0716.2	31504	0.932185656455459	0.0589466928330722
MA0075.4	31504	0.879985715553847	0.0671067696471713
MA1618.2	31504	0.86678143705087	0.0501775119567869
MA1619.2	31504	0.872150873741419	0.0553549045560802
MA1620.2	31504	0.88412565849279	0.0505362316350937
MA1149.2	31504	0.812612065372706	0.0358032318886635
MA1552.2	31504	0.782979288751545	0.0385931057615058
MA0859.2	31504	0.741023252219032	0.0444156935103086
MA1553.2	31504	0.77372402815756	0.0397044596929369
MA0718.2	31504	0.934796950518421	0.0579008344462814
MA0717.2	31504	0.933744454223115	0.0575046870517564
MA1116.2	31504	0.950756744336107	0.0638035897482582
MA1117.2	31504	0.888459070753618	0.0496691323058611
MA0138.3	31504	0.713739228993653	0.03904214727829
MA0600.3	31504	0.75706642941043	0.0493805991962272
MA0799.3	31504	0.749326312039404	0.0495346565915988
MA0510.3	31504	0.74614966938783	0.0496263754480134
MA1724.2	31504	0.843268257697482	0.0509942313093229
MA1554.2	31504	0.914319569745119	0.0344216123509006
MA0629.2	31504	0.880989516884514	0.0401026525008458
MA0719.2	31504	0.980763471919425	0.0218263921581594
MA0072.2	31504	0.821827168645388	0.0475415173339572
MA1150.2	31504	0.868856232576781	0.0405996168799899
MA1151.2	31504	0.879853588360476	0.0390168899937298
MA0073.2	31504	0.830316849460055	0.0477092158471275
MA0002.3	31504	0.89936572480473	0.0397898941980624
MA0684.3	31504	0.883389473326696	0.0499574157834955
MA1963.2	31504	0.864993286074708	0.0633401259574253
MA0743.3	31504	0.827259746807888	0.0454833124444643
MA0744.3	31504	0.824841967263277	0.0456118246771908
MA0630.2	31504	0.93793019760971	0.0575676654495009
MA0720.2	31504	0.928289100109865	0.0624876149333197
MA1118.2	31504	0.853728319348846	0.0467802906992505
MA1119.2	31504	0.809582130331448	0.0445698614913677
MA0631.2	31504	0.799036912784934	0.0447933104287375
MA2001.2	31504	0.896902451113685	0.0510276092221952
MA1964.2	31504	0.93254266454521	0.0638190276184826
MA1153.2	31504	0.913478208004024	0.0623551984674565
MA1558.2	31504	0.926599445817569	0.054012333703149
MA0745.3	31504	0.877925614853326	0.0519340170022937
MA1559.2	31504	0.876168026388243	0.0491510473935218
MA1560.2	31504	0.838934786293892	0.0547986291171861
MA0442.3	31504	0.93811597892007	0.0681388407315122
MA0869.3	31504	0.886800693094283	0.0471543931951859
MA1561.2	31504	0.809601990884163	0.0423834317578668
MA1120.2	31504	0.896559977828858	0.0563795892406601
MA1562.2	31504	0.830005587431136	0.0460232596111494
MA1152.2	31504	0.955190222843287	0.0386775794137641
MA0078.3	31504	0.830775131957018	0.0471052384016736
MA0514.3	31504	0.898161950599249	0.0531506332854351
MA0867.3	31504	0.925910510011322	0.0458826812418788
MA0087.3	31504	0.876134928359968	0.0469615375292415
MA0868.3	31504	0.925320743308867	0.0487679816465038
MA0077.2	31504	0.893222972738983	0.0436274652856358
MA0746.3	31504	0.871196121882818	0.060835614675351
MA1965.2	31504	0.960626131337676	0.0672376967108579
MA0747.2	31504	0.895997042675795	0.0474531547528587
MA1564.2	31504	0.895865385284815	0.0600657792983341
MA0080.7	31504	0.808804828865108	0.0445541086729603
MA0081.3	31504	0.819135896545876	0.042963030499725
MA0687.2	31504	0.839042676466677	0.0377872579821424
MA0829.3	31504	0.812851710659052	0.049016713827852
MA0084.2	31504	0.950234649676195	0.0383452318490856
MA0137.4	31504	0.887469450171321	0.0481847506846796
MA0517.2	31504	0.840193553761248	0.0426084480033944
MA1623.2	31504	0.859428869668265	0.0525116287699666
MA0144.3	31504	0.905620671083027	0.0438201852436681
MA0518.2	31504	0.891877923692126	0.0439060384399965
MA1624.2	31504	0.859911485363136	0.0505184086001094
MA0519.2	31504	0.90227400192188	0.0438218611711091
MA1625.2	31504	0.857433392395859	0.0547716401891782
MA0520.2	31504	0.878252492754076	0.0464867655169973
MA0091.2	31504	0.862632837236887	0.0450134396673509
MA0108.3	31504	0.932551535780894	0.0533379293720486
MA0802.2	31504	0.852807630550896	0.0458492504700887
MA1565.2	31504	0.863176828847471	0.0442982504975654
MA0804.2	31504	0.735145438841798	0.039685225236071
MA0688.2	31504	0.875232946516117	0.0420384538662273
MA1567.3	31504	0.856974931706814	0.0458341761918963
MA0521.3	31504	0.910795956121645	0.0715055953621424
MA1648.2	31504	0.909100972488699	0.0540419230521581
MA0832.2	31504	0.795302641465143	0.0497708901050566
MA1568.2	31504	0.857039710238385	0.0400549359766365
MA0830.3	31504	0.889836605152187	0.0522889931589386
MA0769.3	31504	0.908331842674037	0.0580880873292108
MA0523.2	31504	0.890139632486182	0.0436090507501476
MA0632.3	31504	0.871447121084859	0.0631059948739049
MA0090.4	31504	0.845505074620194	0.0504235564378182
MA1121.2	31504	0.893579815658582	0.0506878533233742
MA0809.3	31504	0.872771257953782	0.0502208507573455
MA0810.2	31504	0.895192992841372	0.0471553166871908
MA0003.5	31504	0.858864933608575	0.0566770313661813
MA0811.2	31504	0.880769256306922	0.0466141842106124
MA0812.2	31504	0.875728192363093	0.0558544331443249
MA0524.3	31504	0.877763294722538	0.0464839974519746
MA0814.3	31504	0.860425070565665	0.0551753793152396
MA1569.2	31504	0.898823602748262	0.0616608012459438
MA1966.2	31504	0.815206625952202	0.041900574802391
MA1967.2	31504	0.754115375995669	0.0432907870913196
MA1968.2	31504	0.846642003067363	0.0424978333729184
MA1122.2	31504	0.869978904425234	0.0590193923099588
MA0692.2	31504	0.879134117367198	0.0500418217208824
MA0871.3	31504	0.835184293534315	0.059267510731437
MA0597.3	31504	0.893787656999829	0.0522670621719489
MA1969.2	31504	0.757379897695361	0.0356887419829913
MA1574.2	31504	0.826905018998937	0.0369527968237136
MA1575.2	31504	0.766878274145382	0.0400684009403755
MA1576.2	31504	0.765141126478946	0.0348220893604753
MA1577.2	31504	0.923858189659686	0.076594634566484
MA0861.2	31504	0.770200552776552	0.0402959770995441
MA1970.2	31504	0.861285901769076	0.0528604059346209
MA1123.3	31504	0.877180498683297	0.049015493161545
MA0633.3	31504	0.903303428405178	0.0772377679160182
MA0721.2	31504	0.931024952265017	0.0577020856132228
MA0093.4	31504	0.815030317937092	0.0512061526295516
MA0526.5	31504	0.786339419206887	0.0560428254341674
MA0722.2	31504	0.917102367655539	0.0510629539998526
MA0723.3	31504	0.956548272769062	0.0378523531154255
MA0693.4	31504	0.907650255738263	0.0572917550364564
MA1578.2	31504	0.933830013440618	0.0664831468204221
MA0725.2	31504	0.892731246116206	0.0594001950635038
MA0726.2	31504	0.883415878063428	0.0609023208786885
MA1627.2	31504	0.864586037161691	0.0567283040729005
MA0844.2	31504	0.797828608441025	0.044304258230626
MA0095.4	31504	0.874155061256187	0.0533548465442895
MA0748.3	31504	0.873579768469713	0.0536955286014649
MA0749.2	31504	0.733721915409438	0.0404030322615592
MA1971.2	31504	0.867180720443143	0.0435118587783102
MA1649.2	31504	0.909801323086554	0.060238529148158
MA1650.2	31504	0.850150755840705	0.0638283299151386
MA0698.2	31504	0.832141999177906	0.0459776195684562
MA1579.2	31504	0.901945792024788	0.0527165026901225
MA0527.2	31504	0.795703198679641	0.0549175545675623
MA1581.2	31504	0.862770890367636	0.0488026135528751
MA0750.3	31504	0.862255616370648	0.0542042745426141
MA0694.2	31504	0.836742891942314	0.0465343639590972
MA0695.2	31504	0.893744875833874	0.0420331273104085
MA0103.4	31504	0.939156866717377	0.0650676640100556
MA2002.2	31504	0.928946454008024	0.0469503270794857
MA1651.2	31504	0.783333425131783	0.0494745402950307
MA1583.2	31504	0.861392986597895	0.055605749698724
MA0146.3	31504	0.885708485793174	0.0550762655789179
MA1628.2	31504	0.913651053015132	0.0556026022508076
MA1629.2	31504	0.86293618738067	0.0514637355488611
MA0697.3	31504	0.906154649984327	0.0594304770602919
MA0751.2	31504	0.814837912192239	0.0411513869931574
MA1584.2	31504	0.780827979347187	0.0441651967502897
MA1709.2	31504	0.837643888495128	0.0471774447250504
MA1585.2	31504	0.836582131027951	0.0510265389530029
MA1973.2	31504	0.770750718566577	0.0473653951636008
MA1652.2	31504	0.875142998219459	0.0495038593971888
MA1589.2	31504	0.719882237467942	0.0353517240490655
MA1653.2	31504	0.877268222844976	0.0724471130594094
MA1654.2	31504	0.728798573326177	0.0332496545382023
MA1725.2	31504	0.857011866049495	0.0481401437822015
MA1974.2	31504	0.80354674545558	0.0542174213537539
MA1975.2	31504	0.811242201679006	0.0367536549322192
MA1710.2	31504	0.90569520754199	0.0432692168637238
MA0528.3	31504	0.91744142525889	0.0630318826257868
MA1592.2	31504	0.822054877618716	0.0387761179291063
MA1630.3	31504	0.886356152837296	0.0717327666339714
MA1154.2	31504	0.77409458600719	0.0371706976507083
MA1593.2	31504	0.876129573109127	0.0516617201359032
MA1976.2	31504	0.770380184582516	0.0406053141109422
MA1977.2	31504	0.813073988485757	0.036864656078559
MA1726.2	31504	0.842874094645299	0.0508837582828726
MA1655.2	31504	0.875478015956644	0.0485216694521598
MA1711.2	31504	0.756476052952161	0.0412571082606058
MA1978.2	31504	0.781507775074203	0.0424164196050926
MA1125.2	31504	0.914941701396519	0.079560329645579
MA0752.2	31504	0.720258292309375	0.0425854272890796
MA1979.2	31504	0.8437393460177	0.0461841883242991
MA1727.2	31504	0.862419639131713	0.0624838790970583
MA1656.2	31504	0.835229170739857	0.0468382431323669
MA1712.2	31504	0.803896755991501	0.0469268446054319
MA1981.2	31504	0.827923117378052	0.0464048132031865
MA1728.2	31504	0.882250661366284	0.0522613887024046
MA1982.2	31504	0.808251720925046	0.0420703503093824
MA1983.2	31504	0.701956922510099	0.035458411976718
MA1713.2	31504	0.823648871068648	0.0665275868720748
MA1657.2	31504	0.836801336569787	0.0531405628059146
MA1984.2	31504	0.835287107576187	0.0396006851343806
MA1714.2	31504	0.768793801623569	0.0332000785215882
MA1729.2	31504	0.823546977337243	0.0418338458973843
MA1599.2	31504	0.806355677674426	0.0532910010107991
MA1600.2	31504	0.767646121350963	0.0383358959984092
MA1986.2	31504	0.882350354112774	0.0617746131430886
MA1987.2	31504	0.811182821489624	0.0379961829011608
MA1730.2	31504	0.853827117624276	0.0493006052599504
MA0753.3	31504	0.853834696522285	0.0681075628495136
MA1716.2	31504	0.771323910548487	0.040951333342531
MA1731.2	31504	0.896925478967318	0.0452861302390778
MA1717.2	31504	0.856402361031154	0.0469347977026851
MA1719.2	31504	0.770848805720152	0.0435058321190689
MA1720.2	31504	0.8017978601261	0.04326224733402
MA1721.2	31504	0.795436128096989	0.0649009041459816
MA1602.2	31504	0.821543542692769	0.0459405587992859
MA1722.2	31504	0.728076497700787	0.0346216932863721
