[SHORT TFBS MATRIX]
MA0004.1	39518	0.860776566360177	0.0675123005823761
MA0069.1	39518	0.76812855002059	0.039260517654044
MA0071.1	39518	0.823683409791274	0.0542747574843998
MA0074.1	39518	0.755947577640729	0.0392524515590795
MA0101.1	39518	0.869739249468308	0.0446877060284885
MA0107.1	39518	0.826251318393337	0.0533305384644176
MA0111.1	39518	0.866536462842165	0.0312630392814348
MA0115.1	39518	0.674304071505887	0.044618893910883
MA0116.1	39518	0.826195910034833	0.0432923861394168
MA0119.1	39518	0.738832388597131	0.0499537741473315
MA0130.1	39518	0.962404859708092	0.0375679040909722
MA0142.1	39518	0.749435578384948	0.056823019275164
MA0149.1	39518	0.688766755683328	0.0550233374768281
MA0151.1	39518	0.891056743082857	0.0880696431631616
MA0155.1	39518	0.856917172789811	0.0417974753780824
MA0159.1	39518	0.797421095674562	0.0338083927946982
MA0163.1	39518	0.800235661332438	0.0510004189016044
MA0145.2	39518	0.836197914027217	0.0400296340666186
MA0468.1	39518	0.800057250508645	0.0627790419633408
MA0515.1	39518	0.863468003067167	0.0524118032174287
MA0258.2	39518	0.800357712408573	0.040694662194578
MA0595.1	39518	0.852380692130962	0.0462984170777752
MA0596.1	39518	0.834402782066917	0.0481855775289552
MA0599.1	39518	0.927070096598669	0.0613277524660357
MA0604.1	39518	0.839002617260992	0.056022085328406
MA0608.1	39518	0.830968845832677	0.0539995774694005
MA0613.1	39518	0.826273830055816	0.0781503659437701
MA0614.1	39518	0.853362339860835	0.0705726345456647
MA0636.1	39518	0.775392470787431	0.0571239030150015
MA0641.1	39518	0.77973239663366	0.0526555383711766
MA0042.2	39518	0.84961741391517	0.0696804807860795
MA0033.2	39518	0.882511951478448	0.0681141125639271
MA0153.2	39518	0.722818821402621	0.0707669087497074
MA0486.2	39518	0.738641540270018	0.0542706285613256
MA0653.1	39518	0.689437557401898	0.0499272514849884
MA0655.1	39518	0.770379660163711	0.0639656230716238
MA0660.1	39518	0.747512630407751	0.073988996137662
MA0663.1	39518	0.773051517192953	0.0558908578023904
MA0665.1	39518	0.808464681711541	0.0473084776919647
MA0667.1	39518	0.790592960076985	0.0524202571373126
MA0669.1	39518	0.792964736955527	0.0497729821247135
MA0676.1	39518	0.834761207938135	0.057314095303688
MA0678.1	39518	0.793451019888606	0.0519170122717567
MA0068.2	39518	0.815829141485511	0.0694692594342999
MA0512.2	39518	0.723026968465141	0.0458413196382744
MA0083.3	39518	0.683776551412043	0.0492755409961063
MA0009.2	39518	0.700358250065942	0.0426974540180827
MA0689.1	39518	0.80046900167946	0.0471238703464304
MA0691.1	39518	0.796066735055512	0.0567961167007715
MA0696.1	39518	0.774025819831162	0.0486184583230532
MA0713.1	39518	0.771820058385274	0.0753094537798864
MA0715.1	39518	0.742234048309973	0.0845870788517283
MA0724.1	39518	0.821698969526043	0.0641586769389387
MA0728.1	39518	0.713198919032927	0.0475819740338283
MA0729.1	39518	0.69460656346818	0.0426132996661584
MA0730.1	39518	0.710818743557145	0.0409306756096085
MA0731.1	39518	0.667670490073772	0.0451330614725382
MA0472.2	39518	0.807563588776769	0.0548487965908548
MA0736.1	39518	0.787892540571187	0.0458174072666299
MA0737.1	39518	0.74259256516406	0.0409550390134815
MA0741.1	39518	0.870169460514248	0.0667082234012251
MA0088.2	39518	0.74660837092591	0.0425806099611018
MA0758.1	39518	0.691258006435457	0.0489800410965478
MA0770.1	39518	0.751977213913606	0.0532168846919215
MA0771.1	39518	0.781910189048709	0.0477131749012163
MA0773.1	39518	0.757272248918201	0.0773383143171277
MA0774.1	39518	0.86145418615034	0.0561613353010554
MA0776.1	39518	0.742805963114442	0.0455791702703802
MA0777.1	39518	0.711835871239759	0.0427035084960004
MA0105.4	39518	0.721821407612847	0.0548869749802059
MA0780.1	39518	0.729538044954257	0.0785226854703109
MA0783.1	39518	0.723215912806839	0.0518219387859545
MA0787.1	39518	0.767541355068149	0.0729643890267608
MA0788.1	39518	0.76198395484873	0.0731804246297925
MA0789.1	39518	0.78867621741408	0.0762957433990271
MA0792.1	39518	0.813061151696064	0.0715285319495895
MA0794.1	39518	0.758837085569251	0.0441196718536245
MA0795.1	39518	0.75268341449652	0.0501624512486647
MA0796.1	39518	0.697217130230872	0.0548863001509172
MA0797.1	39518	0.731099564390703	0.0504993457718678
MA0511.2	39518	0.830820113820038	0.0481275293610137
MA0801.1	39518	0.856743469298141	0.0507283606903749
MA0803.1	39518	0.834867369959752	0.0545273602788822
MA0805.1	39518	0.833068820161576	0.0562849877695422
MA0806.1	39518	0.862441636914696	0.0487309981251986
MA0807.1	39518	0.871992578616126	0.0457908773871596
MA0808.1	39518	0.87033272129695	0.0545557840801111
MA0813.1	39518	0.815678771549008	0.0576368919405959
MA0815.1	39518	0.809023136032929	0.0604607517997292
MA0816.1	39518	0.837565584041788	0.0526338375522241
MA0822.1	39518	0.730212398857134	0.0549367317078229
MA0823.1	39518	0.805282896527727	0.0621862705547954
MA0826.1	39518	0.774238517106523	0.0551861357123421
MA0827.1	39518	0.819286873917954	0.0469475185239658
MA0838.1	39518	0.775385244465501	0.0512496565639226
MA0845.1	39518	0.796476652754739	0.070137646969867
MA0032.2	39518	0.825661182842089	0.0692608621382541
MA0848.1	39518	0.869830042779912	0.0657615481073137
MA0849.1	39518	0.853948033906943	0.0686437279404897
MA0850.1	39518	0.908492816559423	0.0493449796164334
MA0855.1	39518	0.71984413975767	0.0459990588798615
MA0856.1	39518	0.729987942405876	0.0454015552287056
MA0857.1	39518	0.684103174197519	0.0477322315907926
MA0858.1	39518	0.700946310182067	0.0433926099993219
MA0860.1	39518	0.695395733234213	0.0443526317246095
MA0525.2	39518	0.696736684554262	0.0408392240814947
MA0106.3	39518	0.708016458511617	0.0387679309492761
MA0862.1	39518	0.81288614099282	0.0522156360716645
MA0863.1	39518	0.72891620631475	0.0401214656899465
MA0024.3	39518	0.769516936247051	0.0465384008587927
MA0866.1	39518	0.691786459020278	0.0576131916859397
MA0870.1	39518	0.692537090141421	0.0572944036948814
MA0872.1	39518	0.803805738389511	0.061837943726536
MA1124.1	39518	0.709783542288357	0.0640554334548711
MA1155.1	39518	0.731050871159709	0.0455296363990143
MA1127.1	39518	0.753782504105559	0.0604103810692317
MA1129.1	39518	0.765414279131743	0.0597730087795379
MA1136.1	39518	0.780393886810197	0.0576010753414531
MA1420.1	39518	0.746378631033185	0.0415462419995
MA1421.1	39518	0.767636236210398	0.0519366560375664
MA1468.1	39518	0.85003449256948	0.0404579374873477
MA1485.1	39518	0.770135018978823	0.0465483628715176
MA1489.1	39518	0.765834556404676	0.0825293561458679
MA1493.1	39518	0.801171955836915	0.0450825240551553
MA1509.1	39518	0.792157250886481	0.0484387812254737
MA1538.1	39518	0.736669367813943	0.0425948074838752
MA1539.1	39518	0.721997747307629	0.0434646683533505
MA1555.1	39518	0.763670586656438	0.0419939199025838
MA1556.1	39518	0.760146028492539	0.0439893925902353
MA1557.1	39518	0.781547902935202	0.045123526126158
MA1570.1	39518	0.861105908041174	0.0473339640008859
MA1571.1	39518	0.74929177183714	0.0463912459953839
MA1572.1	39518	0.756406972707	0.0458609567668217
MA1580.1	39518	0.777684537981151	0.0619934630379899
MA1587.1	39518	0.78502132820516	0.05566311657043
MA1588.1	39518	0.72783644223986	0.0454059729262575
MA1594.1	39518	0.680536221635831	0.0332211957254166
MA1596.1	39518	0.777408480135669	0.0721078875216972
MA1597.1	39518	0.706381073864149	0.0416672665159862
MA0158.2	39518	0.864053723117793	0.0598114398056704
MA0912.2	39518	0.818701211391834	0.066451871035518
MA0623.2	39518	0.792397693408474	0.0516560310281637
MA2093.1	39518	0.881759676651762	0.0562237525664075
MA2094.1	39518	0.78503338640795	0.0360658617915523
MA2095.1	39518	0.79253897172591	0.0561572129425175
MA2096.1	39518	0.840245411752514	0.0525432777434581
MA1715.1	39518	0.731492038208201	0.0427006900152377
MA2097.1	39518	0.772546852906302	0.0489902459094432
MA2098.1	39518	0.830561431472638	0.0588382518424186
MA2099.1	39518	0.887279508947576	0.0589961818536834
MA1718.1	39518	0.656739096982604	0.0461561507341659
MA2100.1	39518	0.642737788973452	0.0417964111420483
MA2101.1	39518	0.769370852969285	0.0514225775837449
MA1684.1	39518	0.95649023764275	0.0607282730463284
MA2102.1	39518	0.778254482898021	0.062480209915642
MA1931.1	39518	0.734734213445605	0.0455986824393456
MA1957.1	39518	0.747466420821642	0.043558050791431
MA1962.1	39518	0.725560231001376	0.0573153978617723
MA1972.1	39518	0.828204728507715	0.0431237887157103
MA1980.1	39518	0.772858158473244	0.0399383956892802
MA1985.1	39518	0.752820666642519	0.0461407019449329
MA2117.1	39518	0.838414755871776	0.0720009536522645
MA2118.1	39518	0.818728726884471	0.070761062261658
MA2119.1	39518	0.870220897509745	0.0672890157538295
MA2120.1	39518	0.823135752278583	0.0408110505483971
MA2121.1	39518	0.834979855106987	0.0677617028381901
MA2122.1	39518	0.788679815283473	0.0537920665224225
MA2123.1	39518	0.843618808504778	0.0502413458464811
MA2124.1	39518	0.821767895182791	0.103469180513221
MA2125.1	39518	0.860162067034941	0.0570417087240629
MA2126.1	39518	0.839583458671131	0.0671404281445541
MA0079.5	39518	0.897964954989514	0.0840501599771913
MA0509.3	39518	0.699071053407801	0.0515228735494733
MA0516.3	39518	0.907115186938816	0.0755219502844166
MA0607.2	39518	0.770580602384015	0.0509559653231585
MA0685.2	39518	0.9092663930727	0.0766576648483798
MA0740.2	39518	0.912112142780317	0.0723560851134756
MA0742.2	39518	0.893652555574161	0.0816423819363378
MA0798.3	39518	0.702905065351664	0.0501115607211821
MA0818.2	39518	0.786858385321678	0.0512598988886453
MA0821.2	39518	0.818076147672232	0.055615818186187
MA0831.3	39518	0.761282963002642	0.0600572871398129
MA0878.3	39518	0.799667659317577	0.0637827655718264
MA0884.2	39518	0.757700438889108	0.0650294762755991
MA1511.2	39518	0.901545952227049	0.0773156149102887
MA1532.2	39518	0.746686077691667	0.0400272729643124
MA1547.2	39518	0.8398087096224	0.0637785077375398
MA1563.2	39518	0.900412197851115	0.05433525360939
MA1573.2	39518	0.734153916855311	0.0586770974737441
MA1601.2	39518	0.779984339074044	0.0435821140042025
MA1633.2	39518	0.7920464329479	0.0615320416675104
MA2323.1	39518	0.683438505142749	0.0520400743261254
MA2324.1	39518	0.864058977823612	0.0588932124454738
MA2325.1	39518	0.81608686355632	0.05335904780711
MA2326.1	39518	0.923038070721334	0.0735729266165784
MA2327.1	39518	0.817707555924525	0.0730583145953744
MA2328.1	39518	0.839309971791921	0.0898108595348343
MA2329.1	39518	0.828431128154992	0.0607596798440647
MA2330.1	39518	0.809937074430921	0.0621124293239077
MA2331.1	39518	0.669504060374025	0.0374761300622668
MA2332.1	39518	0.828839932024864	0.0567288321872013
MA2333.1	39518	0.810174670394764	0.0846338146535404
MA2334.1	39518	0.738730817005678	0.044887702047557
MA2335.1	39518	0.635452110069039	0.0496924220600007
MA2336.1	39518	0.861143973572263	0.0611668283546399
MA2337.1	39518	0.918128854508854	0.073095479255525
MA2338.1	39518	0.856799755144476	0.0604914197192289
MA2339.1	39518	0.837080010820109	0.0610315223655574
MA2340.1	39518	0.798759858585133	0.0560057806304706
MA2341.1	39518	0.895005957195607	0.0548344417695675
MA0619.2	39518	0.870441710872281	0.0863787882823825
MA0006.2	39518	0.932570275538792	0.0710224255230075
MA0854.2	39518	0.80029588362977	0.0795400367009906
MA0634.2	39518	0.87806907220523	0.0768709624155439
MA0853.2	39518	0.761565123927453	0.0628525525944999
MA0690.3	39518	0.7978867675268	0.0470585713908997
MA0007.4	39518	0.730647213382531	0.0441540688920501
MA1463.2	39518	0.790290119062321	0.0849314025782501
MA0601.2	39518	0.852022308110105	0.0944194700665026
MA0602.2	39518	0.814892086674933	0.084026139822656
MA0259.2	39518	0.921233114180012	0.0737053536545143
MA1464.2	39518	0.817678523153281	0.0656056160097781
MA0603.2	39518	0.824322596787534	0.0614342064550281
MA0874.2	39518	0.788128939599455	0.0693484411031965
MA1100.3	39518	0.889113976881453	0.051325853113572
MA1631.2	39518	0.85659511655905	0.0555276166951082
MA1632.2	39518	0.791167135974627	0.0654464443315882
MA1988.2	39518	0.842230535265402	0.0697468536008426
MA0605.3	39518	0.749533827410494	0.0665931559283109
MA0833.3	39518	0.780136304892853	0.0592366818924154
MA1466.2	39518	0.736709111567976	0.0452648915669483
MA0834.2	39518	0.737924994082965	0.0647614028853813
MA0461.3	39518	0.843093594027217	0.053528960720283
MA1467.3	39518	0.862053971117781	0.06066151375646
MA0591.2	39518	0.777090814935531	0.0462271396464261
MA0496.4	39518	0.784728790638175	0.0591165501529166
MA1101.3	39518	0.762296480188083	0.0553138708590778
MA1470.2	39518	0.701045842198499	0.0439614719851675
MA0877.4	39518	0.868139071864692	0.0632697822176569
MA0635.2	39518	0.908170958869077	0.0598543686258048
MA0875.2	39518	0.894810801353481	0.0742956181772814
MA1471.2	39518	0.8361916608022	0.0734184399566953
MA1634.2	39518	0.839157781521388	0.0719433168252904
MA0462.3	39518	0.839459363664084	0.071776726282363
MA0489.3	39518	0.810837826283953	0.0673672340722313
MA0488.2	39518	0.810153665132156	0.0584700728811824
MA0835.3	39518	0.842817527966777	0.0701939829671957
MA1989.2	39518	0.804210538809221	0.0610160657285008
MA0463.3	39518	0.752019945530281	0.0449445993890226
MA1472.3	39518	0.835611913039994	0.0577103992514711
MA1635.2	39518	0.874617533263494	0.0800243580508422
MA0817.2	39518	0.772734756315168	0.0559276239226297
MA0464.3	39518	0.822872698643263	0.0638992841191119
MA1928.2	39518	0.833627392542363	0.0739033077477719
MA0876.2	39518	0.907697357787562	0.0717828548612698
MA0465.3	39518	0.809894154362307	0.0721882453906117
MA1473.2	39518	0.817614317892392	0.0703427021405312
MA0102.5	39518	0.781259525106051	0.0599190502779992
MA0466.4	39518	0.743001235294642	0.0512792741401874
MA0836.3	39518	0.816913508932993	0.0643379226903547
MA0837.3	39518	0.746172120182484	0.0513460514963506
MA1636.2	39518	0.781688755212353	0.0591050512134183
MA0819.3	39518	0.860827616009722	0.0567815277096251
MA0018.5	39518	0.812249519414815	0.0732625570971271
MA0638.2	39518	0.769108951250079	0.0468649646064908
MA0839.2	39518	0.741428328642577	0.0444086393622933
MA1474.2	39518	0.811060356646836	0.0476588193974855
MA1475.2	39518	0.811971936657518	0.0568445705632593
MA0840.2	39518	0.761452249538754	0.0653139375491823
MA0609.3	39518	0.75019950871562	0.0644240068871633
MA0467.3	39518	0.851980111941948	0.0790753020976471
MA0139.2	39518	0.805978536323961	0.046958172260312
MA1929.2	39518	0.690807018353918	0.0384876980332852
MA1930.2	39518	0.683424099410031	0.0376004963135009
MA1102.3	39518	0.867348906207601	0.0658007418521944
MA0754.3	39518	0.768331456518162	0.0609209665397321
MA0650.4	39518	0.825852545198962	0.0695802670278429
MA0901.3	39518	0.801546038532616	0.0776334949924824
MA0755.2	39518	0.768191255015557	0.0673198021717004
MA0639.2	39518	0.786718352503215	0.0616468565577924
MA0019.2	39518	0.83878366732171	0.0450385339250476
MA0879.3	39518	0.896863912529933	0.064284539667105
MA0885.3	39518	0.801059077576738	0.0629478303589987
MA0880.2	39518	0.880205538173829	0.0746405854798546
MA0881.2	39518	0.883098047095733	0.0721636587200762
MA1476.3	39518	0.802051424966337	0.0642248143085209
MA0882.2	39518	0.883723255485653	0.0736742686389478
MA0883.2	39518	0.819488317320941	0.057062028884152
MA1603.2	39518	0.798394964704638	0.0688619108629226
MA0610.2	39518	0.847338527010611	0.0653577469569792
MA1707.2	39518	0.821424693934758	0.0565281276916852
MA1478.2	39518	0.928793023614402	0.0498951207114924
MA1479.2	39518	0.788114483155889	0.0550984203193839
MA1480.2	39518	0.810608158790863	0.0564611449037341
MA1481.2	39518	0.877676158939565	0.0799154024768956
MA0611.3	39518	0.741313351471884	0.0694677311192339
MA0864.3	39518	0.772177164953031	0.0466715754898416
MA0469.4	39518	0.698334039125076	0.0444518933689725
MA0756.3	39518	0.797772113456677	0.0586891252598271
MA0470.3	39518	0.75439320949234	0.0458929858010217
MA0471.3	39518	0.878877007398939	0.0582869892889733
MA0865.3	39518	0.846222466158222	0.055191650582193
MA0154.5	39518	0.794631164260915	0.0549938680477732
MA1604.2	39518	0.821732898726145	0.0589254914203782
MA1637.2	39518	0.822185924139201	0.061255747085752
MA0162.5	39518	0.836778949838811	0.0680687287152265
MA0732.2	39518	0.793661979281103	0.0682895758174888
MA0733.2	39518	0.813583212593327	0.061558178270758
MA0598.4	39518	0.852067696359878	0.0555747126304017
MA0473.4	39518	0.837094836253174	0.0568655562957338
MA1483.3	39518	0.83645953032645	0.0517733127990742
MA0640.3	39518	0.851650333310638	0.0545424147946602
MA0136.4	39518	0.869280682510103	0.0551178186390123
MA0028.3	39518	0.81089298477634	0.0605767831423579
MA0800.2	39518	0.82237972163831	0.0504325172002508
MA1708.2	39518	0.878770781700915	0.0494351828972466
MA1495.2	39518	0.887947505043653	0.0679047549903362
MA1932.2	39518	0.733269856907124	0.0406609730427746
MA0779.2	39518	0.750884509064078	0.0348733460870373
MA0014.4	39518	0.833550724285355	0.0545987733333187
MA0781.2	39518	0.726335298255237	0.0374236793501409
MA0686.2	39518	0.809543158507238	0.0484696258616074
MA1933.2	39518	0.745192845363889	0.0443472683877568
MA0828.3	39518	0.744373198670227	0.0598268286373614
MA0843.2	39518	0.777867660000748	0.0612482165731979
MA0759.3	39518	0.816232284612893	0.0612174452681708
MA0076.3	39518	0.863405839087129	0.0572331866080733
MA0612.3	39518	0.85494069828707	0.082933776879489
MA0886.2	39518	0.856809225773766	0.0833982003890482
MA0027.3	39518	0.889127947083473	0.074426663992907
MA0642.3	39518	0.873265778651171	0.0663330863443091
MA0760.2	39518	0.839896342827992	0.050561625543432
MA1934.2	39518	0.791379263791692	0.046066040659403
MA0820.2	39518	0.930683907178583	0.059801050968406
MA1935.2	39518	0.875620200607255	0.0424399688485888
MA1936.2	39518	0.844961176353534	0.0388046506073773
MA0480.3	39518	0.844883296876148	0.0685998537842057
MA1937.2	39518	0.807011346994353	0.0422169064321293
MA0058.4	39518	0.854925387087792	0.0707077317237701
MA1938.2	39518	0.762181784470757	0.0401446544360122
MA0048.3	39518	0.845095951925422	0.0573261667429398
MA1939.2	39518	0.736995367546038	0.0376270981561271
MA0474.4	39518	0.829120783601958	0.0527378093140061
MA0112.4	39518	0.721117729342843	0.0454831554428339
MA0592.4	39518	0.798969970200677	0.0572185218834081
MA0141.4	39518	0.778048830739848	0.0562896846482089
MA0643.2	39518	0.829832461015242	0.0522024141320968
MA0644.3	39518	0.856756540170286	0.0736945973050025
MA0098.4	39518	0.854618023207605	0.0517232391703507
MA1484.2	39518	0.852990133254013	0.0524223509829892
MA0761.3	39518	0.839945203196687	0.0550419503075229
MA0762.2	39518	0.827956029767676	0.0519231542752745
MA1940.2	39518	0.771861475059774	0.0467696272829167
MA1941.2	39518	0.777748022385171	0.0450403312869512
MA1942.2	39518	0.830947231243272	0.0480845157473882
MA1943.2	39518	0.77890225641766	0.0428572335975949
MA0763.2	39518	0.844880579848838	0.0482468820503034
MA0764.4	39518	0.84142619700047	0.0560336208417593
MA0765.4	39518	0.810816588786923	0.0597306326212825
MA1944.2	39518	0.785242597863226	0.0428171029499834
MA1945.2	39518	0.783678906077969	0.0448849526902557
MA1946.2	39518	0.818911363305076	0.0393276785041183
MA1947.2	39518	0.852144472501773	0.0420672606643083
MA1948.2	39518	0.79170953020272	0.0399010433793858
MA0900.3	39518	0.850760911198545	0.0861845330423409
MA0645.2	39518	0.860335153225019	0.0545894848313244
MA0887.2	39518	0.89354550598704	0.071845874789015
MA0888.2	39518	0.892641582130951	0.0717376708299456
MA0156.4	39518	0.811099097011822	0.057956438675949
MA0475.3	39518	0.837869637908632	0.0537331417644297
MA1949.2	39518	0.755868049185869	0.0405735019842521
MA1950.2	39518	0.812641612507804	0.0501250042682015
MA0476.2	39518	0.822782432668337	0.0699135772262687
MA1951.2	39518	0.723974657586547	0.0553945136789699
MA0099.4	39518	0.819457113985469	0.0588840546546701
MA1126.2	39518	0.777574299531984	0.0587472471000426
MA1134.2	39518	0.805309199580185	0.0620682269933545
MA1140.3	39518	0.730763814813504	0.0606510789341604
MA0490.3	39518	0.775867995343709	0.0661929548476413
MA1141.2	39518	0.810382696787993	0.0612114479769718
MA0492.2	39518	0.809435575316175	0.056582830031609
MA0491.3	39518	0.776919232383575	0.0657513955540014
MA1135.2	39518	0.812564691388369	0.0620829674704663
MA0477.3	39518	0.789124321942326	0.06521358203409
MA1128.2	39518	0.814879649083299	0.0599328725750291
MA1137.2	39518	0.816111994407352	0.0585614832451244
MA1142.2	39518	0.859435870642595	0.0546839532772672
MA1143.2	39518	0.821596882806955	0.0549112678735517
MA0478.2	39518	0.829799358838881	0.0577196241037862
MA1130.2	39518	0.819166546301546	0.0602868590326346
MA1131.2	39518	0.783731592532955	0.0615613104873691
MA1138.2	39518	0.807483459275943	0.0637957482787387
MA1139.2	39518	0.756791173184816	0.0652490562016785
MA1144.2	39518	0.810098012017714	0.0614431677236146
MA1145.2	39518	0.779512604316197	0.0628696412726915
MA0148.5	39518	0.807165749442893	0.0707756593076096
MA0047.4	39518	0.833582024351855	0.0725862917149438
MA1683.2	39518	0.836131308233919	0.0740853429306502
MA0846.2	39518	0.826762536206491	0.0681169300625847
MA0031.2	39518	0.843894648101174	0.07025224143218
MA0847.4	39518	0.813331657720525	0.0679771531143485
MA0041.3	39518	0.789114481569045	0.0691434457785106
MA1487.3	39518	0.798992814996826	0.0670440457221153
MA1606.2	39518	0.849175954731993	0.0767487901721866
MA0030.2	39518	0.813942708365989	0.0669656130573156
MA0479.2	39518	0.834751299291616	0.063447022717435
MA1952.2	39518	0.832536793046794	0.0481847962399222
MA0682.3	39518	0.86652266120992	0.0732106528573816
MA0851.2	39518	0.82213193809231	0.0718944187639367
MA0852.3	39518	0.848690741320354	0.0697884193382149
MA1103.3	39518	0.837354767598044	0.0748042862690939
MA1607.2	39518	0.788708316060905	0.0712776658968521
MA1953.2	39518	0.799597945245121	0.0452535282113005
MA1954.2	39518	0.795636610768678	0.048119403592968
MA1955.2	39518	0.789621623396139	0.0472348947681497
MA1956.2	39518	0.781380809712685	0.0472136062903079
MA0157.4	39518	0.844770024148257	0.0712443701742712
MA0481.4	39518	0.840032504454793	0.0739533447158834
MA0593.2	39518	0.843120407970547	0.0687450929905562
MA0040.2	39518	0.812734610722165	0.067650107711515
MA0062.4	39518	0.818170334676957	0.0537366057231146
MA0035.5	39518	0.842872721426441	0.0647831720635429
MA0140.3	39518	0.769402667089302	0.0515489755831769
MA0036.4	39518	0.838732100261342	0.0696423104254396
MA0037.5	39518	0.817002209675541	0.0639307899513614
MA0482.3	39518	0.824927213468253	0.0597637136306775
MA0766.3	39518	0.862017627647982	0.0598214540574725
MA1104.3	39518	0.817157743612674	0.0650263748181527
MA0889.2	39518	0.848700915852609	0.0780033005105888
MA0890.2	39518	0.864938653264801	0.0830126785782404
MA0646.2	39518	0.811021696167857	0.0425735290163993
MA0143.5	39518	0.854347847331171	0.0636133495131097
MA0767.2	39518	0.852351663381078	0.0455067259039734
MA0038.3	39518	0.801278573077352	0.0520674572293748
MA0483.2	39518	0.84375196458803	0.0516692825033714
MA1990.2	39518	0.800032239771604	0.0495551688327962
MA0734.4	39518	0.824296026283368	0.0518300733349136
MA1491.3	39518	0.728421725481564	0.0433977887519941
MA0735.2	39518	0.704977801069304	0.0444893782826327
MA0615.2	39518	0.889378402778801	0.0558820660808546
MA0647.2	39518	0.761579564831724	0.0550395495803467
MA1105.3	39518	0.8167663322783	0.0570958788871972
MA0648.2	39518	0.874090917794943	0.0757857213186304
MA0891.2	39518	0.888741552487631	0.0657947834301527
MA0892.2	39518	0.907238083537161	0.0621255463445098
MA0893.3	39518	0.905057189115599	0.0569277247557963
MA0092.2	39518	0.887047708904672	0.0399061775818972
MA0522.4	39518	0.887513009362697	0.0569618557749946
MA1638.2	39518	0.887491269014504	0.0674534267936769
MA1099.3	39518	0.867686773817362	0.0677662370983667
MA0616.3	39518	0.823771611050053	0.0654309726323349
MA0894.2	39518	0.863870982511667	0.0865387800732319
MA0649.2	39518	0.830118302314761	0.0558997166390496
MA0739.2	39518	0.877913329212775	0.044404288560108
MA0738.2	39518	0.954934057974592	0.0425829546665958
MA1106.2	39518	0.860622752618215	0.0646068922609146
MA0131.3	39518	0.858081262583334	0.0608232545826593
MA0043.4	39518	0.788546634461501	0.0675506843270593
MA0895.2	39518	0.864946648298477	0.06129988763585
MA0896.2	39518	0.799641941848406	0.062445604138425
MA0897.2	39518	0.747608701022957	0.0582503899588019
MA0898.2	39518	0.801589308027778	0.0638234353345743
MA1991.2	39518	0.802967296690141	0.0524734230360031
MA0046.3	39518	0.736690719577593	0.0715589506223841
MA1494.2	39518	0.730219980162866	0.044245290363634
MA0114.5	39518	0.796854626828293	0.0565397835026946
MA0484.3	39518	0.800899692131958	0.0553747038403715
MA0899.2	39518	0.838320462835923	0.0712335334667818
MA0911.2	39518	0.824469617869632	0.0551987772832451
MA1496.2	39518	0.902486871410938	0.0513315594675577
MA1497.2	39518	0.88129806685599	0.0582801648218191
MA1498.3	39518	0.913857304887382	0.0643745408888027
MA0594.3	39518	0.882290591550855	0.0489903828609682
MA0902.3	39518	0.898468451546299	0.0759681246449704
MA1566.3	39518	0.820285278257009	0.0500354464229954
MA0903.2	39518	0.903858217894397	0.0707613393644048
MA1499.2	39518	0.875171923315944	0.0803213366055909
MA0904.3	39518	0.873544248402095	0.0751012211817756
MA1500.2	39518	0.897497548268797	0.0545014326833905
MA1501.2	39518	0.86593318158306	0.0593237980383433
MA1502.2	39518	0.878873488378067	0.0685752012137548
MA1503.2	39518	0.796048835899608	0.0602039590122937
MA0905.2	39518	0.83268259926235	0.0617266060210394
MA0651.3	39518	0.738771426127015	0.0545893931395816
MA0906.2	39518	0.776725673232641	0.0559265011646185
MA0907.2	39518	0.784775128869034	0.0612812050154704
MA1504.2	39518	0.894980338723949	0.0732043546137823
MA1505.2	39518	0.902017765064514	0.062948832447855
MA0485.3	39518	0.782803062564328	0.0616417463190039
MA1506.2	39518	0.775799455037195	0.0553683730971374
MA0908.2	39518	0.81722352828562	0.0617269285928667
MA0873.2	39518	0.786523879673649	0.0542077571488297
MA1958.2	39518	0.72847619467034	0.0456631523742768
MA0909.4	39518	0.829468964082646	0.081994738277476
MA1507.2	39518	0.889166391956308	0.0769283378131226
MA0910.3	39518	0.879187073966076	0.0683539733058547
MA0913.3	39518	0.820327557180854	0.0709318882538615
MA1508.2	39518	0.856499317515808	0.0571258980307536
MA1992.2	39518	0.848919392841502	0.0536171388554591
MA0050.4	39518	0.783835035509694	0.0647924159869949
MA0051.2	39518	0.763606859462955	0.0485176902655196
MA1418.2	39518	0.718771500396081	0.0502042106062759
MA1419.2	39518	0.70098518612454	0.047836493952701
MA0772.2	39518	0.762871098235007	0.0569811810410596
MA0652.2	39518	0.716921541635464	0.0488891141328458
MA1608.2	39518	0.835840984617914	0.0642353911416962
MA0914.2	39518	0.911540830059438	0.0570950861038156
MA0654.2	39518	0.860458616455441	0.0855719398371187
MA0656.2	39518	0.753489558611629	0.0654968154158247
MA1132.2	39518	0.848772984156631	0.0550163081087558
MA1133.2	39518	0.771324233584825	0.0566647208715363
MA0493.3	39518	0.927466253356304	0.0748677586380879
MA1512.2	39518	0.873343617849218	0.0614197504674626
MA0657.2	39518	0.744459083480616	0.0451532343458623
MA1513.2	39518	0.888985553348042	0.09880080110237
MA1514.2	39518	0.78830294875128	0.0507460451276255
MA1515.2	39518	0.917901574524383	0.0664992325463534
MA1516.2	39518	0.849215779083157	0.0662712941413284
MA0039.5	39518	0.898574602325426	0.0707517151025757
MA1517.2	39518	0.88995411836336	0.0583646435936417
MA1959.2	39518	0.917489325071125	0.0778486238033689
MA1107.3	39518	0.8186877322967	0.0600528213925407
MA0618.2	39518	0.861421781802084	0.064346794955004
MA0699.2	39518	0.883869051617584	0.0704020205041126
MA0768.3	39518	0.819608984448471	0.0603250322920278
MA1518.3	39518	0.758413689483207	0.0611339387553641
MA0700.3	39518	0.848329980188717	0.0833513348726844
MA0135.2	39518	0.783190258686028	0.0767224156297613
MA0704.2	39518	0.879639934517464	0.0699100246611366
MA1519.2	39518	0.840499919684099	0.0788753736062343
MA0658.2	39518	0.821312724310165	0.0673931860653015
MA0705.2	39518	0.888068539386119	0.0726118683173073
MA0701.3	39518	0.840106084776653	0.0737007445630727
MA0702.3	39518	0.806916668887081	0.0897779811379974
MA0703.3	39518	0.768696931111352	0.0943022358729541
MA1520.2	39518	0.759759167712669	0.0420090444568108
MA0501.2	39518	0.776188884366616	0.0496605856000656
MA0841.2	39518	0.756487497561693	0.0607052017675084
MA1521.2	39518	0.765250102382771	0.0424316540933732
MA0117.3	39518	0.816944311095664	0.0490743899386561
MA0495.4	39518	0.7696916807714	0.0545106486650344
MA0659.4	39518	0.754125928949319	0.0505085003570622
MA0089.3	39518	0.761806033985557	0.0515280038339947
MA0059.2	39518	0.800009291361177	0.0515551671820034
MA0147.4	39518	0.828262996891806	0.0620990754865403
MA1522.2	39518	0.895498069190648	0.0768959432671345
MA0029.2	39518	0.767365466058028	0.0586402988908558
MA0052.5	39518	0.786208588507708	0.0793257587419178
MA0497.2	39518	0.816737954427611	0.0676628518081179
MA0498.3	39518	0.949654751426017	0.0554755080239882
MA1639.2	39518	0.794916480974381	0.0656010471467696
MA1640.2	39518	0.787025235986528	0.0721555993498069
MA0775.2	39518	0.899255957254824	0.054281628273884
MA0661.2	39518	0.858557658472201	0.0669574241776494
MA0706.2	39518	0.86489197270281	0.0631830221011775
MA1960.2	39518	0.786023085519066	0.0513350884298457
MA0620.4	39518	0.77533430354031	0.0593265817557383
MA0621.2	39518	0.787816406747663	0.102717205264475
MA0662.2	39518	0.884524671194643	0.0728465933962357
MA0622.2	39518	0.820550129055114	0.0892839384763877
MA0664.2	39518	0.83447090859133	0.0610725126402405
MA0825.2	39518	0.861524477346134	0.0650128444836745
MA0707.3	39518	0.901694919416931	0.0733474658962535
MA1523.2	39518	0.892103980636965	0.0532444236986058
MA1524.3	39518	0.803644738487613	0.0506605822489056
MA0666.3	39518	0.87064664015843	0.0777368556835208
MA0708.3	39518	0.876958746676021	0.0735024784956197
MA0709.2	39518	0.859662965118859	0.083801028973667
MA1108.3	39518	0.876648317415551	0.0673627193818129
MA0100.4	39518	0.876420148031342	0.0627506717177062
MA0104.5	39518	0.810843886429146	0.060788444146513
MA1641.2	39518	0.830798878661331	0.0605274551141269
MA0499.3	39518	0.840577254371483	0.0523735769824244
MA0500.3	39518	0.854874712487825	0.0671960184790505
MA0056.3	39518	0.842789600625734	0.0530171707255429
MA1109.2	39518	0.853827759337322	0.0545973346813281
MA1993.2	39518	0.87787561910263	0.0780881765674149
MA0668.3	39518	0.851448949205785	0.0542437972676315
MA1642.2	39518	0.866465246879786	0.0587978502199035
MA0606.3	39518	0.846188216448598	0.0618643174064216
MA0624.3	39518	0.900509736669864	0.0722011520274516
MA0152.3	39518	0.838083697720086	0.0651188796456493
MA0625.3	39518	0.950076812939244	0.0431604044311766
MA1525.3	39518	0.867733134747329	0.0567207222984335
MA0150.3	39518	0.774415665767224	0.0506434696287467
MA0670.2	39518	0.860472864686135	0.0737093240901046
MA1643.2	39518	0.718113447397594	0.0474751029951388
MA0161.3	39518	0.856857507681148	0.0613401398449205
MA1527.2	39518	0.74823890797093	0.0512764701927908
MA0025.3	39518	0.790079340949422	0.0716546270770228
MA0671.2	39518	0.94541701939762	0.0378352620726707
MA1528.2	39518	0.766665341321118	0.0509119048341001
MA0778.2	39518	0.769707148177208	0.0592401536433244
MA0060.4	39518	0.84163649040873	0.0648416465434159
MA0502.3	39518	0.829952300536566	0.060222444528669
MA1644.2	39518	0.854614522656144	0.067831277053781
MA1529.2	39518	0.74947888836639	0.050179624365711
MA1994.2	39518	0.837955473504487	0.0682423353021014
MA1645.2	39518	0.83760818387763	0.0507730213615291
MA0672.2	39518	0.876411426961378	0.0493160658818591
MA2003.2	39518	0.89365517706203	0.042049287819294
MA0063.3	39518	0.852490817955155	0.0598951819459718
MA0673.2	39518	0.903303835580703	0.0404261356289778
MA0124.3	39518	0.868008155081274	0.0554192628633635
MA0122.4	39518	0.794328850681083	0.0601763655083081
MA0674.2	39518	0.869597186364989	0.0695320075898274
MA0675.2	39518	0.901067004037462	0.0730575479488967
MA1530.2	39518	0.867426877792284	0.061461802474655
MA0125.2	39518	0.88371429548157	0.0730958319200521
MA0710.2	39518	0.873949634290983	0.0707875958088523
MA0626.2	39518	0.846358981277719	0.0583321805925719
MA1995.2	39518	0.83002872777142	0.0563840333638907
MA1531.2	39518	0.774290735208908	0.0405508846153926
MA1996.2	39518	0.883731099063808	0.0680939954115933
MA0494.2	39518	0.805880317029391	0.0371198836072527
MA1110.3	39518	0.892662575350165	0.0644802885125427
MA1146.2	39518	0.766599405811199	0.0383227439790319
MA1533.2	39518	0.794036156236804	0.0351574185170908
MA1534.2	39518	0.859836825608833	0.0543344298620729
MA1535.2	39518	0.933360067548479	0.0594724988653699
MA0504.2	39518	0.825834410209271	0.0384166027590702
MA1536.2	39518	0.958505141699735	0.0363502925309918
MA0164.2	39518	0.836721276119663	0.0767028127051804
MA0017.3	39518	0.821632951668794	0.0533963438869211
MA1537.2	39518	0.756969000763169	0.0429160550145789
MA1111.2	39518	0.856737253450071	0.0622475489678326
MA0677.2	39518	0.746401525984436	0.0446295524090471
MA0113.4	39518	0.729011588943237	0.0486155819974081
MA0727.2	39518	0.730108197960277	0.0486842688690257
MA1112.3	39518	0.835406002922312	0.059301286034885
MA0160.3	39518	0.860684485590173	0.0513456550365195
MA1147.2	39518	0.782308786052333	0.038307461255001
MA1540.3	39518	0.754159117522065	0.0513514691335666
MA0505.3	39518	0.807107931128823	0.0551045853275763
MA1541.2	39518	0.763114269445341	0.0435642947615127
MA0506.3	39518	0.787492578560877	0.077801591464373
MA0842.3	39518	0.791409799733729	0.0495492702533954
MA1997.2	39518	0.881751932472954	0.0759205048618887
MA0679.3	39518	0.767591829128172	0.0788719788243573
MA0757.2	39518	0.732631859174814	0.0751833521041481
MA1542.2	39518	0.848631582407425	0.0467556561495592
MA1646.2	39518	0.85377431600447	0.0535717817521213
MA0711.2	39518	0.884755858421933	0.066947183471906
MA0712.3	39518	0.857072013163864	0.0715879850356133
MA1544.2	39518	0.76346734403143	0.0531722468053621
MA1545.2	39518	0.817232285101579	0.054149877106628
MA1961.2	39518	0.891649704770016	0.0792060464786532
MA0067.3	39518	0.773616086255206	0.0353053430446964
MA1546.2	39518	0.7553610819551	0.038647714828819
MA0680.3	39518	0.733994843011041	0.0831632838783362
MA0070.2	39518	0.807692062633265	0.0557851024954117
MA1113.3	39518	0.781188096004127	0.0741668830297241
MA1114.2	39518	0.77426777850635	0.0516761181279605
MA0132.3	39518	0.87772983582048	0.084704840247669
MA0681.3	39518	0.719937377435506	0.0882033278946633
MA0714.2	39518	0.885912917837956	0.065845021564608
MA0782.3	39518	0.787993435076743	0.0558912311964318
MA1615.2	39518	0.854661427988903	0.0618177573285729
MA1548.2	39518	0.861875375231031	0.0717015235789799
MA0784.3	39518	0.715399682970344	0.0684239401639626
MA0785.2	39518	0.806663393852664	0.0709144913223173
MA0507.3	39518	0.728004339904076	0.0712112161194818
MA0627.3	39518	0.787699166877335	0.0743221846916838
MA0786.2	39518	0.797881339217763	0.0755388246145954
MA0790.2	39518	0.748501069426161	0.0817635992985606
MA0683.2	39518	0.691904221516545	0.0685085858353282
MA0791.2	39518	0.74278153558339	0.0823701983224463
MA1115.2	39518	0.84872304767547	0.0750562094149106
MA0628.2	39518	0.816458838705985	0.0939393084856947
MA1549.2	39518	0.855019149082561	0.0635392205638935
MA0793.2	39518	0.803624037076342	0.0671330639608386
MA1148.2	39518	0.761949807862888	0.0366142882439852
MA1550.2	39518	0.758247324623199	0.0422990914131078
MA0066.2	39518	0.745650402815023	0.034616547504281
MA0065.3	39518	0.830653716060636	0.0392998820169983
MA0508.4	39518	0.877550129348181	0.0636436215592575
MA1998.2	39518	0.823092944082718	0.0525391732700914
MA1616.2	39518	0.787650314549875	0.0475342013281744
MA1647.3	39518	0.795543837449695	0.0506225289432159
MA1999.2	39518	0.787171637056851	0.0461917533475988
MA1723.2	39518	0.824392943701551	0.0468602036768982
MA0716.2	39518	0.877544889743354	0.0818220826974737
MA0075.4	39518	0.821376391554066	0.0845502747199358
MA1618.2	39518	0.826285254964655	0.0556509354144736
MA1619.2	39518	0.8414112236013	0.060867470108096
MA1620.2	39518	0.850146493106821	0.0580130332791334
MA1149.2	39518	0.79466815665629	0.0379618280842743
MA1552.2	39518	0.76354855734094	0.0408930814863512
MA0859.2	39518	0.708923497061581	0.0479992053264157
MA1553.2	39518	0.74983939502936	0.0422891660171064
MA0718.2	39518	0.881280621684942	0.0809263714426991
MA0717.2	39518	0.883169272797621	0.0764164616604777
MA1116.2	39518	0.908773815339265	0.0710205150318393
MA1117.2	39518	0.862063726341643	0.0581236330591947
MA0138.3	39518	0.696640377077817	0.0404609883996216
MA0600.3	39518	0.724746387643827	0.0538871301662973
MA0799.3	39518	0.722109266482547	0.0508733692294969
MA0510.3	39518	0.715653796262953	0.0532186519780084
MA1724.2	39518	0.810010492481311	0.0525352941331024
MA1554.2	39518	0.893750063955477	0.0386226182725743
MA0629.2	39518	0.845927645036397	0.0496526506487335
MA0719.2	39518	0.959071924867376	0.0357504237721485
MA0072.2	39518	0.779497417527333	0.0552882374745173
MA1150.2	39518	0.832988408445994	0.0481674366269515
MA1151.2	39518	0.847337509536115	0.044323595508109
MA0073.2	39518	0.797061106206238	0.0476861140493747
MA0002.3	39518	0.866991480034756	0.045591738927027
MA0684.3	39518	0.842935401664561	0.0575225690357524
MA1963.2	39518	0.805077920592981	0.0835937880352481
MA0743.3	39518	0.794255462969834	0.0506032557813056
MA0744.3	39518	0.7937307802607	0.0500740279591125
MA0630.2	39518	0.882285499364381	0.0826540640596143
MA0720.2	39518	0.873062502071539	0.083612614083578
MA1118.2	39518	0.81329615671822	0.0558307751847083
MA1119.2	39518	0.769470898905024	0.0535984818116062
MA0631.2	39518	0.760984816054757	0.0499163787755366
MA2001.2	39518	0.851070315349922	0.0625216241412286
MA1964.2	39518	0.902370264739299	0.0633420603557783
MA1153.2	39518	0.87200998092056	0.0622698522733241
MA1558.2	39518	0.897417344333626	0.0574320014374313
MA0745.3	39518	0.848318500420032	0.0582888711525342
MA1559.2	39518	0.848251843872919	0.0533746078268973
MA1560.2	39518	0.816042718723097	0.0606453110743871
MA0442.3	39518	0.884564750726144	0.0734520187792374
MA0869.3	39518	0.845748881290918	0.0567872641626711
MA1561.2	39518	0.770066883626113	0.0506944075289664
MA1120.2	39518	0.849378055722674	0.0665453576060886
MA1562.2	39518	0.790527798462857	0.0556378432248558
MA1152.2	39518	0.909314472551796	0.0623503623734406
MA0078.3	39518	0.789406994443376	0.0575372106617626
MA0514.3	39518	0.852673240755314	0.0638786322952828
MA0867.3	39518	0.878564602094281	0.0614875649254427
MA0087.3	39518	0.834073833159882	0.0567066824731529
MA0868.3	39518	0.873380679790268	0.068400591196723
MA0077.2	39518	0.851969518241781	0.0550765254086614
MA0746.3	39518	0.858359688361895	0.0676043438920174
MA1965.2	39518	0.948173839018624	0.0755411356857255
MA0747.2	39518	0.879409447512678	0.0528641885697238
MA1564.2	39518	0.882614881382743	0.06821523179644
MA0080.7	39518	0.781393855553033	0.0506940300369153
MA0081.3	39518	0.793457923397391	0.0484680504582646
MA0687.2	39518	0.810495893495781	0.0452668433000539
MA0829.3	39518	0.784001717959323	0.0571186447256397
MA0084.2	39518	0.902676889532994	0.0633387233091642
MA0137.4	39518	0.847941944729571	0.057222814391379
MA0517.2	39518	0.801582773865984	0.0554571501861578
MA1623.2	39518	0.805918067200703	0.0725706471125981
MA0144.3	39518	0.870006433723571	0.0518381060941914
MA0518.2	39518	0.854505177787492	0.0533172248833949
MA1624.2	39518	0.816454732848929	0.0596604352482769
MA0519.2	39518	0.86573240572229	0.052051912009525
MA1625.2	39518	0.812245857676262	0.0623331811916554
MA0520.2	39518	0.834514486953274	0.0591358510345038
MA0091.2	39518	0.824557216991228	0.0500350374756859
MA0108.3	39518	0.87111461608535	0.084519239373755
MA0802.2	39518	0.819048562821752	0.0505459943162299
MA1565.2	39518	0.836311595614603	0.0491288249136943
MA0804.2	39518	0.702027498804978	0.0426690074906923
MA0688.2	39518	0.844320971416374	0.0472143601983301
MA1567.3	39518	0.827232200495788	0.049376213303792
MA0521.3	39518	0.883024846700005	0.074900009167226
MA1648.2	39518	0.888930406928331	0.0573679592673071
MA0832.2	39518	0.758718242189819	0.0542971530131312
MA1568.2	39518	0.824631369173265	0.0407433499690512
MA0830.3	39518	0.870201270212774	0.0565160407646738
MA0769.3	39518	0.855361267789189	0.0670681802187077
MA0523.2	39518	0.844604074286199	0.0559637260105035
MA0632.3	39518	0.861869146592204	0.0696342460748352
MA0090.4	39518	0.805366868062696	0.0578256171237032
MA1121.2	39518	0.854584803552436	0.0598710487390595
MA0809.3	39518	0.831598132728303	0.0582751446242916
MA0810.2	39518	0.889875600132364	0.0538553751627658
MA0003.5	39518	0.845260189527267	0.0620724124182352
MA0811.2	39518	0.873011702381399	0.0524622909264701
MA0812.2	39518	0.868697572352995	0.0617452931345526
MA0524.3	39518	0.870025167236563	0.052337594909998
MA0814.3	39518	0.849584276234499	0.0607038667446683
MA1569.2	39518	0.8930657967243	0.0688122804903892
MA1966.2	39518	0.801283901399955	0.0459651449607845
MA1967.2	39518	0.734180398239214	0.0463774939878496
MA1968.2	39518	0.812034310864927	0.0484389816617991
MA1122.2	39518	0.863581921472299	0.0660514613739756
MA0692.2	39518	0.848974736231178	0.0562014163439301
MA0871.3	39518	0.808533267794713	0.0632010468009945
MA0597.3	39518	0.873746883071701	0.0556178831710084
MA1969.2	39518	0.738937495736511	0.0400860675927699
MA1574.2	39518	0.804491288301364	0.0380652348527513
MA1575.2	39518	0.74816020959781	0.0421945073313784
MA1576.2	39518	0.741641355430263	0.0374891178899477
MA1577.2	39518	0.858110456531463	0.100141447399036
MA0861.2	39518	0.741999092735021	0.04238664019511
MA1970.2	39518	0.809993837696883	0.0666749582220563
MA1123.3	39518	0.840074503186133	0.0555241482982898
MA0633.3	39518	0.878255415288307	0.0778289813056224
MA0721.2	39518	0.878272774714031	0.0787256673580937
MA0093.4	39518	0.782633310171896	0.0570159852122367
MA0526.5	39518	0.761685226498779	0.0607427036150028
MA0722.2	39518	0.867517385262564	0.0681862054318492
MA0723.3	39518	0.914726082820467	0.0598674741967307
MA0693.4	39518	0.854994986147298	0.0626778122453527
MA1578.2	39518	0.914327009659981	0.0717286609571412
MA0725.2	39518	0.837681154902171	0.0790304890913823
MA0726.2	39518	0.827888071066731	0.0798566360391578
MA1627.2	39518	0.849882617147053	0.0617567954359417
MA0844.2	39518	0.779616445254403	0.048168826684909
MA0095.4	39518	0.834699273226513	0.0659736557178657
MA0748.3	39518	0.860529656657086	0.0623596250290133
MA0749.2	39518	0.706894983668622	0.0446589829983057
MA1971.2	39518	0.84373766038227	0.0539027429532572
MA1649.2	39518	0.868761186766752	0.0579165868392104
MA1650.2	39518	0.845744592413759	0.0715053548918769
MA0698.2	39518	0.79611030443906	0.0511904882153828
MA1579.2	39518	0.860114847479067	0.0587412182885899
MA0527.2	39518	0.788082058858969	0.0606642472423659
MA1581.2	39518	0.844159960901513	0.0543961833145273
MA0750.3	39518	0.846648448138222	0.0599103285584454
MA0694.2	39518	0.820827977423776	0.0525719499663129
MA0695.2	39518	0.87624896548826	0.0497387020273402
MA0103.4	39518	0.90911527655416	0.0670952215628152
MA2002.2	39518	0.901896959394886	0.0504056048849501
MA1651.2	39518	0.754479258503716	0.0554532510706759
MA1583.2	39518	0.852654931485516	0.0615367137825579
MA0146.3	39518	0.879475149824518	0.0638786056711985
MA1628.2	39518	0.893950511967193	0.0579355101256024
MA1629.2	39518	0.839958771651994	0.054922486287164
MA0697.3	39518	0.884448932255705	0.0629066760262714
MA0751.2	39518	0.808103966081729	0.0464113657702661
MA1584.2	39518	0.774815006969008	0.0495204085644864
MA1709.2	39518	0.790209498183729	0.0596781353316995
MA1585.2	39518	0.797186531900492	0.0533823507584714
MA1973.2	39518	0.74480807901646	0.0459513121821119
MA1652.2	39518	0.852201602824929	0.0566588095095181
MA1589.2	39518	0.700766039160301	0.0384494761506955
MA1653.2	39518	0.862296708795088	0.0800868138500911
MA1654.2	39518	0.711453247823568	0.0356710450313198
MA1725.2	39518	0.825082300899142	0.0525650628428612
MA1974.2	39518	0.748935624683533	0.0636107450605958
MA1975.2	39518	0.779812711432255	0.0426112326713501
MA1710.2	39518	0.889791304088059	0.0491821652041986
MA0528.3	39518	0.901285618772426	0.067982057120888
MA1592.2	39518	0.790120254436163	0.0429083929219377
MA1630.3	39518	0.868450978354745	0.077806630496455
MA1154.2	39518	0.751219804278796	0.0406066090128391
MA1593.2	39518	0.836721374464628	0.0578579784180825
MA1976.2	39518	0.762556451991265	0.0470969911018738
MA1977.2	39518	0.784695597198886	0.0393299800095757
MA1726.2	39518	0.818188350394904	0.0542940256167529
MA1655.2	39518	0.845000217209504	0.0534614584975417
MA1711.2	39518	0.748671490439705	0.0455155283540888
MA1978.2	39518	0.73459974164925	0.060746208708801
MA1125.2	39518	0.832390288394149	0.113640729447026
MA0752.2	39518	0.683256152647188	0.0476868304035646
MA1979.2	39518	0.821098837930619	0.0497918721709178
MA1727.2	39518	0.852507316218278	0.0693576084961279
MA1656.2	39518	0.816197433253094	0.0511067245437808
MA1712.2	39518	0.800031344903365	0.056052099393544
MA1981.2	39518	0.815039849048817	0.0524954540484418
MA1728.2	39518	0.863621631327682	0.0572058606684222
MA1982.2	39518	0.795001060365284	0.046520520286596
MA1983.2	39518	0.674765782097503	0.0395536278687984
MA1713.2	39518	0.821851726764923	0.0763535176335277
MA1657.2	39518	0.787459244173849	0.0642058625064984
MA1984.2	39518	0.803199926850973	0.0431793202338864
MA1714.2	39518	0.746696127906615	0.0364572881105234
MA1729.2	39518	0.786194081620246	0.0508604716411841
MA1599.2	39518	0.795742054918379	0.0591339039412645
MA1600.2	39518	0.747031079984049	0.0406584299300933
MA1986.2	39518	0.870870456033368	0.0683708875655225
MA1987.2	39518	0.796729364280226	0.0403439045696387
MA1730.2	39518	0.831191522130238	0.0506043693079931
MA0753.3	39518	0.827447097774585	0.065962634512726
MA1716.2	39518	0.753984009243569	0.0431326606588911
MA1731.2	39518	0.868401460117249	0.0508274682847411
MA1717.2	39518	0.824799233068029	0.0520036890785891
MA1719.2	39518	0.755783261684631	0.0478746110243774
MA1720.2	39518	0.770126627171338	0.0504805130062886
MA1721.2	39518	0.792671208844179	0.0732562405050493
MA1602.2	39518	0.787193380552146	0.0448358218967791
MA1722.2	39518	0.709784476892799	0.036228140071968
