[SHORT TFBS MATRIX]
MA0004.1	33378	0.882743778632803	0.0668296433620795
MA0006.1	33378	0.931024083402802	0.0548493464084718
MA0019.1	33378	0.851356393488657	0.0370178365184157
MA0029.1	33378	0.797707228663099	0.0446791203235411
MA0030.1	33378	0.825982586668328	0.0457755364310508
MA0031.1	33378	0.887364185640343	0.0514874207817225
MA0040.1	33378	0.861726748892856	0.0480836235953022
MA0051.1	33378	0.786488194021594	0.0389161015717546
MA0059.1	33378	0.824067376718799	0.0483571259769324
MA0066.1	33378	0.76546534619097	0.0309226147674519
MA0069.1	33378	0.795857490691091	0.0349555553335881
MA0070.1	33378	0.827885964976863	0.0433270758159987
MA0071.1	33378	0.867733005604259	0.0494237720220655
MA0072.1	33378	0.807346426882678	0.0449417391971042
MA0073.1	33378	0.829607766855741	0.0480797438900284
MA0074.1	33378	0.782961223921276	0.0371841040757117
MA0077.1	33378	0.884280822842463	0.0419108291683703
MA0084.1	33378	0.923365226065091	0.0382537093838939
MA0091.1	33378	0.849806593799641	0.0433694542680592
MA0092.1	33378	0.908407820168498	0.0330939734524767
MA0101.1	33378	0.890132085550275	0.0390149655309858
MA0107.1	33378	0.849097187378445	0.0474071579156153
MA0108.2	33378	0.862439052541239	0.0401682764101283
MA0111.1	33378	0.883944253289208	0.0288275402599704
MA0115.1	33378	0.710274824956738	0.0424573313955913
MA0116.1	33378	0.842289890764406	0.0401827995290026
MA0119.1	33378	0.760612890468332	0.0472619799640864
MA0125.1	33378	0.905135064377272	0.0488061198345231
MA0130.1	33378	0.982241941748592	0.0247648507695174
MA0135.1	33378	0.833983463922744	0.0523139126617109
MA0139.1	33378	0.792475964545668	0.0426444166598353
MA0142.1	33378	0.794453791998996	0.0429643409239917
MA0149.1	33378	0.716702650722054	0.0592277745178491
MA0138.2	33378	0.70648492572045	0.0379490778793393
MA0002.2	33378	0.883465026419527	0.0379517981696172
MA0065.2	33378	0.830513269405026	0.0343162966471422
MA0151.1	33378	0.961879607773012	0.054842471881493
MA0155.1	33378	0.867617910603892	0.0375330874503443
MA0159.1	33378	0.816742152911448	0.0323422417718204
MA0163.1	33378	0.808098174127665	0.0457739468793608
MA0164.1	33378	0.881045468155726	0.0610202954885782
MA0259.1	33378	0.905660921360963	0.0554877684162167
MA0145.2	33378	0.850778325733184	0.0371665193461863
MA0146.2	33378	0.854181478579889	0.0548629911420779
MA0468.1	33378	0.844968435954021	0.0454850066844741
MA0476.1	33378	0.86163855284273	0.050492655690628
MA0478.1	33378	0.858980166967667	0.0494525543788459
MA0479.1	33378	0.864934516572839	0.0457387767776099
MA0483.1	33378	0.872186779878186	0.0409325917846308
MA0488.1	33378	0.827936517040064	0.0470779049049277
MA0492.1	33378	0.827852859385183	0.0458322904825096
MA0494.1	33378	0.816400797682972	0.0305238200597977
MA0497.1	33378	0.850615234790634	0.0437650602313338
MA0501.1	33378	0.780486652724946	0.0430584037331927
MA0504.1	33378	0.838829114098067	0.0353249895158175
MA0515.1	33378	0.903591025060887	0.0427768437431039
MA0517.1	33378	0.822427749899496	0.0420508521430596
MA0518.1	33378	0.866410077325241	0.0413069739984517
MA0519.1	33378	0.883302188865533	0.042318659161416
MA0520.1	33378	0.850162455451362	0.0427441906164513
MA0523.1	33378	0.855088310309661	0.0389892439256939
MA0527.1	33378	0.777120351684604	0.0484940714521135
MA0076.2	33378	0.864467295189572	0.0474421466354892
MA0258.2	33378	0.826160006768628	0.0383181677408099
MA0150.2	33378	0.776681865892286	0.0422346501671624
MA0137.3	33378	0.864945019053281	0.0457004471602266
MA0144.2	33378	0.890974320000699	0.041447780285888
MA0140.2	33378	0.801593573062588	0.0418920649747008
MA0591.1	33378	0.790005965302332	0.0424528480963296
MA0593.1	33378	0.880216022737522	0.0485368570886356
MA0595.1	33378	0.873114167520084	0.0418714805584413
MA0596.1	33378	0.859144771614449	0.0430312733885455
MA0599.1	33378	0.938894812346685	0.0523510633101681
MA0601.1	33378	0.864551105272823	0.058402951458544
MA0602.1	33378	0.835381997327421	0.0525775200974891
MA0603.1	33378	0.841323283105048	0.0540409005686835
MA0604.1	33378	0.85876916354225	0.050997288778159
MA0608.1	33378	0.853153459054126	0.0484945359832311
MA0610.1	33378	0.84278276169998	0.0512409404760707
MA0613.1	33378	0.885230632732655	0.0584796121012118
MA0614.1	33378	0.909533428249562	0.0503295584016996
MA0615.1	33378	0.827711614627161	0.0404925630445633
MA0618.1	33378	0.896835403508924	0.0500377564102924
MA0619.1	33378	0.915119995307809	0.0590283474115197
MA0621.1	33378	0.834579909853865	0.069385509062137
MA0622.1	33378	0.854862827713187	0.0604461397089036
MA0626.1	33378	0.875482549019599	0.0475257179752995
MA0628.1	33378	0.833367540863361	0.0610813388298692
MA0629.1	33378	0.826222321987982	0.0349399932862099
MA0630.1	33378	0.913046287116137	0.054757182537646
MA0631.1	33378	0.76680706885068	0.0400533363524369
MA0634.1	33378	0.88275923078911	0.0499306292946007
MA0007.3	33378	0.753414299192602	0.0410011828767381
MA0635.1	33378	0.902389413465551	0.0364259719476425
MA0636.1	33378	0.795135472469131	0.0529293667244772
MA0638.1	33378	0.778013771837597	0.0411438102579501
MA0639.1	33378	0.82447029277705	0.0490493833468662
MA0641.1	33378	0.796414413680191	0.0471336475205973
MA0027.2	33378	0.912077622920612	0.0488018515780944
MA0643.1	33378	0.857058404301127	0.0477550054959296
MA0645.1	33378	0.866571794717033	0.0464589301700667
MA0475.2	33378	0.847345021098906	0.046733682039643
MA0042.2	33378	0.902136333904751	0.0521821236691058
MA0033.2	33378	0.936732897212489	0.0491074470332441
MA0646.1	33378	0.822885552081811	0.0388308997661872
MA0647.1	33378	0.792006777807931	0.0455050618265922
MA0648.1	33378	0.875579891637607	0.0480693736543758
MA0649.1	33378	0.831203120775709	0.0509063383677085
MA0131.2	33378	0.818258326482926	0.0492405012354535
MA0046.2	33378	0.787130031747356	0.0525554531910906
MA0153.2	33378	0.777047973748579	0.0528807539020156
MA0486.2	33378	0.780021042180688	0.0496801177191801
MA0652.1	33378	0.745946728873125	0.041634734148745
MA0653.1	33378	0.72470800066154	0.0428120427713141
MA0654.1	33378	0.898186223984499	0.0634593867848648
MA0655.1	33378	0.814844663472923	0.0539110153882798
MA0656.1	33378	0.767656277747898	0.0549983718126598
MA0657.1	33378	0.754179035485398	0.0419906233608015
MA0658.1	33378	0.85353703541448	0.0507150911145368
MA0660.1	33378	0.797946423283139	0.0520409401491615
MA0661.1	33378	0.880503444499863	0.0482938746490997
MA0662.1	33378	0.905756657849966	0.0497375755996451
MA0663.1	33378	0.797040043780512	0.050667473112586
MA0664.1	33378	0.823369582974843	0.0491578910154127
MA0665.1	33378	0.83943534728254	0.0429836556887272
MA0667.1	33378	0.829409492718061	0.0467469835529289
MA0669.1	33378	0.832900740601269	0.0448613878954341
MA0670.1	33378	0.881267574493045	0.0666579873024365
MA0671.1	33378	0.950838048086196	0.029261982754102
MA0048.2	33378	0.844037153107687	0.0494404669097895
MA0672.1	33378	0.897589979796982	0.0413299882475953
MA0673.1	33378	0.922587509479948	0.0333445310949669
MA0674.1	33378	0.915931222463443	0.0501543780930983
MA0675.1	33378	0.924445363918815	0.0490778249274094
MA0676.1	33378	0.880677508581343	0.044483253852389
MA0677.1	33378	0.775409085423655	0.0428561320895659
MA0678.1	33378	0.838024632894004	0.0459626347129873
MA0068.2	33378	0.865725405393227	0.0523935674852661
MA0683.1	33378	0.738115740200127	0.0505293154871291
MA0512.2	33378	0.756138458075266	0.0443744555652472
MA0686.1	33378	0.820729592302711	0.0422156703103367
MA0687.1	33378	0.832836496264885	0.0374171694839606
MA0083.3	33378	0.721761433236899	0.0439168645294773
MA0009.2	33378	0.734257747460282	0.0404969223337376
MA0688.1	33378	0.852086464522324	0.0400630351016818
MA0689.1	33378	0.834482321583064	0.0407082909297842
MA0691.1	33378	0.830276699744231	0.0511366461636053
MA0692.1	33378	0.848524085426035	0.0479323632167937
MA0694.1	33378	0.811017389290277	0.0428444180723477
MA0695.1	33378	0.836838744474144	0.0384437486264048
MA0696.1	33378	0.780277463503836	0.0439253800963137
MA0698.1	33378	0.829396929968794	0.0448353316276104
MA0699.1	33378	0.889825999828074	0.047111922749913
MA0704.1	33378	0.901584101718903	0.0481308682754908
MA0705.1	33378	0.907360774309077	0.0487350631132657
MA0706.1	33378	0.888246931352636	0.0465854672583885
MA0709.1	33378	0.898568563719886	0.0601826318687701
MA0710.1	33378	0.89702390020129	0.0465350395663638
MA0124.2	33378	0.870424541248857	0.0445769081940854
MA0711.1	33378	0.900881844213061	0.0519797839305657
MA0132.2	33378	0.919565480897499	0.0561998849415254
MA0713.1	33378	0.82832433019742	0.0538319353345511
MA0714.1	33378	0.896184867029462	0.0501200899696364
MA0715.1	33378	0.806437463350881	0.0594914902387663
MA0716.1	33378	0.905573467647491	0.0567415368514369
MA0717.1	33378	0.909304428195865	0.0532056657033619
MA0718.1	33378	0.887622783649766	0.0517423469890176
MA0719.1	33378	0.971025177815606	0.0231049773923726
MA0720.1	33378	0.906051274502493	0.0573875393385486
MA0721.1	33378	0.908197913031054	0.0542786331353757
MA0722.1	33378	0.906954268792212	0.0490265594604962
MA0724.1	33378	0.86855854466463	0.0490944938520277
MA0725.1	33378	0.891887263636275	0.0576047191914583
MA0726.1	33378	0.876768156367171	0.0592168477051185
MA0112.3	33378	0.739063962837702	0.0413031115529728
MA0141.3	33378	0.817572187130581	0.0521601354988136
MA0017.2	33378	0.839598599391122	0.0473322069265008
MA0113.3	33378	0.759594080640924	0.0426972105959582
MA0727.1	33378	0.75545094806462	0.0427794142453669
MA0728.1	33378	0.743584247295595	0.0450442262968217
MA0729.1	33378	0.72619803524413	0.0410861753988838
MA0730.1	33378	0.737223823657054	0.0396230857360264
MA0731.1	33378	0.706507623459525	0.0415318477122679
MA0472.2	33378	0.814894560017034	0.0481183154640639
MA0732.1	33378	0.788961191254486	0.0543310518348282
MA0733.1	33378	0.792068796675245	0.0442132945803723
MA0735.1	33378	0.713474761061989	0.0410384919801309
MA0736.1	33378	0.794902321741505	0.0410357724807291
MA0737.1	33378	0.75685407225784	0.0385716571629913
MA0738.1	33378	0.922864478671457	0.0349229673744569
MA0739.1	33378	0.888674457163752	0.0399515416523821
MA0741.1	33378	0.885975923972246	0.0582607629717746
MA0747.1	33378	0.884822410404513	0.0470689327954101
MA0749.1	33378	0.726324625553016	0.0392644110503718
MA0751.1	33378	0.811371696280409	0.0402213126232643
MA0088.2	33378	0.77151189299335	0.0397460047261535
MA0752.1	33378	0.716600965279313	0.0421669668861008
MA0755.1	33378	0.81226866690667	0.0528561718908816
MA0757.1	33378	0.786157835993784	0.0561299411461698
MA0758.1	33378	0.717888346757302	0.0451139532074761
MA0760.1	33378	0.848658366081755	0.0445521996793619
MA0098.3	33378	0.864137226487297	0.0445356910629158
MA0762.1	33378	0.829037724664557	0.0432676139972269
MA0763.1	33378	0.85251130016364	0.0413824083953981
MA0767.1	33378	0.853542094741465	0.0386105042870015
MA0770.1	33378	0.793675068737429	0.0480619926191756
MA0771.1	33378	0.817196762086188	0.0452580909706084
MA0772.1	33378	0.800163121947998	0.0426575511213487
MA0773.1	33378	0.810904248743018	0.0531306701852595
MA0498.2	33378	0.96475022571747	0.0360852510440693
MA0774.1	33378	0.89975308562773	0.0490201967759032
MA0775.1	33378	0.923671661571996	0.0422427904158429
MA0776.1	33378	0.773752627377212	0.0409498886597868
MA0777.1	33378	0.738939637912572	0.0383212421836515
MA0105.4	33378	0.735157622366314	0.0503784662425057
MA0778.1	33378	0.768922675542242	0.051071085440075
MA0779.1	33378	0.763516194424164	0.0326578606168013
MA0780.1	33378	0.789058053366606	0.0596016229615207
MA0781.1	33378	0.73805105382208	0.0349464723288053
MA0783.1	33378	0.758721534311099	0.0482177648780887
MA0785.1	33378	0.834281133775042	0.0514136950061449
MA0786.1	33378	0.835057717517754	0.0538640373398989
MA0787.1	33378	0.823342973594408	0.0540428963938656
MA0788.1	33378	0.817218985651715	0.0517172390445539
MA0789.1	33378	0.849388486535124	0.0581277672811934
MA0790.1	33378	0.788978626893046	0.0558375482506762
MA0791.1	33378	0.766645333650844	0.054059388002921
MA0792.1	33378	0.868888226818324	0.0528611143614785
MA0793.1	33378	0.850112591683058	0.0527961953582598
MA0794.1	33378	0.785824612353316	0.0404726630043684
MA0600.2	33378	0.745624399675865	0.0466150505308865
MA0795.1	33378	0.793154671370854	0.0473611591587736
MA0796.1	33378	0.735167034809267	0.050892227497313
MA0797.1	33378	0.766012002662159	0.0472599251003151
MA0510.2	33378	0.73811412704516	0.0470434915796869
MA0511.2	33378	0.859952418337794	0.0443324985196934
MA0800.1	33378	0.819892672737424	0.0421609474352864
MA0801.1	33378	0.885765572907907	0.0453209363180876
MA0802.1	33378	0.837100859062605	0.0447131577199495
MA0803.1	33378	0.866382658859735	0.0502766321212349
MA0804.1	33378	0.717338764128718	0.0380445386164638
MA0805.1	33378	0.867577265527125	0.0502051592599159
MA0806.1	33378	0.892936179944112	0.043452630474482
MA0807.1	33378	0.900311611102743	0.0409094041094701
MA0808.1	33378	0.909012576096082	0.04786544970463
MA0810.1	33378	0.877943645472785	0.0449063167807979
MA0811.1	33378	0.864786588571156	0.0440087697336479
MA0812.1	33378	0.860009524492204	0.0507288579010458
MA0813.1	33378	0.822853025090307	0.0520385908609951
MA0524.2	33378	0.86095528495245	0.0437945535013588
MA0815.1	33378	0.814122120731039	0.0542315893461241
MA0816.1	33378	0.860159389290053	0.0472516563492407
MA0461.2	33378	0.863825534944524	0.0432706796715083
MA0464.2	33378	0.831811991358548	0.0552081502604564
MA0817.1	33378	0.809810664269068	0.0487810896891078
MA0820.1	33378	0.892603472514694	0.0437590169922349
MA0822.1	33378	0.742680973908539	0.0511167743827398
MA0823.1	33378	0.822215310120667	0.0557439959840636
MA0058.3	33378	0.853406053936006	0.0526354246016339
MA0825.1	33378	0.861736927657029	0.0502389003286574
MA0826.1	33378	0.821807345608731	0.0488011882707661
MA0827.1	33378	0.858753733304076	0.0414496044446648
MA0832.1	33378	0.770341172735664	0.0458345606266252
MA0834.1	33378	0.757491622955901	0.0531890401910383
MA0838.1	33378	0.805251871194028	0.0437993729066334
MA0839.1	33378	0.754129008948262	0.0402111209004579
MA0840.1	33378	0.789191907643635	0.0540046924702619
MA0117.2	33378	0.846141518268612	0.0404531528891026
MA0841.1	33378	0.794330018287611	0.0505054647081246
MA0843.1	33378	0.814440758026306	0.0474195764807742
MA0844.1	33378	0.774312597438515	0.0397112899277551
MA0845.1	33378	0.855159734344609	0.0518057264031557
MA0032.2	33378	0.882959759011779	0.0491739541802527
MA0846.1	33378	0.879036301022504	0.0504137802988478
MA0848.1	33378	0.919938241651261	0.0478036310634724
MA0849.1	33378	0.905891419716061	0.0521328525539761
MA0850.1	33378	0.947048835807291	0.0334109448149393
MA0851.1	33378	0.838532040611831	0.0496196584155283
MA0853.1	33378	0.78493886683913	0.0464262373108321
MA0854.1	33378	0.790001681785811	0.0480677071042474
MA0855.1	33378	0.752963952986646	0.0444810142111245
MA0856.1	33378	0.763465943850537	0.0436703715190808
MA0857.1	33378	0.719764815595172	0.0449524592019471
MA0858.1	33378	0.732691789732972	0.0408224114612959
MA0859.1	33378	0.7374853749196	0.0446585992760027
MA0860.1	33378	0.722705829791867	0.0410879863079461
MA0525.2	33378	0.727055116318206	0.0366088922075813
MA0106.3	33378	0.735150261475394	0.0364066062820761
MA0861.1	33378	0.77090329575058	0.0380140802263345
MA0862.1	33378	0.838709266211557	0.0458037784985406
MA0863.1	33378	0.746394504931913	0.0385355471742873
MA0024.3	33378	0.779109155275881	0.04303553209632
MA0866.1	33378	0.738143656174616	0.0469243548777281
MA0870.1	33378	0.738999578160524	0.0465605766472039
MA0872.1	33378	0.808761990413621	0.0555031279591846
MA0028.2	33378	0.819804482990674	0.0536184585666461
MA0873.1	33378	0.822866172182063	0.0425999227677974
MA0874.1	33378	0.777473489339032	0.0457601636305259
MA0875.1	33378	0.92978102975526	0.0465535609079699
MA0876.1	33378	0.93446529421446	0.0431593137402346
MA0880.1	33378	0.919669249291304	0.0540311562322875
MA0881.1	33378	0.918892379232432	0.0521982033875879
MA0882.1	33378	0.918727011982559	0.0529295518134997
MA0883.1	33378	0.822049520481372	0.0394551426123325
MA0886.1	33378	0.873952672043002	0.051491125753567
MA0887.1	33378	0.893428691420623	0.0414884153270838
MA0888.1	33378	0.891879384176813	0.0423330407846509
MA0889.1	33378	0.863261873368792	0.0525100839199534
MA0890.1	33378	0.880918332421437	0.0559011746823628
MA0891.1	33378	0.888600527724773	0.0434163720349386
MA0892.1	33378	0.908149053513683	0.0399207197798384
MA0894.1	33378	0.878250661623648	0.0564396510040845
MA0895.1	33378	0.874865784362613	0.0419105640873797
MA0896.1	33378	0.796341286271089	0.0401039239320142
MA0897.1	33378	0.78004538526345	0.0424571420232644
MA0898.1	33378	0.778059780044803	0.0424746516126208
MA0899.1	33378	0.87700347789076	0.0480737852929259
MA0903.1	33378	0.918646435003127	0.0447928267360252
MA0905.1	33378	0.874309862932579	0.0449223837306539
MA0906.1	33378	0.817093928258326	0.0431544116879488
MA0907.1	33378	0.821479023598559	0.0456774632816589
MA0908.1	33378	0.858344378714314	0.0441704846053654
MA0911.1	33378	0.837068601386991	0.0401652252552695
MA0914.1	33378	0.90467437807492	0.0413489281151095
MA0852.2	33378	0.83858192921272	0.0442662375333115
MA0036.3	33378	0.87010087160528	0.0519168076266095
MA1106.1	33378	0.850157523639363	0.0553493358634259
MA0147.3	33378	0.827944240870399	0.0521794354021843
MA0100.3	33378	0.898210141803188	0.0601451130837761
MA0104.4	33378	0.806260581916618	0.053075807919215
MA1109.1	33378	0.855808277331579	0.0452133421646261
MA0161.2	33378	0.869525161827252	0.050219215848145
MA0060.3	33378	0.850723768646763	0.0548000933545729
MA1111.1	33378	0.866209876861947	0.049946415585782
MA0014.3	33378	0.823505606760762	0.0449015274825641
MA1114.1	33378	0.78495356990114	0.0452012109431395
MA1115.1	33378	0.864041626312762	0.0550072075714409
MA1116.1	33378	0.925173031622547	0.0575857620100209
MA1117.1	33378	0.849224098313251	0.045944089658366
MA1118.1	33378	0.827746003416713	0.043609140198867
MA1119.1	33378	0.774337980705416	0.0406902632088317
MA0442.2	33378	0.899039980053943	0.0533578655021235
MA1120.1	33378	0.875242208634557	0.0522846305662705
MA1121.1	33378	0.83664313705277	0.0460529107848169
MA1122.1	33378	0.851837285177786	0.0583853094588546
MA0750.2	33378	0.837419561781454	0.0506992320709814
MA0103.3	33378	0.895850763444997	0.0554957752726683
MA1124.1	33378	0.755423828113832	0.0532442275694254
MA1125.1	33378	0.890533224189943	0.0821338037832987
MA1154.1	33378	0.762807180721705	0.0360146666268145
MA1155.1	33378	0.76908977897807	0.0429432070793169
MA0099.3	33378	0.84880622041295	0.047685437712063
MA1126.1	33378	0.777526385050759	0.0433216590224175
MA1127.1	33378	0.785182668746255	0.0519555700150199
MA1128.1	33378	0.837335833627236	0.0475121480293897
MA1129.1	33378	0.795074060400664	0.0517675167448954
MA1130.1	33378	0.843810446382744	0.0476902302450414
MA1131.1	33378	0.808512366166315	0.0508490572625322
MA1132.1	33378	0.851596237577203	0.0439049296630212
MA1133.1	33378	0.798933821357983	0.0487391563767998
MA1134.1	33378	0.82934908654714	0.0489697316030433
MA1135.1	33378	0.844661418104305	0.0498545125389414
MA1136.1	33378	0.808753638390619	0.050505495690435
MA1137.1	33378	0.834943040591404	0.0453522774590917
MA1138.1	33378	0.841492967832432	0.0512306624966909
MA1139.1	33378	0.781522206984707	0.0537416355659128
MA1141.1	33378	0.828219064143311	0.0478647830658261
MA1142.1	33378	0.869995513977432	0.0431098023199204
MA1143.1	33378	0.838510629950604	0.0448400533105215
MA1144.1	33378	0.840387449678395	0.0498725289095464
MA1145.1	33378	0.785913088589605	0.0495411579851934
MA1146.1	33378	0.779178891870778	0.035218303851935
MA1147.1	33378	0.792203515083317	0.0349487763196074
MA1148.1	33378	0.785030372054745	0.0341244172426688
MA1149.1	33378	0.808190893161602	0.0354502419537756
MA1150.1	33378	0.862779077743967	0.0402146090214403
MA1151.1	33378	0.865613425120482	0.0381614288211029
MA1152.1	33378	0.916621061362552	0.0411893779609119
MA1153.1	33378	0.897340697203421	0.0562842224316814
MA1418.1	33378	0.736033134631055	0.0396054558310702
MA1419.1	33378	0.731502380895723	0.0409469792930378
MA1420.1	33378	0.772826072342925	0.0370441977373009
MA1421.1	33378	0.809999669306209	0.042323889420627
MA1463.1	33378	0.837564461076859	0.0620717118080283
MA1464.1	33378	0.826112669656091	0.0559144205050414
MA1466.1	33378	0.752430096754245	0.0416547632973061
MA1468.1	33378	0.881919809045666	0.0375246053691345
MA1101.2	33378	0.745202061018754	0.043106325374299
MA1470.1	33378	0.72592238930428	0.0371135953742469
MA1471.1	33378	0.867918717545876	0.0488970386896617
MA1473.1	33378	0.842376513446455	0.0494036063081001
MA1474.1	33378	0.806977024444299	0.0423392593171593
MA1475.1	33378	0.796296157665215	0.0494525729598143
MA1478.1	33378	0.849036195007244	0.0412167870742357
MA1479.1	33378	0.821740380456854	0.0438652929739896
MA1480.1	33378	0.842374238753224	0.0452867839697129
MA1481.1	33378	0.91218592760212	0.0552432003043599
MA1484.1	33378	0.864282765652794	0.0461229295733932
MA1485.1	33378	0.785263648105469	0.0427420431091069
MA1489.1	33378	0.824944574270478	0.0713927164263
MA1493.1	33378	0.822013194789804	0.042033690598114
MA1494.1	33378	0.759269330027356	0.0420707264032715
MA1495.1	33378	0.913461999418872	0.0426890987132265
MA1496.1	33378	0.93268769448099	0.0384762675825971
MA1497.1	33378	0.887072611487994	0.0397360064313394
MA1499.1	33378	0.912610867826654	0.0590561613125579
MA1500.1	33378	0.927517851098286	0.0395471961534489
MA1501.1	33378	0.873427494254736	0.0418409047993771
MA1502.1	33378	0.91627723849178	0.0480178838234565
MA1503.1	33378	0.833218424909428	0.0465771038161317
MA1504.1	33378	0.936663183904638	0.0522455975773347
MA1505.1	33378	0.915162859829996	0.0402824744822388
MA1506.1	33378	0.815123812430611	0.0442595887706137
MA1507.1	33378	0.93103263439203	0.0564810388846996
MA1508.1	33378	0.865182406307212	0.0449033289011441
MA1509.1	33378	0.819822684348727	0.0423051256111903
MA1512.1	33378	0.879047618665746	0.0540928994894951
MA1513.1	33378	0.86404949501417	0.0887752603760723
MA1514.1	33378	0.800612454340087	0.0460404220668821
MA1515.1	33378	0.906476125420687	0.0532787957233872
MA1516.1	33378	0.853222783991363	0.0570211926912993
MA1517.1	33378	0.893768441082818	0.051545251438294
MA1519.1	33378	0.886853162584452	0.0623366492399193
MA1520.1	33378	0.774760290577036	0.038476560889115
MA1521.1	33378	0.77872300775169	0.0390177866608728
MA1522.1	33378	0.890726193400286	0.0693092725536456
MA1523.1	33378	0.876830351876549	0.0400345091941082
MA1527.1	33378	0.763242503967915	0.0477825611833355
MA1528.1	33378	0.772818565424511	0.0467387129777759
MA1529.1	33378	0.744320005228196	0.0429134084312054
MA1530.1	33378	0.900987950905886	0.0473995681035414
MA1531.1	33378	0.792609929194356	0.037606240947996
MA1533.1	33378	0.801534557825519	0.0324490402130458
MA1534.1	33378	0.887623505463657	0.0446790761924358
MA1535.1	33378	0.939576705436984	0.0494038338781856
MA1536.1	33378	0.968752267145668	0.0269464480831284
MA1537.1	33378	0.780632752544348	0.0417880620505783
MA1538.1	33378	0.758505412085978	0.040998969377015
MA1539.1	33378	0.744683338782131	0.0421062198036555
MA1541.1	33378	0.783277350804907	0.0421295681272984
MA1542.1	33378	0.860888563316164	0.0438490275625627
MA1544.1	33378	0.782228079871543	0.0425608980883548
MA1545.1	33378	0.81474244761563	0.0412826860691652
MA1546.1	33378	0.772244117750352	0.0337150976158447
MA1548.1	33378	0.851953508284134	0.0598410381260786
MA1549.1	33378	0.878300611364149	0.0471379244192818
MA1550.1	33378	0.782831517069182	0.0402237711469398
MA1552.1	33378	0.773930665915335	0.0378755081213947
MA1553.1	33378	0.764872888766721	0.0386115149820556
MA1554.1	33378	0.903537075753096	0.0335001951678403
MA1555.1	33378	0.782116917475483	0.0391658555442054
MA1556.1	33378	0.777295376611958	0.0407203353001291
MA1557.1	33378	0.812630583769528	0.0438216794460164
MA1558.1	33378	0.902663770435932	0.0487705733958544
MA1559.1	33378	0.863851888019527	0.0477449951699957
MA1560.1	33378	0.822634599253452	0.0535367322893519
MA1561.1	33378	0.804182693574109	0.0413405598051444
MA1562.1	33378	0.817509232345285	0.0446510721514933
MA1564.1	33378	0.8767699364652	0.0584410103575855
MA1565.1	33378	0.840054350055788	0.0407743035156778
MA1568.1	33378	0.840153519402841	0.038165343988986
MA1569.1	33378	0.879195387299676	0.0578671150790956
MA1570.1	33378	0.897165705698474	0.0406059899037918
MA1571.1	33378	0.778859747631048	0.0444430425388477
MA1572.1	33378	0.78680445402097	0.0438371868551344
MA1574.1	33378	0.820750400352475	0.0362311128878928
MA1575.1	33378	0.756387316500909	0.0392062220495608
MA1576.1	33378	0.762547522813973	0.0347680781262341
MA1577.1	33378	0.904875203367827	0.0661175977166125
MA1578.1	33378	0.891171504133859	0.0605796056043701
MA1579.1	33378	0.867312896481488	0.0491219330819631
MA1580.1	33378	0.83118678739228	0.0510326903649518
MA1581.1	33378	0.842040446799953	0.0459975091532828
MA1583.1	33378	0.827454173923152	0.0498269977381397
MA1584.1	33378	0.778192989279536	0.0442444509755629
MA1585.1	33378	0.826529956048134	0.048749442869805
MA1587.1	33378	0.796611213298777	0.0439764925975065
MA1588.1	33378	0.764006648034493	0.0393228536347392
MA1589.1	33378	0.70468431751832	0.0341502640211992
MA1592.1	33378	0.80594871656707	0.0364397771102054
MA1593.1	33378	0.834196042223841	0.04520757818704
MA1594.1	33378	0.70523487748829	0.0295313422114509
MA1596.1	33378	0.784876008941189	0.0666011740615018
MA1597.1	33378	0.7299145251875	0.0389355312962265
MA1599.1	33378	0.776076585980962	0.0486970219599175
MA1600.1	33378	0.746555336712532	0.0348895850714279
MA1602.1	33378	0.817091406399844	0.0451327109806013
MA1603.1	33378	0.808977396227252	0.0461460863719076
MA1604.1	33378	0.821808167005685	0.0508652270247947
MA1606.1	33378	0.873553630894434	0.0545363312865111
MA1607.1	33378	0.832992480049498	0.0504858096382494
MA1608.1	33378	0.863251108523	0.0500029743236112
MA1615.1	33378	0.83546494685119	0.0537793276517403
MA1616.1	33378	0.803421082167339	0.0414755221034066
MA1618.1	33378	0.858617618212474	0.0486413938843927
MA1619.1	33378	0.855735117488036	0.052951615684781
MA1620.1	33378	0.865046597355791	0.0482388459860634
MA1621.1	33378	0.8602886754321	0.0473321471256362
MA1623.1	33378	0.841992835136079	0.0496646648483157
MA1624.1	33378	0.84738329085185	0.0487245827946926
MA1625.1	33378	0.833899539059515	0.0516590180843692
MA1627.1	33378	0.843350078134195	0.0572307467822187
MA1628.1	33378	0.885210818054781	0.0516059741614188
MA1629.1	33378	0.823466196645569	0.0473337498214947
MA1100.2	33378	0.893452922289907	0.042685413217591
MA0605.2	33378	0.766977687190021	0.0572703233160741
MA0462.2	33378	0.837660434326666	0.0520442236259406
MA0463.2	33378	0.775664151466854	0.0395595491473523
MA0864.2	33378	0.765303203788635	0.0395070699364258
MA0469.3	33378	0.718284243216717	0.0384232441780221
MA0470.2	33378	0.759372018963112	0.0414859797613459
MA0612.2	33378	0.888815419197787	0.0564389378052893
MA0766.2	33378	0.888201385570766	0.0493684576549156
MA0038.2	33378	0.829587318017169	0.042925218075358
MA0893.2	33378	0.932956078707005	0.0405400084693102
MA1099.2	33378	0.862148901131417	0.0575749738091454
MA0616.2	33378	0.820639384379143	0.0575682919703224
MA0900.2	33378	0.891101655962085	0.060811833762294
MA0158.2	33378	0.908511897112767	0.046972214623972
MA0594.2	33378	0.890311652078897	0.0370565251132787
MA0902.2	33378	0.922000464870222	0.0466415841887433
MA0904.2	33378	0.900562762847141	0.049366557933254
MA0485.2	33378	0.82452997882617	0.0478600087543859
MA0912.2	33378	0.869505607367114	0.053741983540464
MA0910.2	33378	0.910534428809253	0.047441476604326
MA0913.2	33378	0.867587396896829	0.0508167311607872
MA1140.2	33378	0.745696419079958	0.0537021566988297
MA0701.2	33378	0.883907927384893	0.0573352652893658
MA0702.2	33378	0.864292426827497	0.0656568695626027
MA0703.2	33378	0.81948366666684	0.0672821541528664
MA0623.2	33378	0.835961286431395	0.0476767722135647
MA0842.2	33378	0.812544105600737	0.0418393007866932
MA0682.2	33378	0.895097758298339	0.0610128614692569
MA0075.3	33378	0.874353857882667	0.0655406240825891
MA0867.2	33378	0.908163794280746	0.0434257031935993
MA0868.2	33378	0.875110988304004	0.0432297657520695
MA0746.2	33378	0.863194837786899	0.0587086935981305
MA0632.2	33378	0.842820049641929	0.0595350665778864
MA0871.2	33378	0.818111159006051	0.0550826616588113
MA0753.2	33378	0.827675070329616	0.0672642112658935
MA0122.3	33378	0.825389001953021	0.0480081056450774
MA1707.1	33378	0.842745650859802	0.0436961605187687
MA1708.1	33378	0.87650427723952	0.0397255374815797
MA1709.1	33378	0.816243198001202	0.0442640039074563
MA1710.1	33378	0.896191197638209	0.042408363352586
MA1711.1	33378	0.75415398001066	0.0411064202306155
MA1712.1	33378	0.795230071945931	0.0455754886370059
MA1713.1	33378	0.798857661282063	0.0655889400550526
MA1714.1	33378	0.76403951211673	0.0322200462317217
MA1715.1	33378	0.749547912362349	0.0405336035481842
MA1716.1	33378	0.754846216137731	0.0389340459919546
MA1717.1	33378	0.818967651177168	0.0427467034363134
MA1718.1	33378	0.69635761233332	0.039644327554706
MA1719.1	33378	0.758969242313908	0.041373919760648
MA1720.1	33378	0.781670222905305	0.0405347121829904
MA1721.1	33378	0.769313934698788	0.0619443906793103
MA1722.1	33378	0.724237335386992	0.0344171931576297
MA1723.1	33378	0.822299574282901	0.0448163771832275
MA1724.1	33378	0.822029353392221	0.0492320509142086
MA1631.1	33378	0.85681762037481	0.0503893736944187
MA1632.1	33378	0.81772504414045	0.0531229642909458
MA1634.1	33378	0.839430585394255	0.052199652652527
MA1635.1	33378	0.878718698293141	0.0651052522320128
MA1636.1	33378	0.798577702545661	0.0438378419770424
MA1637.1	33378	0.821061941323894	0.0523109257306292
MA1638.1	33378	0.901256596139095	0.0611486910215065
MA1639.1	33378	0.832898117515647	0.0489041123474699
MA1640.1	33378	0.808650171558471	0.0498801626097083
MA1641.1	33378	0.847489920382969	0.052488617426191
MA1642.1	33378	0.867473147466397	0.0473321946165025
MA1643.1	33378	0.728334643317333	0.0432717023826897
MA1644.1	33378	0.851851869116625	0.0546726116616102
MA1645.1	33378	0.84540283462693	0.043595275240675
MA1646.1	33378	0.872345145784519	0.0470636757540112
MA1648.1	33378	0.888103354485242	0.0519397141788401
MA1649.1	33378	0.881080478832128	0.0528760908757007
MA1650.1	33378	0.818817624074022	0.0649173250662665
MA1651.1	33378	0.756405883718507	0.0444111842257661
MA1652.1	33378	0.84230819912198	0.0463522528462604
MA1653.1	33378	0.863615301217618	0.0719588411292569
MA1654.1	33378	0.717488955317032	0.0320681693662156
MA1655.1	33378	0.848909587231702	0.0462227442261002
MA1656.1	33378	0.817782354872794	0.0453757699637539
MA1657.1	33378	0.815494303007789	0.0504734962992132
MA1683.1	33378	0.87165442091592	0.0520914722181605
MA1725.1	33378	0.833729744626292	0.0438170254054993
MA1726.1	33378	0.808684664130319	0.0476650533308587
MA1727.1	33378	0.801806735059153	0.0494654517726177
MA1728.1	33378	0.852525406183468	0.0491664038360288
MA1729.1	33378	0.79421403183678	0.0389974693846146
MA1730.1	33378	0.805365605626689	0.0418011287924803
MA1731.1	33378	0.820117068213831	0.0396882185572337
MA0833.2	33378	0.800364944798699	0.0460153682995481
MA0835.2	33378	0.837228094032128	0.0507050671082779
MA0465.2	33378	0.840800810253	0.0515305243252654
MA0102.4	33378	0.80414418948164	0.0451386651010494
MA0836.2	33378	0.818711048365003	0.0465058983425565
MA0018.4	33378	0.829474860733508	0.0574493374277667
MA1102.2	33378	0.842472991106688	0.0595165988268788
MA0471.2	33378	0.858910659426212	0.0501553452717557
MA0154.4	33378	0.799832541521531	0.0480544481817171
MA0162.4	33378	0.823289301727871	0.0607812199057032
MA0598.3	33378	0.82944315728179	0.0443766080485321
MA0473.3	33378	0.830727447739879	0.0462607970519158
MA0640.2	33378	0.844545858460884	0.0441241807701243
MA0592.3	33378	0.818509178753328	0.0522436862932168
MA0761.2	33378	0.840780066510692	0.0457008959774715
MA0477.2	33378	0.825601595737058	0.0526359838304555
MA0148.4	33378	0.842253279565076	0.0507615547538138
MA0047.3	33378	0.869091775362891	0.0521787295732074
MA1103.2	33378	0.869572662737568	0.0521417306966451
MA0481.3	33378	0.875493446845236	0.052126989295892
MA0062.3	33378	0.831728672170388	0.0457096732649075
MA0035.4	33378	0.857641288303334	0.0470301057402127
MA0482.2	33378	0.846847207407619	0.0457534120057492
MA1104.2	33378	0.829754081124655	0.0477621138031499
MA1105.2	33378	0.826728808755007	0.0472028799375644
MA0043.3	33378	0.81948837439859	0.0491350757371365
MA0114.4	33378	0.818589073633933	0.0473012490482654
MA0484.2	33378	0.822297254876735	0.0468023181251627
MA0901.2	33378	0.829499351964626	0.0543193953620965
MA0490.2	33378	0.814021150370162	0.0533913270662848
MA0491.2	33378	0.815936762387456	0.0532306722058893
MA0039.4	33378	0.896281479439384	0.0630155796730711
MA1107.2	33378	0.819806528083585	0.0538100402515574
MA0700.2	33378	0.857095629641572	0.0557536479923708
MA0495.3	33378	0.784234644163914	0.0428789743725332
MA0496.3	33378	0.777164538222966	0.0469638002715759
MA0052.4	33378	0.821208660293933	0.0506248317601335
MA0620.3	33378	0.78311046518457	0.047644549778038
MA1108.2	33378	0.910550138252209	0.0619123335978776
MA0499.2	33378	0.849439446225537	0.0453708421205552
MA0500.2	33378	0.850438974526527	0.0582170095137115
MA0056.2	33378	0.846789921767983	0.0461554334455461
MA0089.2	33378	0.774257341417471	0.0442308533638872
MA0025.2	33378	0.82251769068269	0.0516936771603302
MA0502.2	33378	0.825961602815578	0.0509178208946276
MA0063.2	33378	0.87687460036701	0.0452979654400854
MA1112.2	33378	0.863911246836109	0.0480480396201465
MA0679.2	33378	0.784668665734944	0.0598260192527122
MA0712.2	33378	0.868593346911666	0.0527480716734469
MA1113.2	33378	0.822548086930223	0.0528010083876411
MA0681.2	33378	0.77435922191985	0.0615294416258995
MA0782.2	33378	0.804509420038596	0.0481489878519797
MA0627.2	33378	0.82414683958105	0.0556057250870129
MA0508.3	33378	0.888971429229976	0.0518317267927906
MA0684.2	33378	0.865267790961515	0.047661837640658
MA0743.2	33378	0.792413488717062	0.0417201863467242
MA0744.2	33378	0.794492470613108	0.041796132281394
MA0745.2	33378	0.842460115824697	0.0480420263060657
MA0143.4	33378	0.870088429296689	0.0485674094934233
MA0081.2	33378	0.803636530443991	0.0412923083139345
MA0829.2	33378	0.796227517546465	0.0457440666517749
MA0522.3	33378	0.888977471314337	0.0514265338594193
MA0830.2	33378	0.854178905329922	0.050147899373834
MA0769.2	33378	0.877481614118822	0.0508948029901167
MA0090.3	33378	0.830034711431636	0.0470825541365148
MA0809.2	33378	0.849899726097068	0.0470422530558029
MA0003.4	33378	0.830314334627248	0.0526208508267567
MA0814.2	33378	0.830298525085823	0.0533037741521183
MA1123.2	33378	0.854559455671771	0.0463884182701819
MA0093.3	33378	0.803878830126993	0.047964001892803
MA0748.2	33378	0.826573502556543	0.0512172486204136
MA0528.2	33378	0.869253628487534	0.0576421117835939
MA0609.2	33378	0.752068108878416	0.053708767581985
MA1684.1	33378	0.974893451604406	0.0413778163608093
MA1928.1	33378	0.846221385584728	0.0519214434983759
MA1929.1	33378	0.698313752136503	0.0383833937480096
MA1930.1	33378	0.689628110925752	0.0355084222529987
MA1931.1	33378	0.755672055688239	0.0400013614351864
MA1932.1	33378	0.749020252821146	0.0360249504707952
MA1933.1	33378	0.754679991247888	0.0386726886482258
MA1934.1	33378	0.796233434356806	0.0404787819406312
MA1935.1	33378	0.847254998570156	0.0341813817031562
MA1936.1	33378	0.858079780953694	0.0330685443422866
MA1937.1	33378	0.817949199505681	0.0347910073565073
MA1938.1	33378	0.76916855290599	0.0359089432725193
MA1939.1	33378	0.753385323001797	0.0341821070095723
MA1940.1	33378	0.790769643087098	0.0384996036744561
MA1941.1	33378	0.77994601380783	0.0398464687177523
MA1942.1	33378	0.816299699980466	0.0379687502588439
MA1943.1	33378	0.793152529202528	0.0359430874919033
MA1944.1	33378	0.801601423167863	0.036235892486558
MA1945.1	33378	0.792059238085589	0.0419476388572785
MA1946.1	33378	0.832641409422241	0.0353875022493961
MA1947.1	33378	0.853783572454792	0.035480481494434
MA1948.1	33378	0.804735833792135	0.0349455026448499
MA1949.1	33378	0.773164969468141	0.035349223993033
MA1950.1	33378	0.823831876853196	0.0411555514039773
MA1951.1	33378	0.747320211494396	0.0496439983767641
MA1952.1	33378	0.83723569555561	0.0372524400775919
MA1953.1	33378	0.828755574965812	0.0385269585530684
MA1954.1	33378	0.823426502554182	0.0413347861208724
MA1955.1	33378	0.817803456962879	0.040557486447991
MA1956.1	33378	0.807469849543712	0.0387708033992384
MA1957.1	33378	0.768065302414246	0.0387564190720574
MA1958.1	33378	0.749314948438303	0.0368675823123768
MA1959.1	33378	0.923882498055971	0.0657924612952043
MA1960.1	33378	0.820837939224014	0.0419771514693262
MA1961.1	33378	0.89229766827011	0.0708334327960432
MA1962.1	33378	0.771254831344375	0.0425416026405304
MA1963.1	33378	0.828951726531326	0.0579068792498574
MA1964.1	33378	0.903243779012788	0.0572810953819875
MA1965.1	33378	0.927118150225193	0.0620844661662461
MA1966.1	33378	0.798465549235278	0.0400737578897878
MA1967.1	33378	0.74678087253146	0.041863270456251
MA1968.1	33378	0.836718241935552	0.0412429622953907
MA1969.1	33378	0.736131253893809	0.0333880961050613
MA1970.1	33378	0.841295371699585	0.0501961510900569
MA1971.1	33378	0.832263795471282	0.0397461030299226
MA1972.1	33378	0.842702605561841	0.0386976028546272
MA1973.1	33378	0.760375652358338	0.0449463229086408
MA1974.1	33378	0.777935975459834	0.0505298009877808
MA1975.1	33378	0.800050382361151	0.0351758748601801
MA1976.1	33378	0.758477142651671	0.0391597965234622
MA1977.1	33378	0.782374791287956	0.0335528118970067
MA1978.1	33378	0.784160162845242	0.0415452508863055
MA1979.1	33378	0.83480255435076	0.04506733431242
MA1980.1	33378	0.803029033058236	0.0351667311269194
MA1981.1	33378	0.808013880364675	0.0477246838540396
MA1982.1	33378	0.804088519903911	0.0412180870080479
MA1983.1	33378	0.691648084923843	0.033962071019809
MA1984.1	33378	0.830902506995193	0.0383032080465655
MA1985.1	33378	0.761098106661122	0.0417023326885744
MA1986.1	33378	0.866129995329516	0.0598328836828037
MA1987.1	33378	0.80309732444101	0.0377173667399657
MA1988.1	33378	0.8618414358221	0.0519515723141951
MA1989.1	33378	0.826186672640082	0.0485755518450167
MA1990.1	33378	0.812627421111555	0.0440519957806699
MA1991.1	33378	0.839434456005611	0.0411953366817882
MA1992.1	33378	0.829153976284025	0.043598744280413
MA1993.1	33378	0.890748080361877	0.0624002097021568
MA1994.1	33378	0.84457761297036	0.0461458168972938
MA1995.1	33378	0.840166193040429	0.0479896589224687
MA1996.1	33378	0.896160263819163	0.060446850794263
MA1997.1	33378	0.891232783197773	0.0646078357724948
MA1998.1	33378	0.827110732726164	0.0442120592762468
MA1999.1	33378	0.790174809540524	0.0407639888473604
MA2001.1	33378	0.853334543299357	0.0472343751483542
MA2002.1	33378	0.898410484120277	0.0439239991841685
MA2003.1	33378	0.905066366841169	0.034842340133892
MA0037.4	33378	0.852540362582458	0.048081631671986
MA0041.2	33378	0.832327958842318	0.0531117054207323
MA0050.3	33378	0.804068489648443	0.0448663641546944
MA0067.2	33378	0.779449559541116	0.0319773796977849
MA0078.2	33378	0.824903684538291	0.0448970563004879
MA0079.5	33378	0.906989049045557	0.0746062425697227
MA0080.6	33378	0.792826584748916	0.042976420358659
MA0087.2	33378	0.841394911021691	0.0421350383666906
MA0095.3	33378	0.843211373783724	0.0493429240973114
MA0136.3	33378	0.873671793890308	0.0442719008535384
MA0152.2	33378	0.828281409219061	0.0469060115977514
MA0156.3	33378	0.81507345697647	0.0497823147743874
MA0157.3	33378	0.873371804183625	0.0488571815909391
MA0160.2	33378	0.879720607831092	0.0426678775170313
MA0466.3	33378	0.758382829730971	0.0424800602414993
MA0467.2	33378	0.883199815282794	0.0649317977443524
MA0474.3	33378	0.841415852923786	0.0440739944019941
MA0480.2	33378	0.881023542939164	0.0481421641789331
MA0489.2	33378	0.846166654791832	0.0531944109983796
MA0493.2	33378	0.93843538941758	0.0626595124698457
MA0505.2	33378	0.819410163210832	0.0560480448640748
MA0506.2	33378	0.777324971091343	0.0689574621945083
MA0507.2	33378	0.775976877410401	0.0549475979391399
MA0509.3	33378	0.726009022108611	0.0476557180130705
MA0514.2	33378	0.880511074046022	0.0495687000559156
MA0516.3	33378	0.913482290108479	0.0663054178156716
MA0521.2	33378	0.869191936553822	0.059038733708675
MA0526.4	33378	0.775270253171685	0.0531935246599693
MA0606.2	33378	0.854115639779434	0.0461054243022301
MA0607.2	33378	0.813956270340616	0.0478896871045367
MA0611.2	33378	0.773878248152239	0.0492331449606205
MA0624.2	33378	0.876441419091608	0.0503455199924943
MA0625.2	33378	0.940813648888683	0.0331126542228808
MA0633.2	33378	0.893591445633862	0.0676464345588041
MA0642.2	33378	0.912509757188905	0.0476867799845426
MA0644.2	33378	0.900693392314719	0.0551794721271387
MA0650.3	33378	0.858618834723058	0.0500482291229827
MA0651.2	33378	0.776592258839727	0.0439424258749275
MA0659.3	33378	0.768426020690502	0.0489576936427457
MA0666.2	33378	0.899608966017699	0.0567878220305238
MA0668.2	33378	0.841705572356785	0.0437643793128267
MA0680.2	33378	0.774555059524376	0.0594944015521124
MA0685.2	33378	0.919679401422005	0.0674493380971826
MA0690.2	33378	0.817947420546182	0.0428052911105629
MA0693.3	33378	0.88968522637382	0.0554163580325482
MA0697.2	33378	0.834516772368961	0.050544967198782
MA0707.2	33378	0.93096997282775	0.0505947949489879
MA0708.2	33378	0.904163374115534	0.0540121664259645
MA0723.2	33378	0.940399409749699	0.0359194912502773
MA0734.3	33378	0.826318082486499	0.0444977132608637
MA0740.2	33378	0.922238159675377	0.0625084798510602
MA0742.2	33378	0.900774957986596	0.0726198681756573
MA0754.2	33378	0.807230226198115	0.0490812039237081
MA0756.2	33378	0.829334351246916	0.0472303049108417
MA0759.2	33378	0.817883824379405	0.054104818161366
MA0764.3	33378	0.845207036961184	0.0499394802838386
MA0765.3	33378	0.820417503749005	0.0530659646015555
MA0768.2	33378	0.825683542490802	0.0453162628072125
MA0784.2	33378	0.759358941271469	0.0513807167724738
MA0798.3	33378	0.726808833107071	0.0464253866696334
MA0799.2	33378	0.731223511036824	0.0455402148839569
MA0818.2	33378	0.830847795497603	0.0477735335899127
MA0819.2	33378	0.871412821050872	0.0456346680808559
MA0821.2	33378	0.83256153960834	0.0493604253562991
MA0828.2	33378	0.753191283190091	0.0489619491066858
MA0831.3	33378	0.786825401884438	0.0540559186262643
MA0837.2	33378	0.76277138285014	0.0420613879064528
MA0847.3	33378	0.861121778887188	0.0474709903934351
MA0865.2	33378	0.809374190968276	0.0422784920717499
MA0869.2	33378	0.869581026312027	0.0424838706641111
MA0877.3	33378	0.870643445873655	0.0459718638850565
MA0878.3	33378	0.847486729766914	0.0488155737035432
MA0879.2	33378	0.928428620154987	0.0444106653624857
MA0884.2	33378	0.808292585637483	0.0495924605515803
MA0885.2	33378	0.833312537761281	0.0487493893331882
MA0909.3	33378	0.87160308079624	0.0611326889919565
MA1110.2	33378	0.913914528516042	0.059039439668484
MA1467.2	33378	0.876580061725145	0.0498419616940537
MA1472.2	33378	0.851621323008046	0.0500595234553095
MA1476.2	33378	0.835496277833454	0.0493028926265931
MA1483.2	33378	0.833563649076813	0.0422760339269629
MA1487.2	33378	0.846012124036924	0.0471966262795699
MA1491.2	33378	0.744360865036521	0.0393488982024392
MA1498.2	33378	0.927032849735925	0.0416908696546954
MA1511.2	33378	0.912612169906545	0.0677128685462451
MA1518.2	33378	0.75770256861613	0.0447882378889345
MA1524.2	33378	0.817488934516606	0.0417668322024163
MA1525.2	33378	0.889645271365193	0.0475576668272821
MA1532.2	33378	0.77232996053761	0.0375774451794476
MA1547.2	33378	0.887185267542959	0.0612706794974551
MA1563.2	33378	0.942363529760106	0.0391446109139987
MA1566.2	33378	0.835990157486165	0.0441616069356777
MA1567.2	33378	0.844006170895478	0.0437792238767045
MA1573.2	33378	0.762149447778864	0.0559970867230531
MA1601.2	33378	0.806135139007619	0.0410750788440068
MA1630.2	33378	0.879545020675774	0.0703022393498674
MA1633.2	33378	0.834280161456577	0.0520950488520446
MA1647.2	33378	0.791714213080399	0.0395111228256131
MA0597.2	33378	0.858612391837764	0.0508917750045473
MA1540.2	33378	0.784918970195113	0.0616452970520596
