[SHORT TFBS MATRIX]
MA0021.1	36368	0.977654937423759	0.0323379750943055
MA0053.1	36368	0.985111476850904	0.0237019556766921
MA0054.1	36368	0.896026551204512	0.0348781954107125
MA0064.1	36368	0.988512799491785	0.022691890181576
MA0096.1	36368	0.841322621950035	0.0681388001575203
MA0097.1	36368	0.728338606637309	0.054373804837354
MA0123.1	36368	0.793637411587068	0.0564022864422292
MA0128.1	36368	0.836042086517129	0.0625568016982322
MA0129.1	36368	0.902816984027002	0.0435448265702037
MA0553.1	36368	0.80027043289911	0.0562842291787827
MA0559.1	36368	0.857816489128553	0.043116922273637
MA0561.1	36368	0.824027177222779	0.0686263662744824
MA0562.1	36368	0.836734149312547	0.063159330059771
MA0566.1	36368	0.827489801307707	0.0546911989403837
MA0567.1	36368	0.781957693868649	0.0720533933888127
MA0574.1	36368	0.725403647567113	0.0445329918247847
MA0578.1	36368	0.876447547301831	0.0349985323613075
MA0580.1	36368	0.761737176404177	0.0437455609944419
MA0590.1	36368	0.731228846450029	0.0332454037553448
MA0932.1	36368	0.955944698177125	0.0413386173152636
MA0933.1	36368	0.938285614559261	0.0421521601342693
MA0934.1	36368	0.938943387049839	0.0407363074263945
MA0935.1	36368	0.857664875887703	0.0515313254761609
MA0936.1	36368	0.864149033031103	0.0445404425920592
MA0937.1	36368	0.848978000947932	0.0483950399798197
MA0939.1	36368	0.846710064288002	0.0482098931674212
MA0940.1	36368	0.884644943156119	0.0391778373134619
MA0946.1	36368	0.86243226875715	0.0466069119593186
MA0947.1	36368	0.854590472221665	0.0488806343869107
MA0950.1	36368	0.896508253123309	0.0430977565459837
MA0951.1	36368	0.914534494799255	0.0530360559307696
MA0952.1	36368	0.904877593416083	0.052427421200212
MA0957.1	36368	0.7824960046284	0.0652559715746789
MA0958.1	36368	0.793954782354092	0.0645542964867874
MA0959.1	36368	0.772503801927887	0.0568308963637636
MA0960.1	36368	0.686520433087652	0.0642572169280407
MA0963.1	36368	0.681952540695117	0.0774026344469024
MA0967.1	36368	0.80756501138112	0.0529252597762301
MA0972.1	36368	0.8796507195563	0.0544123841684329
MA0975.1	36368	0.753756710625593	0.0800752420867471
MA0977.1	36368	0.926929539552292	0.0420956584704879
MA0978.1	36368	0.799696178835863	0.0565247916200524
MA0986.1	36368	0.80695453742061	0.0581506702973102
MA1007.1	36368	0.825627353709318	0.0564338244080495
MA1009.1	36368	0.813389779272788	0.0594625421481347
MA1012.1	36368	0.840185136777277	0.0397980703074334
MA1013.1	36368	0.835660016420559	0.0569248297935669
MA1014.1	36368	0.838564772553843	0.0562892522964194
MA1020.1	36368	0.865727716495693	0.0501080453764498
MA1023.1	36368	0.813056671449149	0.060525937149324
MA1028.1	36368	0.825972112666693	0.0538359179275583
MA1033.1	36368	0.787228306921038	0.0794579624747125
MA1034.1	36368	0.738146217395497	0.089007640524874
MA1035.1	36368	0.773804007607411	0.0635337551491656
MA1036.1	36368	0.870458959004193	0.0455336647542869
MA1039.1	36368	0.889064430358474	0.0427683313282316
MA1040.1	36368	0.865143846247244	0.0479304530702193
MA1041.1	36368	0.833403829664982	0.0508333109451453
MA1042.1	36368	0.876595796061562	0.0433637144319325
MA1046.1	36368	0.810386628358076	0.060976509986061
MA1048.1	36368	0.813714833880811	0.0597900230678973
MA1050.1	36368	0.781321853552163	0.0636189756852697
MA1051.1	36368	0.777578631045902	0.0710520767352688
MA1053.1	36368	0.751041764319589	0.0735264658981347
MA1066.1	36368	0.734583091275835	0.0725284457958494
MA1067.1	36368	0.756463062484094	0.0645337868420353
MA1075.1	36368	0.829651283904127	0.0529890381780568
MA1080.1	36368	0.851977894597762	0.0541062188830159
MA1084.1	36368	0.826782823111449	0.0565588034686545
MA1091.1	36368	0.865067670567537	0.0538830537582016
MA1095.1	36368	0.765613399618479	0.0711973883978372
MA1096.1	36368	0.727076945219668	0.0738977646419174
MA1097.1	36368	0.758940880445709	0.0693541234599688
MA1098.1	36368	0.765613399618479	0.0711973883978372
MA1161.1	36368	0.845789800683511	0.0455914359902368
MA1162.1	36368	0.843122468109166	0.0464927363508915
MA1169.1	36368	0.843107687412048	0.0400439422030159
MA1188.1	36368	0.854675724221733	0.0400349553911528
MA1199.1	36368	0.815871938558749	0.0394565885884822
MA1202.1	36368	0.883867851668644	0.070991344366523
MA1203.1	36368	0.802016250486187	0.0377074100629188
MA1204.1	36368	0.811870230916466	0.0380803994904171
MA1205.1	36368	0.803600270665087	0.0382058799336759
MA1221.1	36368	0.727714044135414	0.0573082839454894
MA1222.1	36368	0.745101610520526	0.054304687703417
MA1225.1	36368	0.740627409415323	0.0530293711436472
MA1235.1	36368	0.847638747276836	0.0382263347198032
MA1242.1	36368	0.756844582185705	0.0608165417049271
MA1274.1	36368	0.833861638016728	0.0482343193193198
MA1290.1	36368	0.721488457002867	0.0539701317657731
MA1291.1	36368	0.724295149460811	0.0588637542704484
MA1309.1	36368	0.831397240041167	0.0500704309324734
MA1324.1	36368	0.844169859474655	0.0537071564240346
MA1328.1	36368	0.870220414748478	0.0465066650848839
MA1335.1	36368	0.801755829913107	0.0468453349195982
MA1339.1	36368	0.735451068174238	0.0533690827809203
MA1348.1	36368	0.776885348316487	0.0486681819978458
MA1350.1	36368	0.733797785486578	0.0524871950639711
MA1352.1	36368	0.673979760337655	0.0424599117319171
MA1354.1	36368	0.663049817487975	0.0336225366854809
MA1356.1	36368	0.702014637016197	0.0431391702027349
MA1363.1	36368	0.741183566145424	0.0521495450293357
MA1373.1	36368	0.838569438666983	0.040443874169588
MA1378.1	36368	0.787271964110781	0.0335601026011323
MA1379.1	36368	0.851051169183091	0.0445928937908104
MA1380.1	36368	0.859499941093457	0.0437003380059956
MA1384.1	36368	0.815109305854601	0.0427075910029475
MA1402.1	36368	0.724585176331306	0.0690465910729903
MA1403.1	36368	0.601258747590798	0.07096380241182
MA1404.1	36368	0.710978997205353	0.0655970909814377
MA1416.1	36368	0.74983944134437	0.0898949041817289
MA2055.1	36368	0.849720033577828	0.0450027715190264
MA2056.1	36368	0.999849534937408	0.0043733096127595
MA2057.1	36368	0.844431351396822	0.0590647140129128
MA2058.1	36368	0.998366541688971	0.0102625495935208
MA2059.1	36368	0.950531377142765	0.0442671331485887
MA2060.1	36368	0.778249339901174	0.0795976795052998
MA2061.1	36368	0.790801976364913	0.079230457522332
MA2062.1	36368	0.999911755444567	0.0026271282831833
MA2063.1	36368	0.892960484673035	0.0679231659229916
MA2064.1	36368	0.789955171522067	0.089192500477662
MA2065.1	36368	0.766638680459854	0.073644561620539
MA2066.1	36368	0.795827309211375	0.0619445279358114
MA2067.1	36368	0.776319439980334	0.069859780045142
MA2068.1	36368	0.794792422170522	0.0620422680712573
MA2069.1	36368	0.997428091567336	0.0137362998804989
MA2070.1	36368	0.999868423740345	0.00382605330419892
MA2071.1	36368	0.775947465598113	0.0803301050374123
MA2072.1	36368	0.811760565923326	0.0542899127246926
MA2073.1	36368	0.999942439934689	0.00193477273793984
MA2074.1	36368	0.778305873148476	0.0752482228512427
MA2075.1	36368	0.877438428812358	0.0530932664058622
MA2076.1	36368	0.810900495535981	0.0664403745972887
MA2077.1	36368	0.782525346213737	0.0833403274189411
MA2078.1	36368	0.793916125291138	0.0734071001673552
MA2079.1	36368	0.75192084409083	0.0622025306892099
MA2080.1	36368	0.884155383933337	0.0572659168684772
MA2081.1	36368	0.998730242613309	0.00672419153786384
MA2082.1	36368	0.977969607615433	0.039252549015332
MA2083.1	36368	0.896874224976983	0.0396470379594909
MA2084.1	36368	0.997721169153405	0.0126917874988301
MA2085.1	36368	0.998183951964698	0.0116478624678116
MA2086.1	36368	0.878983105220235	0.0558814182873254
MA2087.1	36368	0.814817225183195	0.0752980851276666
MA2088.1	36368	0.760509886371603	0.0799525207915812
MA2089.1	36368	0.919597153923311	0.0538293984714739
MA2090.1	36368	0.991453713883808	0.0298341860663688
MA2091.1	36368	0.825995786831704	0.0500951930232121
MA2092.1	36368	0.863355803359463	0.0527155943157327
MA1732.1	36368	0.711037194524538	0.0490383529542599
MA1686.1	36368	0.695820340683137	0.0438153471334129
MA1687.1	36368	0.663825691443492	0.0447013991299762
MA1734.1	36368	0.770972615037522	0.046540207776815
MA1738.1	36368	0.836910761681639	0.03384256738251
MA1741.1	36368	0.832192312045455	0.0381648750944202
MA1746.1	36368	0.749248841073598	0.0508528255526702
MA1749.1	36368	0.808190301587688	0.0355061748380579
MA1750.1	36368	0.711037194524538	0.0490383529542599
MA1760.1	36368	0.763459430319132	0.0469086321791412
MA1783.1	36368	0.782010380415887	0.0436584362816809
MA1784.1	36368	0.759371268441747	0.0413636304622353
MA1788.1	36368	0.76187749283426	0.040209409481496
MA1789.1	36368	0.807862938451375	0.044124129948064
MA1790.1	36368	0.841895064328056	0.0377881968636176
MA1791.1	36368	0.78163603957026	0.0397294892368929
MA1792.1	36368	0.803221763183386	0.0410457899547097
MA1796.1	36368	0.870137549311592	0.0450734714174066
MA1797.1	36368	0.870042239705569	0.0480174380076787
MA1800.1	36368	0.891865991613485	0.0431562888173918
MA2103.1	36368	0.943664211747154	0.0463357725878855
MA2104.1	36368	0.831600899110151	0.0449398510526698
MA2105.1	36368	0.868328943583346	0.069474822113007
MA1818.1	36368	0.687022078826784	0.0880965269109303
MA2106.1	36368	0.836628034829594	0.0519693701927226
MA2342.1	36368	0.83835042363864	0.0772141931349588
MA2343.1	36368	0.808026538766963	0.0561153868277315
MA2344.1	36368	0.779786764888453	0.0498958673533575
MA2345.1	36368	0.974108211655049	0.0381829841911036
MA2346.1	36368	0.805465629730897	0.0781650518275765
MA2347.1	36368	0.976194624643772	0.0295486782853461
MA2348.1	36368	0.80810075795426	0.0408076074919008
MA2349.1	36368	0.936766150420328	0.0388255873797018
MA2350.1	36368	0.837672709912181	0.0683001130825768
MA2351.1	36368	0.871542929827178	0.0503053773016223
MA2352.1	36368	0.852294661940206	0.0513788257105232
MA2353.1	36368	0.874260203339126	0.0616499615427087
MA2354.1	36368	0.811258562353251	0.0499535114964805
MA2355.1	36368	0.862280419896795	0.0581330479847488
MA2356.1	36368	0.998017612954435	0.0120139734241797
MA2357.1	36368	0.919720657501903	0.0497802665149362
MA2358.1	36368	0.85391895340617	0.0577808266853915
MA2359.1	36368	0.898697959986962	0.0544917644780353
MA2360.1	36368	0.889272873672223	0.0425945706203887
MA2361.1	36368	0.874368135994317	0.0530958404030033
MA2362.1	36368	0.893447842901163	0.0449657435614929
MA2363.1	36368	0.845682946226962	0.0428809493533797
MA2364.1	36368	0.784104545658546	0.0621042853108
MA2365.1	36368	0.835448612838072	0.0614774764520979
MA2366.1	36368	0.947052086432126	0.0624590394973637
MA2367.1	36368	0.816246853170298	0.0343000436375406
MA2368.1	36368	0.947425489790809	0.0451192653473209
MA2369.1	36368	0.88647729555855	0.0361627117018135
MA2370.1	36368	0.971864027604465	0.0300795901296025
MA2371.1	36368	0.836910761681639	0.03384256738251
MA2372.1	36368	0.911539132017381	0.0453515125910968
MA2373.1	36368	0.997478157411919	0.0104329167707874
MA2374.1	36368	0.955166263338361	0.0327562641250079
MA2375.1	36368	0.759818683328797	0.0612973869531034
MA2376.1	36368	0.768439491481273	0.0434386308946915
MA2377.1	36368	0.771179967997056	0.0588066458574841
MA2378.1	36368	0.941860573004248	0.0605751030639444
MA2379.1	36368	0.99996832789911	0.00146157781091811
MA2380.1	36368	0.914576723559992	0.0471834771219217
MA2381.1	36368	0.999895002442712	0.00312423117999395
MA2382.1	36368	0.859386613535285	0.0652846671717568
MA2383.1	36368	0.998205276122142	0.00976606113870969
MA2384.1	36368	0.854128347726112	0.0744223678272661
MA2385.1	36368	0.88039824827087	0.0652455152257583
MA2386.1	36368	0.79858010090223	0.0712476080809875
MA2387.1	36368	0.756628498287593	0.0531845306205014
MA2388.1	36368	0.861384325360765	0.0479737284125142
MA2389.1	36368	0.883186910967555	0.0542938299410393
MA2390.1	36368	0.787152720676795	0.0635174013372245
MA2391.1	36368	0.905352893935491	0.0466050762388725
MA2392.1	36368	0.890850829259159	0.0543912838416183
MA2393.1	36368	0.804532508428999	0.0786419738151158
MA2394.1	36368	0.999899542263057	0.00297468491081516
MA2395.1	36368	0.813421246167047	0.0603746852220684
MA2396.1	36368	0.83254605919126	0.0458001292106283
MA2397.1	36368	0.868111944462592	0.0635640320063879
MA2398.1	36368	0.729665146649526	0.0469261724148531
MA2399.1	36368	0.730813790611231	0.0775840599204393
MA2400.1	36368	0.807505030707907	0.0608172953342671
MA2401.1	36368	0.787140801458182	0.0795297071158265
MA2402.1	36368	0.931854720134499	0.0544130984482648
MA2403.1	36368	0.943931493495706	0.042208094037264
MA2404.1	36368	0.928085246267443	0.0542091520177963
MA2405.1	36368	0.97337001043716	0.04042412584575
MA2406.1	36368	0.786913694074152	0.0780047285615675
MA2407.1	36368	0.87321089088652	0.0533930984100786
MA2408.1	36368	0.697160748872703	0.057968988870144
MA2409.1	36368	0.797970791812462	0.048716338078685
MA2410.1	36368	0.792173890387845	0.0558009820777205
MA2411.1	36368	0.806204688094351	0.0500978426226099
MA2412.1	36368	0.793924463348765	0.0499649507424801
MA2413.1	36368	0.772569240817911	0.0609905611755503
MA2414.1	36368	0.792841203101144	0.0594960826546365
MA2415.1	36368	0.727722247226498	0.0651007950664978
MA2416.1	36368	0.675804242940979	0.0757437722208094
MA2417.1	36368	0.803845330363769	0.0515293081033487
MA2418.1	36368	0.728641955825246	0.0687363923758239
MA2419.1	36368	0.811503737517159	0.0451447663998306
MA2420.1	36368	0.852025326708237	0.0522108798081391
MA2421.1	36368	0.860501144368684	0.0536818367553299
MA2422.1	36368	0.776361866303574	0.0585485947474495
MA2423.1	36368	0.733765986246583	0.0556342008821068
MA2424.1	36368	0.73468522264942	0.0576924972629876
MA2425.1	36368	0.720209577074868	0.0453439570312213
MA2426.1	36368	0.653630383518545	0.0424285878296225
MA2427.1	36368	0.678286314639962	0.0419809637755046
MA2428.1	36368	0.661360223879278	0.0454074308155483
MA2429.1	36368	0.659075948323617	0.0413854589281125
MA2430.1	36368	0.676935224675712	0.0444748423089352
MA2431.1	36368	0.693052458998971	0.0423841674797577
MA2432.1	36368	0.891432654682399	0.0536020287984416
MA2433.1	36368	0.74324596318303	0.0495245147887039
MA2434.1	36368	0.720684974789731	0.0466342930194103
MA2435.1	36368	0.698053567342775	0.0449141171133632
MA2436.1	36368	0.683388329406551	0.0428504397811329
MA2437.1	36368	0.657775742922122	0.0458656497260519
MA2438.1	36368	0.695126483596507	0.0440628529881035
MA2439.1	36368	0.664679151563732	0.0450474699655632
MA2440.1	36368	0.695910665583532	0.0448652069708072
MA2441.1	36368	0.723422063492516	0.045502049679064
MA2442.1	36368	0.679505663352678	0.0420194253583827
MA2443.1	36368	0.677270596218019	0.0437764842100634
MA2444.1	36368	0.668019188578084	0.0447009609338947
MA2445.1	36368	0.720642957906798	0.045666355052197
MA2446.1	36368	0.678419290147585	0.0441421886146224
MA2447.1	36368	0.86157963000777	0.0660186446268585
MA2448.1	36368	0.677095097957386	0.041543302972311
MA2449.1	36368	0.723085015598335	0.0475551894591791
MA2450.1	36368	0.724738632251902	0.0479358052649888
MA2451.1	36368	0.66035731129817	0.0410553588174724
MA2452.1	36368	0.808666412651567	0.0519382598653006
MA2453.1	36368	0.799189387535566	0.0523194352709338
MA2454.1	36368	0.793128344158095	0.050083666757892
MA2455.1	36368	0.673803019497507	0.0426688890394686
MA2005.2	36368	0.790361300939174	0.048570165874148
MA1376.2	36368	0.828820572571284	0.0669783226968743
MA1751.2	36368	0.886915949379371	0.0508633267780797
MA0571.2	36368	0.750430706258208	0.0373766252324881
MA1377.2	36368	0.776360037229996	0.0338349027354452
MA0971.2	36368	0.821693835582307	0.061663098394101
MA0976.3	36368	0.740476991252661	0.064083293822805
MA0980.3	36368	0.824276641016135	0.0660636624538112
MA0992.3	36368	0.757356127028744	0.0673955582549966
MA0993.2	36368	0.933487417263959	0.0673305386248222
MA0994.3	36368	0.733027157717947	0.0649774338591609
MA0995.3	36368	0.83327900990351	0.0633107138103428
MA0997.2	36368	0.944547904823945	0.0565201380216716
MA0998.2	36368	0.810280766672036	0.0823286559079058
MA1000.3	36368	0.75188167489217	0.0673719654848147
MA1001.4	36368	0.742157575965664	0.0637699520441829
MA1004.2	36368	0.792793295484609	0.083505844417369
MA1005.3	36368	0.763816515891009	0.0689623409600238
MA1006.2	36368	0.739704078101934	0.0857852896885524
MA1008.2	36368	0.798578442221071	0.0712468889723337
MA1010.2	36368	0.827494842779128	0.049785691543743
MA1032.2	36368	0.792152242381442	0.0626880557683944
MA1049.2	36368	0.799183973602183	0.0764772736165066
MA1218.2	36368	0.821324470139457	0.0595596063368396
MA1219.3	36368	0.806038110647682	0.0673836120609243
MA1220.2	36368	0.795189174240968	0.057867406034277
MA1223.2	36368	0.774350386022927	0.0567119173402976
MA1226.2	36368	0.757912365384353	0.0515747419694791
MA1227.3	36368	0.826919316830806	0.0640287874648554
MA1228.2	36368	0.733794712554169	0.0623638931300971
MA1229.2	36368	0.789281171940223	0.0572144866973291
MA1230.2	36368	0.78474363058882	0.0578932759857175
MA1231.3	36368	0.7852430549871	0.0750601253157487
MA1232.2	36368	0.820441317228848	0.0696649931424418
MA1233.3	36368	0.805303302062266	0.0592737654351628
MA1234.2	36368	0.801861906373236	0.0602739423598903
MA1238.3	36368	0.798162714311966	0.0575757911699678
MA1239.2	36368	0.725001525787092	0.0570737952830882
MA1240.2	36368	0.774109859094034	0.0625985122194088
MA1241.2	36368	0.764803175015092	0.0569605992577886
MA1243.2	36368	0.819010264761164	0.0516891032111978
MA1244.2	36368	0.748518877819043	0.0612969261347696
MA1245.3	36368	0.76188447854828	0.0692698301215209
MA1246.2	36368	0.762845634734952	0.0669357171163099
MA1247.2	36368	0.737442358429511	0.0732594107110681
MA1248.2	36368	0.802724677694752	0.0663655524459652
MA1250.2	36368	0.749404863429406	0.0561596341399627
MA1251.2	36368	0.791873045322601	0.0558091668156331
MA1252.2	36368	0.771307084324538	0.0658601452186765
MA1253.2	36368	0.793927457907526	0.0601167298069498
MA1256.2	36368	0.764441767497892	0.0600046692678401
MA1257.2	36368	0.722340426461859	0.0476554584161369
MA1258.2	36368	0.820159617953344	0.056217917415707
MA1259.2	36368	0.77527750402441	0.0585101149058742
MA1260.2	36368	0.783817939601274	0.0622850275280098
MA1261.2	36368	0.838749037248103	0.0485686108954156
MA1262.2	36368	0.754742823136877	0.0586379790003812
MA1263.2	36368	0.793610306034043	0.0660621213671366
MA1264.2	36368	0.736142507124327	0.0607882794975645
MA1265.3	36368	0.796986440189269	0.0591036142423896
MA1266.2	36368	0.778038424886605	0.0655351875198502
MA1424.2	36368	0.781969367233335	0.0599232935765295
MA1669.2	36368	0.795308643830394	0.0592321891350122
MA1670.2	36368	0.810545597849794	0.0583412742119297
MA1671.2	36368	0.758801902604607	0.0747168432180456
MA1679.2	36368	0.792382172848689	0.0594073845221285
MA1748.2	36368	0.862495362430955	0.0659751152826815
MA1752.2	36368	0.816116666955765	0.0585134439034437
MA1753.2	36368	0.74912116576837	0.0562301994475277
MA1754.2	36368	0.742958074280318	0.0652738079606052
MA1795.2	36368	0.868256339484401	0.0452503468657347
MA1804.2	36368	0.896997519288263	0.0471102610598179
MA1817.2	36368	0.658791619681588	0.0791086891755332
MA1819.2	36368	0.69802101554699	0.0934855572248366
MA1820.2	36368	0.669543006239361	0.0855251290547113
MA1821.2	36368	0.666022161425851	0.0884493114814039
MA1831.2	36368	0.729538170619727	0.0736153532278221
MA1832.2	36368	0.679578204351191	0.0866493916558233
MA1833.2	36368	0.638325767555171	0.0772586225649109
MA2011.2	36368	0.802069641511247	0.0591672213846216
MA2013.2	36368	0.722593524324169	0.0657640155540264
MA0564.2	36368	0.808712635973678	0.0735709907375438
MA0565.3	36368	0.831210017019821	0.0718643878284522
MA0581.2	36368	0.871089442134728	0.0692645075262225
MA1810.2	36368	0.774877321623198	0.0617658565815557
MA0942.2	36368	0.82281275792626	0.0678585056048226
MA0943.2	36368	0.848918380830302	0.0573592242985223
MA0944.2	36368	0.899482739550633	0.0454976477623242
MA1206.2	36368	0.936566808090006	0.041712178302899
MA1685.2	36368	0.791211653220624	0.0514487017609554
MA1688.2	36368	0.807459292822843	0.0486805021482756
MA1689.2	36368	0.838404605154082	0.0513625581510928
MA1690.2	36368	0.77440538302053	0.0477377669725461
MA1691.2	36368	0.814242171912987	0.0511880630208281
MA1692.2	36368	0.806901837514105	0.0546557598785206
MA1693.2	36368	0.797650029736983	0.053527185426222
MA1694.2	36368	0.797629221517463	0.0533996644523139
MA1695.2	36368	0.745960668403696	0.0452182094801354
MA1696.2	36368	0.787048328461069	0.0456225215548294
MA1697.2	36368	0.821924203741184	0.0538120531734151
MA1698.2	36368	0.770481937438138	0.0566431055155623
MA0582.2	36368	0.933589867051378	0.0510774447001184
MA0552.2	36368	0.828078819739985	0.0823223833935064
MA0560.2	36368	0.824583744413652	0.0754739025624467
MA0568.2	36368	0.883927938134034	0.0598384166643256
MA0569.2	36368	0.824742708721855	0.066626938198412
MA0956.2	36368	0.895854896840989	0.0498865882996188
MA0961.2	36368	0.837661015275056	0.0683003633363497
MA0962.2	36368	0.839537549256442	0.0698770855600207
MA0964.3	36368	0.769617488034617	0.0696632285284662
MA0965.3	36368	0.812491545370236	0.0905254421153259
MA0966.2	36368	0.875099745629393	0.0585641014990558
MA1025.2	36368	0.808971149564106	0.0712441922797712
MA1061.2	36368	0.858352880849605	0.0605617826068811
MA1074.2	36368	0.791911961915873	0.0885519375575672
MA1357.2	36368	0.820720381001455	0.0572304666302887
MA1358.2	36368	0.841859915456766	0.0608746743192089
MA1359.3	36368	0.819349529312467	0.086650274227515
MA1360.3	36368	0.805313254529795	0.0946678205162917
MA1361.2	36368	0.759982683413479	0.0474265965630657
MA1362.2	36368	0.818506316305937	0.0535355049867717
MA1364.2	36368	0.776268676180649	0.0695265929167834
MA1411.2	36368	0.767616618437762	0.0566040534866785
MA1412.2	36368	0.749766274039632	0.062764838497014
MA1739.2	36368	0.861176471415301	0.0644704880178862
MA1740.2	36368	0.781280970770056	0.0802863067059738
MA1816.2	36368	0.816058773939201	0.0868746181955893
MA1834.2	36368	0.797885354450262	0.0668594990581023
MA0549.2	36368	0.81732037063011	0.0638586438062753
MA0550.3	36368	0.760786277142237	0.0627045771906378
MA1331.2	36368	0.756344013346414	0.0633225358479359
MA1332.2	36368	0.75104398172467	0.0630672109959483
MA1333.2	36368	0.760167885669072	0.0660360313845935
MA2014.2	36368	0.768270251422845	0.069447681648505
MA0587.2	36368	0.765811340186394	0.0679073918972163
MA1019.2	36368	0.787053895308341	0.0634774826608708
MA1031.2	36368	0.804748708707151	0.0793524539028551
MA1054.2	36368	0.789730763763667	0.0530872457365211
MA1062.3	36368	0.702803151874695	0.0578490348073458
MA1063.2	36368	0.826371227707008	0.053237957042081
MA1064.2	36368	0.830721220907782	0.0591479365237468
MA1065.3	36368	0.703641322027476	0.0573973591039624
MA1282.2	36368	0.713012827677763	0.0556178960462655
MA1283.2	36368	0.674778643548569	0.0467426955365711
MA1284.2	36368	0.716457546983944	0.0612375326413859
MA1285.2	36368	0.711310055716814	0.0561102056349402
MA1286.2	36368	0.749270185685427	0.0657717560405036
MA1287.2	36368	0.739657165652299	0.0574833387674774
MA1288.2	36368	0.731701180276213	0.0595209174352183
MA1289.2	36368	0.760894448164259	0.0629611229862185
MA1410.2	36368	0.776029946547022	0.079038485470136
MA1428.2	36368	0.835313293464139	0.0496498030496489
MA1430.2	36368	0.724423986225178	0.0651406415504154
MA1828.2	36368	0.787780078653461	0.0644339249641461
MA0988.2	36368	0.869761680687607	0.0605939654560964
MA1011.2	36368	0.892686083238783	0.0516869982767673
MA1021.2	36368	0.803123588789052	0.0789509055639433
MA1822.2	36368	0.771801423042607	0.0579271021087558
MA0570.3	36368	0.782475174445647	0.0658579767305224
MA0930.3	36368	0.844014236465122	0.0686693194565496
MA0931.2	36368	0.82420594962571	0.070493563810966
MA0941.2	36368	0.860825133028502	0.0629109590277514
MA1338.3	36368	0.75832969800177	0.0654378116967014
MA1659.2	36368	0.845007896717351	0.0651613923928464
MA1808.2	36368	0.79911644663908	0.0669460910371207
MA1811.2	36368	0.79962152204297	0.0677486987903277
MA1344.2	36368	0.812368474803107	0.0592977302769801
MA1417.2	36368	0.746396919688699	0.0525807554816858
MA1745.2	36368	0.830763807113697	0.0663531218905919
MA0588.2	36368	0.857595095242094	0.0542323718241641
MA1047.3	36368	0.802283642956531	0.0505686770299727
MA1068.3	36368	0.766281244685695	0.0530489844814434
MA1069.3	36368	0.795527033704409	0.0526748054235464
MA1070.3	36368	0.778083174247308	0.0513165519047263
MA1336.2	36368	0.766301128881812	0.0501878213560503
MA1346.2	36368	0.787543563018899	0.0493264793077556
MA1835.2	36368	0.763773653209492	0.0592799940859198
MA0968.3	36368	0.805438361514712	0.0616055492547185
MA1349.2	36368	0.790841250721431	0.0642344068512023
MA1351.3	36368	0.808155086157474	0.0645346442655409
MA1672.2	36368	0.798467913102129	0.0653206899205781
MA0551.2	36368	0.72847758018779	0.0654761938757384
MA1425.2	36368	0.857111676508328	0.0719897665400572
MA1343.2	36368	0.832608349403896	0.0538758794183355
MA1742.2	36368	0.81334945893701	0.0463662098643251
MA1744.2	36368	0.849314548327054	0.0408494433614597
MA1803.2	36368	0.792275711369112	0.0476378365107363
MA1334.2	36368	0.748762305564591	0.0514594285780889
MA1337.2	36368	0.748495040882791	0.0513835279904139
MA1340.2	36368	0.758606052360966	0.0526365600904102
MA1341.2	36368	0.74919435746186	0.05111114807658
MA1345.2	36368	0.745063633538963	0.0532890933447638
MA1743.2	36368	0.755438538798436	0.051947576267563
MA2015.2	36368	0.825258291823456	0.0493536855293588
MA1156.2	36368	0.844815339932955	0.0443901954946377
MA1157.2	36368	0.829599836125954	0.0455304394245432
MA1158.2	36368	0.826426109033698	0.0446010165943174
MA1159.2	36368	0.854863858486095	0.0423913561159706
MA1160.2	36368	0.808293411399066	0.0407562318627575
MA1370.2	36368	0.816412605115616	0.0419936600910217
MA1371.2	36368	0.82233542979626	0.0427681576735599
MA1372.2	36368	0.904849504812285	0.0348288920285432
MA1374.2	36368	0.819025915527119	0.0432408853141581
MA1381.2	36368	0.902206251103238	0.0572554144714319
MA1405.2	36368	0.799748280117404	0.047810518848045
MA1415.2	36368	0.85166486772335	0.0610952255356493
MA1736.2	36368	0.975809952680274	0.044840600111771
MA1801.2	36368	0.971911390544495	0.0300065028417408
MA2052.2	36368	0.878466282665576	0.0477861824747783
MA0586.3	36368	0.810452266549367	0.0635143676133237
MA0955.2	36368	0.874916122615601	0.0523481506931195
MA1056.2	36368	0.782658145842441	0.0643978449627457
MA1057.2	36368	0.87398037085881	0.0565378429641318
MA1058.2	36368	0.926022211309457	0.0464469286863901
MA1059.3	36368	0.771599490753528	0.0564216808914093
MA1060.2	36368	0.806131444613687	0.067050931009273
MA1320.2	36368	0.781855942262945	0.0575382449541386
MA1321.2	36368	0.831806386354228	0.0544060485254811
MA1799.2	36368	0.867675088156422	0.0606269897222176
MA2016.2	36368	0.842341250015686	0.0561019992839955
MA0969.2	36368	0.871190548464053	0.0659835991010099
MA0970.2	36368	0.877577559309841	0.0602095222580472
MA1197.2	36368	0.789913081885517	0.0618171444433425
MA1756.2	36368	0.85523275719404	0.0561226013042323
MA1809.2	36368	0.824244777623746	0.0611475980824443
MA1815.2	36368	0.799811604478116	0.0550325478668973
MA1682.2	36368	0.85184759574819	0.0454512531843349
MA1813.2	36368	0.866055101893573	0.0482954868420788
MA1414.2	36368	0.815950192434625	0.0718747945280304
MA0938.3	36368	0.752704930596036	0.0407338319816021
MA1043.2	36368	0.862171963451224	0.0553236969223999
MA1044.2	36368	0.896156651592157	0.0464589918145342
MA1045.2	36368	0.868908840754377	0.0480884170907115
MA1427.3	36368	0.893379806429504	0.0495841322094891
MA1660.2	36368	0.728591520645952	0.0433010000243964
MA1663.3	36368	0.861054255422579	0.0509439628919753
MA1674.3	36368	0.895611666353852	0.052084939757568
MA1675.2	36368	0.826896324551132	0.0495969759557876
MA1676.3	36368	0.904922970444022	0.0487183115338307
MA1677.2	36368	0.904910964397592	0.0551428584220011
MA1678.3	36368	0.881674768556402	0.0530010180447896
MA1785.2	36368	0.845259012261511	0.0479576090053318
MA1786.2	36368	0.919677958768704	0.0473736101795718
MA1787.2	36368	0.84652031737104	0.0458336412585693
MA2006.2	36368	0.735130927592589	0.0388995012567167
MA2009.2	36368	0.735090918421505	0.0379375582749668
MA2010.2	36368	0.892284263788611	0.05657363239457
MA2017.2	36368	0.818611118359342	0.0695397490766008
MA2018.2	36368	0.85181577335084	0.0467050717989315
MA2033.2	36368	0.762399670256734	0.0396023850437414
MA2034.2	36368	0.886644567940484	0.0505518462554124
MA2035.2	36368	0.754001226301444	0.0377772765490427
MA2036.2	36368	0.892712667485952	0.0578532766730243
MA2037.2	36368	0.889923874241624	0.0525498524996992
MA2038.2	36368	0.878728806827017	0.051934375966291
MA2043.2	36368	0.91308239285573	0.0534367242895984
MA2044.2	36368	0.893992249055918	0.057960457649783
MA2045.2	36368	0.7612322907185	0.0385240349161995
MA2046.2	36368	0.822191630614905	0.0549455601064904
MA2047.2	36368	0.879928013700435	0.0518306560683212
MA2048.2	36368	0.869443096794046	0.0474638773979975
MA2049.2	36368	0.904701209783024	0.0556168877631154
MA2050.2	36368	0.890108347535054	0.0519602564589169
MA2051.2	36368	0.876498303993668	0.0482247737550091
MA2053.2	36368	0.842943508125408	0.045447170970559
MA0589.2	36368	0.767650593485121	0.0533421424810887
MA1076.3	36368	0.843717636518206	0.0569185215265556
MA1077.2	36368	0.914382162052174	0.0707311787299221
MA1078.2	36368	0.895824304552543	0.0605060949896344
MA1079.3	36368	0.813475805334571	0.0485434178579582
MA1081.3	36368	0.840093912421667	0.056601683398914
MA1083.3	36368	0.816488426821979	0.0561339703211299
MA1085.3	36368	0.892444673354571	0.074111536867173
MA1086.2	36368	0.935262474148324	0.0544448894605993
MA1087.3	36368	0.840410257236784	0.053213459189487
MA1088.2	36368	0.976022547865549	0.0356192180877617
MA1089.2	36368	0.940968962305426	0.0514059138181707
MA1090.2	36368	0.871102350465009	0.0635233890145093
MA1092.2	36368	0.89549064198937	0.0693060202767075
MA1093.2	36368	0.899831509867645	0.0631039807317861
MA1094.3	36368	0.803202248733003	0.0510500216053655
MA1295.2	36368	0.862695245176989	0.0569109235118431
MA1296.2	36368	0.834630571977732	0.0472288267519154
MA1297.2	36368	0.81323056222315	0.0497165863907139
MA1298.2	36368	0.85602892709923	0.0510480736783741
MA1299.2	36368	0.82448246955727	0.0509715182993951
MA1300.2	36368	0.839762566876104	0.0580270268267479
MA1301.2	36368	0.842819042751389	0.0509346920625347
MA1302.2	36368	0.813524183060041	0.0524425329277608
MA1303.2	36368	0.823438849180529	0.0511255315608756
MA1304.2	36368	0.864934382163536	0.0509903614560591
MA1305.2	36368	0.820856563007334	0.0561420548097923
MA1306.2	36368	0.808385998459378	0.0502690024630012
MA1307.3	36368	0.841793982204394	0.0556488170090188
MA1308.2	36368	0.790430955930959	0.0546908422009693
MA1310.2	36368	0.836367458315648	0.0599060969415811
MA1311.3	36368	0.884543481940706	0.059574902268367
MA1312.2	36368	0.855159556184108	0.0504845502454482
MA1313.2	36368	0.79530348813838	0.0505129886296045
MA1314.2	36368	0.808367705045786	0.0529602539667562
MA1315.2	36368	0.805440773983107	0.050862016203286
MA1316.2	36368	0.834726607941533	0.0534910959247119
MA1317.2	36368	0.848212177850459	0.0561749570504004
MA1318.2	36368	0.80362338480685	0.0499387715001148
MA1805.2	36368	0.899116594349322	0.0537749247352988
MA0557.2	36368	0.761327339445414	0.0641124572605984
MA1382.2	36368	0.743213194374464	0.0681922347984734
MA1664.3	36368	0.845365512849912	0.0547503565647411
MA1665.3	36368	0.814504000855098	0.054368391663214
MA1666.3	36368	0.797340751152778	0.0512252646709312
MA1667.3	36368	0.852686739669985	0.0545625368970772
MA1758.2	36368	0.764693720671377	0.0432665919587549
MA1759.2	36368	0.755884181355412	0.0444596154455962
MA1761.2	36368	0.814757351233639	0.0404508715334187
MA2019.2	36368	0.839145533233412	0.0608781817586966
MA2020.2	36368	0.832072783823801	0.0491540195029914
MA0008.4	36368	0.847562348045284	0.0527083848396363
MA0110.4	36368	0.877780080914507	0.0486823360308111
MA0573.2	36368	0.752097701584222	0.041649170197944
MA0953.2	36368	0.95618365514981	0.0352836799529166
MA0954.3	36368	0.825490513056909	0.0459042523330736
MA0990.2	36368	0.905620893822309	0.0375363174360103
MA1024.2	36368	0.896890970138752	0.0543578737991573
MA1026.3	36368	0.83915438619545	0.0462014372355608
MA1198.2	36368	0.907819832642182	0.0490575302433807
MA1209.2	36368	0.897966306822753	0.0608449666042223
MA1210.3	36368	0.846005731292798	0.0520205065830446
MA1211.2	36368	0.896707471476641	0.0523681867417824
MA1212.2	36368	0.91988695133257	0.0534209144322131
MA1214.2	36368	0.837573556874453	0.04844958862224
MA1215.2	36368	0.876265313519323	0.0525303825077486
MA1327.3	36368	0.923870190933583	0.0680117157272207
MA1369.2	36368	0.880026984685473	0.0465558591826028
MA1375.2	36368	0.873532673455475	0.0463783006552656
MA1406.2	36368	0.881695984812576	0.0479119592472645
MA1757.2	36368	0.887501297336093	0.0460547756195737
MA1824.2	36368	0.906637727208728	0.0556552252967607
MA1213.3	36368	0.854617881494702	0.0537858229525423
MA1326.2	36368	0.915696822412109	0.0539346306925226
MA1329.3	36368	0.871095798063953	0.0613755212010503
MA1330.2	36368	0.885754958642998	0.0504556890104802
MA1807.2	36368	0.901753630267025	0.0615047350074822
MA0001.3	36368	0.884381205025545	0.0409127009163569
MA0005.3	36368	0.828323007565563	0.0367837544493253
MA0082.2	36368	0.896716752576841	0.032484067947596
MA0548.3	36368	0.805319540189914	0.0402665306015087
MA0554.2	36368	0.847428586146623	0.0391178739565782
MA0555.2	36368	0.812833748798425	0.0395259767034696
MA0556.2	36368	0.854850044889663	0.0378158000731201
MA0558.2	36368	0.84191390900448	0.040136074468445
MA0563.2	36368	0.896553876332411	0.0368676958921052
MA0584.2	36368	0.845814184993567	0.0419678314728367
MA0585.2	36368	0.803773638644873	0.0386394778506377
MA1814.2	36368	0.859063477789358	0.0428886360449036
MA1015.2	36368	0.933235883712243	0.037571020809013
MA1016.2	36368	0.975073259032404	0.0416323499218562
MA1017.2	36368	0.973836655147884	0.0328244570954556
MA1018.2	36368	0.870682927227665	0.0668440053146933
MA1323.2	36368	0.850998727927895	0.0500736379239186
MA1325.2	36368	0.852787428033389	0.0544989697658342
MA1396.2	36368	0.819089326349565	0.0507884472613867
MA1755.2	36368	0.972846288914447	0.0453651067343675
MA0020.2	36368	0.977116174738341	0.0349326520522987
MA0973.2	36368	0.954491643080606	0.0398710662106963
MA0974.3	36368	0.879529246044734	0.0501386842491919
MA0981.2	36368	0.999903125518119	0.00288735096856843
MA0982.2	36368	0.999910146033186	0.00268353024933212
MA0983.2	36368	0.999938281536194	0.00201564354579621
MA0984.2	36368	0.999407721760726	0.00372701317293849
MA0987.2	36368	0.999894044966294	0.0031539349868729
MA0989.2	36368	0.998201133997648	0.00979786160304561
MA1022.2	36368	0.999898324492921	0.00301058590572698
MA1071.2	36368	0.999940397374812	0.00189855507421857
MA1267.2	36368	0.835502026645245	0.0463305136913276
MA1268.2	36368	0.807791781902367	0.0501330205837384
MA1269.2	36368	0.847457501591229	0.0418739307890672
MA1270.2	36368	0.85822637228535	0.045898463762908
MA1272.3	36368	0.957564238342918	0.0696808221288013
MA1273.2	36368	0.876963708135266	0.0472863894242192
MA1275.2	36368	0.930098245325536	0.0460116008444063
MA1276.2	36368	0.951612942236957	0.0514471380435749
MA1277.2	36368	0.897695744318017	0.0458221577722096
MA1278.2	36368	0.854582950784794	0.0463129892616793
MA1279.2	36368	0.852215441146324	0.0454515195118306
MA1280.2	36368	0.946677647092528	0.0500428524943902
MA1281.2	36368	0.848480033544901	0.0452899856500616
MA1747.2	36368	0.803798006382367	0.0495730173993597
MA1823.2	36368	0.92963334745783	0.0518212019858853
MA1673.2	36368	0.796181929597342	0.063055642411496
MA2021.2	36368	0.813358869276193	0.0631306433277918
MA2022.2	36368	0.689701877268381	0.060900544734892
MA1794.2	36368	0.923660737487501	0.0483310509961112
MA0577.4	36368	0.80211973969349	0.05546724642312
MA1055.3	36368	0.801560300461227	0.0541777225410521
MA1322.3	36368	0.815133944617309	0.0584219136285287
MA0121.2	36368	0.958590876443147	0.0394541253834764
MA0945.2	36368	0.974594683929431	0.0255996911925165
MA0948.2	36368	0.900501792643404	0.0419386256473163
MA0949.2	36368	0.908729173905978	0.0470007543994541
MA1409.2	36368	0.829144404778702	0.0465437541071738
MA1027.2	36368	0.959564073083385	0.0385196405034646
MA1163.3	36368	0.80489256357639	0.049120851627575
MA1164.2	36368	0.882759782293056	0.0530056840867984
MA1165.3	36368	0.88835387913348	0.0610823792526534
MA1166.2	36368	0.831504365790113	0.044247653915898
MA1167.2	36368	0.850198604091922	0.0499110447044419
MA1168.2	36368	0.906986764796009	0.0519178120156996
MA1383.2	36368	0.875296430168583	0.0455182541273734
MA1385.2	36368	0.897539793752786	0.0441227418150191
MA1386.3	36368	0.869181641615296	0.055277380646886
MA1387.2	36368	0.834551662457888	0.0447889023785242
MA1388.2	36368	0.939113516979885	0.0535714343949348
MA1389.2	36368	0.805382579377463	0.0461787249653376
MA1390.3	36368	0.867172330727535	0.0524103945144061
MA1706.2	36368	0.937403238040619	0.0275395114503922
MA1735.2	36368	0.897256078450079	0.044099160227979
MA1737.2	36368	0.929957528704917	0.0412186675092572
MA1827.2	36368	0.859796844510394	0.0547597309306104
MA1830.2	36368	0.762917315281554	0.0415176598711091
MA2023.2	36368	0.801143169622557	0.0507345756896316
MA0034.2	36368	0.910229216941464	0.0336388570641958
MA0575.2	36368	0.823170383341281	0.0510972317346158
MA0576.2	36368	0.708030004879499	0.0531914831221127
MA1030.2	36368	0.927821544379483	0.0543508657080663
MA1037.2	36368	0.925716875217415	0.0372365487277812
MA1038.2	36368	0.818943698472192	0.0537904913523573
MA1170.2	36368	0.818064607791658	0.044103207484297
MA1171.2	36368	0.855213060549607	0.0571437386373386
MA1172.2	36368	0.815190231666425	0.0441187010929647
MA1173.2	36368	0.894846310440117	0.0392987129477027
MA1174.2	36368	0.8719669143707	0.0427677554331801
MA1175.2	36368	0.915495049391063	0.036469231168669
MA1176.2	36368	0.844511316028468	0.0441386701736636
MA1177.2	36368	0.910246647604116	0.037101646259832
MA1178.3	36368	0.833384946563948	0.0544894171863194
MA1179.2	36368	0.88573491080231	0.0564840494648349
MA1180.2	36368	0.823749985148233	0.0478554090008256
MA1181.2	36368	0.892529943955027	0.0410822714496496
MA1292.2	36368	0.80098234135747	0.0453265561633229
MA1293.2	36368	0.809558068072386	0.0472740325259963
MA1294.2	36368	0.863349241271344	0.0485776582876244
MA1391.3	36368	0.835302458212384	0.0458554980444243
MA1392.3	36368	0.835173035734055	0.05792262050543
MA1393.3	36368	0.860124937223894	0.0569912022007213
MA1394.3	36368	0.840737030544673	0.0525553835070362
MA1426.2	36368	0.83273786145489	0.0592072514543416
MA1762.2	36368	0.851709973453337	0.046933687230299
MA1764.2	36368	0.803979510961159	0.0470060584989017
MA1765.2	36368	0.866240271812186	0.0444210835969706
MA1766.2	36368	0.843531403933182	0.0418938318661194
MA1767.2	36368	0.938759392434915	0.0706651273944852
MA1768.2	36368	0.841964199210319	0.0373108584782106
MA1769.2	36368	0.85840979382555	0.0387162229641747
MA1770.2	36368	0.875439781807291	0.044676184613039
MA1771.2	36368	0.859323601717632	0.042464617590598
MA1772.2	36368	0.853199867827334	0.0412079616545481
MA1773.2	36368	0.864503638875337	0.0456812261964648
MA1774.2	36368	0.861268158140531	0.0432753021650384
MA1775.2	36368	0.896957612390483	0.0481984435387171
MA1776.2	36368	0.889589399232835	0.0466115743404183
MA1777.2	36368	0.852247923273969	0.0426933479637627
MA1778.2	36368	0.868586735873797	0.0385368730451111
MA1779.2	36368	0.90432860877485	0.0398302422738333
MA1780.2	36368	0.894508547759258	0.0522135263041489
MA1781.2	36368	0.858469834219514	0.0430630092448187
MA1829.2	36368	0.860382754052544	0.0553361951491589
MA2007.2	36368	0.87019335628522	0.0492074759036978
MA2008.2	36368	0.84383851687794	0.0543843785752516
MA2024.2	36368	0.797300531649773	0.0469355349131513
MA2025.2	36368	0.876930677017843	0.0521091598447334
MA2026.2	36368	0.836591038924651	0.0431310706237571
MA2027.2	36368	0.832073959289159	0.0511042082631187
MA2028.2	36368	0.819291915807065	0.0431683658235697
MA2029.2	36368	0.771334993924694	0.0542929011227958
MA2030.2	36368	0.813367344363198	0.0408225564740324
MA2041.2	36368	0.811514602175935	0.0490224253864599
MA2042.2	36368	0.829976153817485	0.0490414436292106
MA0579.2	36368	0.792531968032902	0.0452623117408388
MA1182.2	36368	0.863840349783926	0.0555351451963523
MA1183.2	36368	0.865444763593289	0.0543517924438703
MA1184.2	36368	0.871904355108645	0.0540371503730959
MA1185.2	36368	0.869479963427845	0.0539120329853197
MA1186.2	36368	0.873027942091619	0.0412060829789445
MA1187.2	36368	0.860211579460814	0.0556362100704648
MA1189.2	36368	0.846756356653848	0.0391403727626125
MA1190.2	36368	0.868034124459208	0.0544225941759783
MA1191.2	36368	0.872145840716706	0.0546986751610169
MA1192.2	36368	0.854333732728173	0.0465174962854799
MA1193.2	36368	0.857495273919212	0.0384809145339496
MA1194.2	36368	0.863898483403228	0.03662902726249
MA1195.2	36368	0.834983830916965	0.0386083172655079
MA1196.2	36368	0.8544242358897	0.039387786467115
MA1353.2	36368	0.840055769627019	0.0617169065551685
MA1355.2	36368	0.85268058095026	0.0565582503436742
MA1397.2	36368	0.878666680408272	0.0474065736543819
MA1398.3	36368	0.855127827497323	0.0501992964886504
MA1400.2	36368	0.829331083187274	0.0419821918458282
MA1401.2	36368	0.857374990266246	0.0576067688221902
MA1408.2	36368	0.865534257875253	0.0448179462079577
MA1681.2	36368	0.848929156690347	0.0491294626775086
MA1793.2	36368	0.9384795409308	0.0442253631835433
MA1802.2	36368	0.931505944304581	0.0448474350052792
MA1812.2	36368	0.815702067752929	0.0763249210481397
MA1825.2	36368	0.892831148581313	0.061725575478851
MA2031.2	36368	0.884826756324959	0.0540246970956558
MA2032.2	36368	0.842214424524845	0.0718655109586995
MA1207.2	36368	0.827313059285896	0.0449170262146298
MA1208.2	36368	0.874615387852086	0.0408002195249613
MA1365.3	36368	0.897707012697743	0.0516740312812869
MA1366.2	36368	0.904969310637724	0.0485412106341558
MA1367.2	36368	0.898649661833098	0.051334448542079
MA1368.3	36368	0.778757595860712	0.0453081109649533
MA1661.2	36368	0.880704675238221	0.0488030137683478
MA1662.2	36368	0.852231044175605	0.0508728531675765
MA1733.2	36368	0.88832173320434	0.0394833282478025
MA2039.2	36368	0.755603441257014	0.0737156921617033
MA2040.2	36368	0.756068327617923	0.074003277604365
