[SHORT TFBS MATRIX]
MA0010.1	22513	0.90116183962774	0.0291402717350702
MA0011.1	22513	0.944116231094709	0.0320455718357072
MA0012.1	22513	0.927721548003889	0.0255786038781947
MA0013.1	22513	0.931210264582733	0.0261808812158378
MA0015.1	22513	0.902475432248707	0.0564058671763836
MA0016.1	22513	0.803152301648628	0.0502816472700255
MA0022.1	22513	0.865632948809695	0.033948812558024
MA0023.1	22513	0.862120683386755	0.0429325800970407
MA0026.1	22513	0.920888130597376	0.0453764838024906
MA0049.1	22513	0.938253638926839	0.0327428172827304
MA0085.1	22513	0.800397545269441	0.0426099919619107
MA0126.1	22513	0.911797354704533	0.0349930784095769
MA0165.1	22513	0.975166445533121	0.0230153390196673
MA0166.1	22513	0.943518268930065	0.0545228305248526
MA0167.1	22513	0.960442704291804	0.0378539500121858
MA0168.1	22513	0.969991386032336	0.0340033333504793
MA0169.1	22513	0.958314615230716	0.0404465285514821
MA0170.1	22513	0.984689375591925	0.0222645533314992
MA0171.1	22513	0.946483317224821	0.0473154974547091
MA0172.1	22513	0.928632854011054	0.0637622666642837
MA0173.1	22513	0.92768300089077	0.0583492478312584
MA0174.1	22513	0.982977573620665	0.0241941917170255
MA0175.1	22513	0.968649670223763	0.0366257011164264
MA0176.1	22513	0.974040158663862	0.031943440741897
MA0177.1	22513	0.959188311850626	0.0478822062289334
MA0178.1	22513	0.958490659808593	0.037917200818594
MA0179.1	22513	0.96448945135889	0.0441549453070268
MA0180.1	22513	0.899167644456546	0.0488777107228441
MA0181.1	22513	0.961720259041553	0.0401217680787945
MA0182.1	22513	0.993862649434755	0.014913527111451
MA0183.1	22513	0.963277653912711	0.028397023275713
MA0184.1	22513	0.956545635566484	0.0411142839852334
MA0185.1	22513	0.988542692925356	0.0182373207503963
MA0186.1	22513	0.936643296439525	0.0459926316383914
MA0187.1	22513	0.97248997734887	0.0267306194374593
MA0188.1	22513	0.930170377539161	0.0548268823936733
MA0189.1	22513	0.97314021195743	0.0307395987484201
MA0190.1	22513	0.935068623017772	0.0659993158993509
MA0191.1	22513	0.962130340482422	0.0403189824861345
MA0192.1	22513	0.946837225833464	0.0475759981135018
MA0193.1	22513	0.947236195006223	0.0418623688065779
MA0194.1	22513	0.922415972111563	0.0651028778068631
MA0195.1	22513	0.969269022691997	0.0288226641801988
MA0196.1	22513	0.969533005130998	0.0292336942553155
MA0198.1	22513	0.956973222382948	0.0466033731798634
MA0199.1	22513	0.986205832074197	0.0351396109564757
MA0200.1	22513	0.958412766488989	0.042454036218037
MA0201.1	22513	0.887112076362496	0.0522355924109611
MA0202.1	22513	0.952982164571117	0.0571640410995883
MA0203.1	22513	0.944753631282009	0.0492593484265293
MA0204.1	22513	0.940767338697258	0.0569149660945803
MA0206.1	22513	0.958654314242322	0.0390924584385947
MA0207.1	22513	0.935746780301364	0.0577412338026252
MA0208.1	22513	0.926641603405181	0.0644175286194342
MA0209.1	22513	0.958222853221127	0.0394832077987552
MA0210.1	22513	0.999476629793626	0.00242971836396271
MA0211.1	22513	0.911645416515616	0.0577568657397607
MA0212.1	22513	0.919731128968847	0.0601593317207805
MA0213.1	22513	0.916520578434187	0.047419850077769
MA0214.1	22513	0.976631029990724	0.0330301166327187
MA0215.1	22513	0.955937498475877	0.0396522543053977
MA0217.1	22513	0.993172915835833	0.0177985461927032
MA0218.1	22513	0.983213114050614	0.027039546875679
MA0219.1	22513	0.977687939097384	0.025974801925313
MA0220.1	22513	0.961808379300525	0.0505111701958383
MA0221.1	22513	0.971639438151088	0.030567405608887
MA0222.1	22513	0.933060854124071	0.0501599397680488
MA0224.1	22513	0.945963142507709	0.0485131808169435
MA0225.1	22513	0.962205555095443	0.0436665118889733
MA0226.1	22513	0.959511882261281	0.0481977710513763
MA0227.1	22513	0.932706737046329	0.0675241065983014
MA0228.1	22513	0.950703838696565	0.0509365737591807
MA0229.1	22513	0.935825255589437	0.0516438617484898
MA0230.1	22513	0.949380964925572	0.0513584068064111
MA0231.1	22513	0.986639824401693	0.0188296525387449
MA0232.1	22513	0.981020812974162	0.0239693198534008
MA0233.1	22513	0.999737540821462	0.00398008053960394
MA0234.1	22513	0.923246119450952	0.0590428694744882
MA0235.1	22513	0.961463630688131	0.0507251930160114
MA0236.1	22513	0.958837630947042	0.0390158391778805
MA0238.1	22513	0.951691831149865	0.0616618910007846
MA0239.1	22513	0.911797354704533	0.0349930784095769
MA0240.1	22513	0.947898431653394	0.0504321733897266
MA0241.1	22513	0.942548157168021	0.0508478071434348
MA0242.1	22513	0.875192833707753	0.0428264254570987
MA0243.1	22513	0.918963492655728	0.0218408258161234
MA0244.1	22513	0.950793399063305	0.0285544611191898
MA0245.1	22513	0.973026495427238	0.0356742261652049
MA0246.1	22513	0.926542682766458	0.0607801362108033
MA0248.1	22513	0.966544105296728	0.033531167272676
MA0250.1	22513	0.951805889557132	0.0496922917020865
MA0251.1	22513	0.960747822473485	0.0438974855721722
MA0252.1	22513	0.937667445325378	0.0691449618776464
MA0253.1	22513	0.90060255040863	0.0440535077644129
MA0254.1	22513	0.987204178194559	0.0183165712741114
MA0255.1	22513	0.903703347699254	0.0357608786489647
MA0256.1	22513	0.935316025984196	0.0568380826249416
MA0257.1	22513	0.963804574619035	0.0405102849946114
MA0094.2	22513	0.950369716669606	0.0439820154400791
MA0443.1	22513	0.863691769214805	0.0510777660530791
MA0444.1	22513	0.952591746270178	0.0402250531773384
MA0445.1	22513	0.893944186217903	0.0384200352274747
MA0446.1	22513	0.913146670417073	0.0362640373001046
MA0447.1	22513	0.829669455375806	0.0459344438677164
MA0448.1	22513	0.984221215342791	0.0226864092489751
MA0449.1	22513	0.778147775764102	0.0561223396888792
MA0450.1	22513	0.836641329775697	0.054035270363508
MA0451.1	22513	0.851565369765269	0.0385053380625157
MA0197.2	22513	0.870638448562214	0.0407193322726914
MA0454.1	22513	0.837311694156682	0.0427877613158443
MA0456.1	22513	0.805457379074515	0.0401008280463261
MA0457.1	22513	0.979173513343545	0.0266589242053291
MA0458.1	22513	0.922190907395637	0.0340752993720574
MA0459.1	22513	0.861120587910222	0.0464704707780043
MA0460.1	22513	0.862386278941478	0.0483879226754554
MA0216.2	22513	0.90860500332353	0.0365663275020653
MA0530.1	22513	0.860785738830558	0.0343567421396169
MA0531.1	22513	0.818320130422917	0.0409852537343826
MA0452.2	22513	0.834318243952971	0.0424785428952167
MA0532.1	22513	0.840449297206521	0.0393653938364946
MA0533.1	22513	0.770926176884439	0.0387690296127011
MA0534.1	22513	0.869635986935493	0.0305953608791179
MA0237.2	22513	0.859972630755166	0.0358870919236354
MA0535.1	22513	0.85414744247446	0.0442361720475819
MA0536.1	22513	0.871385280900512	0.0545160341570157
MA0247.2	22513	0.886926364223376	0.0455083805492028
MA0915.1	22513	0.886225753901223	0.0597343921156576
MA0916.1	22513	0.857794817489745	0.0507764381213369
MA0917.1	22513	0.893926535407918	0.0419636015070731
MA0086.2	22513	0.836171479784084	0.0467170710580805
MA1455.1	22513	0.798288534346809	0.0352311057544326
MA1456.1	22513	0.867349232844925	0.0675737150330647
MA1457.1	22513	0.819116624784813	0.0516587865652769
MA1458.1	22513	0.846634039882166	0.0495919769935358
MA1459.1	22513	0.787161564201933	0.0558677111830279
MA1460.1	22513	0.846401379727962	0.0523908875520724
MA1461.1	22513	0.76475830721656	0.0350325209061237
MA1462.1	22513	0.856980263723853	0.0501023695733448
MA0529.2	22513	0.843325294343292	0.0642018171997344
MA0205.2	22513	0.829002337978838	0.063834105376165
MA0249.2	22513	0.871398164382852	0.0521770875541775
MA1700.1	22513	0.768469488058975	0.0681125781578444
MA1702.1	22513	0.871417938817062	0.0455424044505367
