[SHORT TFBS MATRIX]
MA0004.1	39438	0.826759996052156	0.0749349250874041
MA0006.1	39438	0.880626598918423	0.0716155182055155
MA0019.1	39438	0.796052664835613	0.0470029603551405
MA0029.1	39438	0.709059714836628	0.0646820792833091
MA0030.1	39438	0.733719235394212	0.0692982058123189
MA0031.1	39438	0.788214780139011	0.0790617898056147
MA0040.1	39438	0.758365176549761	0.077444436521477
MA0041.1	39438	0.793049448992096	0.0747474495004921
MA0051.1	39438	0.720879995894653	0.052466615238877
MA0057.1	39438	0.88870744425083	0.0437699829465142
MA0059.1	39438	0.770051281624548	0.0531049906741654
MA0066.1	39438	0.717677820421105	0.0369304176945937
MA0067.1	39438	0.90427725219785	0.0440812151253442
MA0069.1	39438	0.741325396719814	0.0428024115958139
MA0070.1	39438	0.749955885848023	0.0600364768764082
MA0071.1	39438	0.784970004780564	0.0609291942165486
MA0072.1	39438	0.727469283962259	0.0593964437307472
MA0073.1	39438	0.769406226402873	0.0508632590397243
MA0074.1	39438	0.728618445508427	0.0423606123284781
MA0077.1	39438	0.809161584244095	0.0619482492479681
MA0078.1	39438	0.838154483179301	0.0666124061831674
MA0084.1	39438	0.829296135709859	0.0764659797534562
MA0087.1	39438	0.814593572314341	0.0854223231092039
MA0091.1	39438	0.781606218180056	0.0526406928546105
MA0092.1	39438	0.854137032351805	0.0443111349974905
MA0101.1	39438	0.840170096589395	0.0511467974477345
MA0107.1	39438	0.792861952021864	0.0590590570175915
MA0108.2	39438	0.780812903171957	0.0705102413163226
MA0109.1	39438	0.915788836768563	0.053515611818747
MA0111.1	39438	0.845768815251662	0.0344000571379836
MA0115.1	39438	0.644031951370543	0.0482053916554078
MA0116.1	39438	0.801648337987031	0.0467356344424287
MA0119.1	39438	0.710084406882617	0.0529370915921915
MA0125.1	39438	0.813201269612377	0.0746618585453211
MA0130.1	39438	0.934095083050909	0.0519462053668641
MA0135.1	39438	0.726225201346761	0.0829150225307358
MA0139.1	39438	0.760847926209341	0.0462091264624372
MA0142.1	39438	0.709697601998011	0.065246438325646
MA0149.1	39438	0.659900291261851	0.0576490862389647
MA0138.2	39438	0.669220579328604	0.0407606568186817
MA0002.2	39438	0.824510699957884	0.048782263208225
MA0065.2	39438	0.788880694169318	0.0409524751053932
MA0151.1	39438	0.829539597259877	0.101933699004613
MA0152.1	39438	0.862816254658145	0.0643019420748489
MA0155.1	39438	0.836143200479052	0.0454016126007685
MA0159.1	39438	0.776769645249658	0.0359942916678893
MA0160.1	39438	0.862057368225557	0.0515091874571815
MA0163.1	39438	0.778267796318265	0.0551150934109865
MA0164.1	39438	0.782643390744071	0.0806662389006695
MA0259.1	39438	0.862383513683035	0.0645975687799653
MA0146.2	39438	0.82967782042781	0.0694912736358852
MA0467.1	39438	0.784844479206707	0.0528095073276193
MA0468.1	39438	0.758433758366996	0.0718386442711692
MA0476.1	39438	0.78156208695861	0.0679311836566125
MA0478.1	39438	0.787950143507694	0.0605254280227088
MA0479.1	39438	0.780590695317219	0.0650667880893071
MA0480.1	39438	0.79284238250282	0.0651532379832793
MA0483.1	39438	0.803006873781356	0.0575950074977367
MA0488.1	39438	0.763020021419171	0.0621443137251562
MA0489.1	39438	0.766074811730789	0.0611932810510138
MA0492.1	39438	0.76363103109169	0.0607493040620271
MA0493.1	39438	0.844848376783085	0.0571725781149879
MA0494.1	39438	0.768905080101298	0.0373978368826364
MA0497.1	39438	0.75591752083818	0.0724843046525419
MA0501.1	39438	0.716114487943537	0.0524739749109816
MA0503.1	39438	0.826479224818353	0.046240390069487
MA0504.1	39438	0.803788312519266	0.0410306320327671
MA0505.1	39438	0.74792159709024	0.048432256342838
MA0506.1	39438	0.825233307066504	0.0762311320075375
MA0507.1	39438	0.729810177244014	0.0801168666531144
MA0513.1	39438	0.778193359065227	0.0489799926547107
MA0514.1	39438	0.837392974087105	0.0597409622700856
MA0515.1	39438	0.826034850989206	0.062264051145651
MA0517.1	39438	0.743248588326358	0.0635310277929381
MA0518.1	39438	0.800210563410318	0.0560739781781745
MA0519.1	39438	0.811595968679473	0.0586876138409266
MA0520.1	39438	0.770936705957062	0.0620675931245938
MA0521.1	39438	0.83525919278994	0.0596734631892173
MA0523.1	39438	0.778562927235448	0.0579479208297123
MA0527.1	39438	0.753120435986783	0.0576835579820284
MA0076.2	39438	0.831237216968823	0.0616480562247772
MA0258.2	39438	0.775749345309106	0.0438695584542447
MA0050.2	39438	0.705250838335053	0.0663560205896997
MA0150.2	39438	0.719436499014606	0.0501667295443805
MA0137.3	39438	0.789543490582883	0.0617141259478876
MA0144.2	39438	0.824128920620146	0.0574051153535366
MA0140.2	39438	0.728748168041327	0.0563862527667522
MA0095.2	39438	0.763668158924549	0.0644571525030561
MA0591.1	39438	0.742607567212898	0.0465007636163457
MA0593.1	39438	0.777531097463536	0.079445060425649
MA0595.1	39438	0.824540750714836	0.050001726486895
MA0596.1	39438	0.804111983677653	0.0519399879194858
MA0597.1	39438	0.905277633987329	0.0346490595259797
MA0599.1	39438	0.907512039817482	0.0715870721307018
MA0601.1	39438	0.726734645622834	0.109916419535326
MA0602.1	39438	0.728836141653619	0.0831880119069264
MA0603.1	39438	0.787015536264317	0.0645404991771228
MA0604.1	39438	0.812777870160319	0.0619348429520009
MA0606.1	39438	0.830672246166503	0.065026682952106
MA0607.1	39438	0.8241523719468	0.0584561304284154
MA0608.1	39438	0.802798891655947	0.0587106568023307
MA0610.1	39438	0.746032881231913	0.0669508494461719
MA0611.1	39438	0.805226360125813	0.0862964416265552
MA0613.1	39438	0.77437898312868	0.089107852060787
MA0614.1	39438	0.805065651992142	0.0820398276040547
MA0615.1	39438	0.797367185369485	0.047928762034999
MA0618.1	39438	0.803420808479492	0.0719706832058336
MA0619.1	39438	0.789030333234901	0.0969016503588591
MA0621.1	39438	0.697932991226674	0.105656715490789
MA0622.1	39438	0.784257865967826	0.0809570427843455
MA0624.1	39438	0.843379485397403	0.0595072092536048
MA0625.1	39438	0.823724632038098	0.0622917752156555
MA0626.1	39438	0.805326706496365	0.0634753992024106
MA0628.1	39438	0.715183914741763	0.0896268605881941
MA0629.1	39438	0.763857229034324	0.0494578032186362
MA0630.1	39438	0.804639872402086	0.0912278593485786
MA0631.1	39438	0.695144163856032	0.0515026956186358
MA0633.1	39438	0.763355405684938	0.0702782700492285
MA0634.1	39438	0.786811418568298	0.0783884812054606
MA0007.3	39438	0.696864121495329	0.0462049964045965
MA0635.1	39438	0.822640280390416	0.065940165521767
MA0636.1	39438	0.747122575790065	0.0613000332295798
MA0637.1	39438	0.76313535901739	0.0397076395012443
MA0638.1	39438	0.736611174012353	0.0500890971400208
MA0639.1	39438	0.745717417491917	0.0675193337555188
MA0641.1	39438	0.756028378352043	0.0585310641155295
MA0136.2	39438	0.839688292272459	0.0542813884257165
MA0027.2	39438	0.821981311864205	0.0792458438892653
MA0642.1	39438	0.832319092166191	0.0591940279016554
MA0643.1	39438	0.783594056205168	0.0541103703870147
MA0644.1	39438	0.800172866661373	0.0763797392247187
MA0645.1	39438	0.827548576767994	0.0605715934848049
MA0475.2	39438	0.805739508756431	0.0598624130709084
MA0042.2	39438	0.803361719458576	0.0795438666595871
MA0033.2	39438	0.836901283191875	0.0777206297250835
MA0157.2	39438	0.778658518896202	0.0760808847616048
MA0646.1	39438	0.78223533908484	0.0456384074883521
MA0647.1	39438	0.711322421082179	0.0594785031140444
MA0648.1	39438	0.790218489980553	0.0663090261844145
MA0649.1	39438	0.78868685861615	0.0598896001254392
MA0131.2	39438	0.800665334549859	0.0603584380322442
MA0046.2	39438	0.683766166852476	0.0785140461837267
MA0153.2	39438	0.675701775314566	0.0778223803418845
MA0651.1	39438	0.751074258167739	0.0649080540422516
MA0486.2	39438	0.702211425277805	0.058658583378083
MA0652.1	39438	0.68496738691219	0.0530385164397189
MA0653.1	39438	0.656470086780826	0.0544131426350548
MA0654.1	39438	0.789430494520775	0.090747186702025
MA0655.1	39438	0.730320509230118	0.0702267276149932
MA0656.1	39438	0.70785221815706	0.068372846073089
MA0657.1	39438	0.719832282703848	0.0478447140694622
MA0658.1	39438	0.767582861272749	0.0696405381144451
MA0660.1	39438	0.697156712603804	0.0795954576819477
MA0661.1	39438	0.795825996979498	0.0685346695496989
MA0662.1	39438	0.812750433587964	0.0784381085928464
MA0663.1	39438	0.742775910712043	0.0596213634411398
MA0664.1	39438	0.762557988998168	0.0618719079047902
MA0665.1	39438	0.779078906877588	0.05199843881384
MA0666.1	39438	0.81966923719892	0.0744248219332026
MA0667.1	39438	0.756748735067984	0.0571841624942198
MA0668.1	39438	0.825184260158067	0.0409647673430437
MA0669.1	39438	0.759986040072309	0.0536074466600429
MA0670.1	39438	0.805861726595202	0.0723566874421556
MA0671.1	39438	0.905843487341104	0.0454004809989177
MA0048.2	39438	0.802021585985577	0.0612894164161742
MA0672.1	39438	0.83119163962679	0.0505838151355828
MA0673.1	39438	0.86657994299167	0.0444025298992386
MA0674.1	39438	0.818282024084966	0.075112257281521
MA0675.1	39438	0.82007443645207	0.0850131097773073
MA0676.1	39438	0.795068858764813	0.0653778432378601
MA0677.1	39438	0.716314370516777	0.0464940161470973
MA0678.1	39438	0.758632119426067	0.0552111590376088
MA0068.2	39438	0.766248783038076	0.08003481273068
MA0680.1	39438	0.665674227313584	0.0871558593794952
MA0683.1	39438	0.639050982237028	0.0751196098461808
MA0512.2	39438	0.693238974644253	0.0487653051616113
MA0685.1	39438	0.772907741340314	0.0677430336868411
MA0686.1	39438	0.778434939959033	0.0524366719472829
MA0687.1	39438	0.77487928626338	0.0511443536380051
MA0083.3	39438	0.65086637283825	0.0537187731288903
MA0009.2	39438	0.671659396358434	0.0454380844228656
MA0688.1	39438	0.787472096493583	0.0494272223102857
MA0689.1	39438	0.766796929173472	0.0527147077154258
MA0690.1	39438	0.764921160510421	0.0539687674419203
MA0691.1	39438	0.761184335601758	0.0629327312823796
MA0145.3	39438	0.772940783640515	0.0510679854425778
MA0692.1	39438	0.792809065579427	0.0587485681948346
MA0694.1	39438	0.771100368921982	0.0514290611421583
MA0695.1	39438	0.798384461009627	0.0490234745287901
MA0696.1	39438	0.755364746595751	0.0520950530365979
MA0697.1	39438	0.76824453123224	0.051312286081665
MA0698.1	39438	0.760830962646559	0.0533652890761681
MA0699.1	39438	0.806553922464894	0.0704848056236166
MA0704.1	39438	0.805887756823287	0.0794672054981786
MA0705.1	39438	0.825364027146341	0.0714260127321166
MA0706.1	39438	0.800083933435751	0.0713168325758268
MA0707.1	39438	0.81367261278179	0.0740032922369595
MA0708.1	39438	0.791739741480612	0.0841689195766477
MA0709.1	39438	0.794555701140395	0.0886426254851719
MA0710.1	39438	0.804271868805928	0.0753679242787678
MA0124.2	39438	0.795313020908705	0.0590743776421292
MA0711.1	39438	0.817516016706173	0.0638882769409737
MA0132.2	39438	0.809565497413694	0.0866589169792634
MA0713.1	39438	0.721407649837805	0.0852203378982961
MA0714.1	39438	0.81168221243808	0.0645971353813955
MA0715.1	39438	0.68453167630559	0.0949264473133628
MA0716.1	39438	0.797099280585141	0.0916022528861777
MA0717.1	39438	0.81212046233023	0.082398428860427
MA0718.1	39438	0.787119230430377	0.0853578613001688
MA0719.1	39438	0.916051124876892	0.0490455109689277
MA0720.1	39438	0.799686859369393	0.0902051101738532
MA0721.1	39438	0.806018880638222	0.0853130396535378
MA0722.1	39438	0.812923800545799	0.0754162465107209
MA0723.1	39438	0.814023268548061	0.0727780872808662
MA0724.1	39438	0.777293438877946	0.0730094315232068
MA0725.1	39438	0.783334723829161	0.0887690561089033
MA0726.1	39438	0.767864128288655	0.0886697831479648
MA0112.3	39438	0.688597091478524	0.0454789399982536
MA0141.3	39438	0.734310337307828	0.0593426379395259
MA0017.2	39438	0.775095464365701	0.0555818407944513
MA0113.3	39438	0.692803909423008	0.0505817989591334
MA0727.1	39438	0.689543406442615	0.0505413264390647
MA0728.1	39438	0.681347864305571	0.0473698027274967
MA0729.1	39438	0.664491503025589	0.0444925798210793
MA0730.1	39438	0.684993162528172	0.0434418614876279
MA0731.1	39438	0.636654105835874	0.0482331795485385
MA0472.2	39438	0.789124871536915	0.0600974282800968
MA0732.1	39438	0.760710474663963	0.0684878572199986
MA0733.1	39438	0.761495321788816	0.0560024212988784
MA0735.1	39438	0.680653820944515	0.0470752661738997
MA0736.1	39438	0.769518262724713	0.0495858464716188
MA0737.1	39438	0.721329298274996	0.0433284130527406
MA0738.1	39438	0.878365377311699	0.0477402280260859
MA0739.1	39438	0.837292962353153	0.0477064015656901
MA0740.1	39438	0.79911565075056	0.0649059700425995
MA0741.1	39438	0.849865058752034	0.075299492179624
MA0742.1	39438	0.789988572483195	0.0558720839608584
MA0747.1	39438	0.851526815562207	0.0592846344416694
MA0749.1	39438	0.674258096546113	0.0473809750501086
MA0751.1	39438	0.788388746974855	0.048682410654861
MA0088.2	39438	0.721479588737712	0.0455098945468559
MA0752.1	39438	0.646977321537895	0.0511378461564433
MA0754.1	39438	0.728791696301763	0.0766200679796955
MA0755.1	39438	0.714971236251489	0.0743340883763981
MA0756.1	39438	0.679074519409043	0.0773646420441449
MA0757.1	39438	0.670862811657458	0.0829967575100857
MA0758.1	39438	0.659341909450235	0.0521949262864625
MA0759.1	39438	0.804906545860115	0.0611192390234563
MA0760.1	39438	0.809486391610629	0.0557769884809726
MA0474.2	39438	0.825364973992702	0.0574505635339046
MA0098.3	39438	0.823316497510174	0.0581566149523665
MA0762.1	39438	0.779510975183168	0.0564589199233552
MA0763.1	39438	0.814416595205057	0.0534775258709656
MA0156.2	39438	0.817551616035617	0.0588592863491344
MA0767.1	39438	0.812170975839811	0.0467127706100969
MA0768.1	39438	0.708043703370482	0.0596020659338878
MA0770.1	39438	0.716146973016711	0.057513906336955
MA0771.1	39438	0.75118763449602	0.0509324831171563
MA0772.1	39438	0.720256094817575	0.0641772687289362
MA0773.1	39438	0.704051087983998	0.0835510431789874
MA0498.2	39438	0.890796658869041	0.0627310908017573
MA0774.1	39438	0.826294170405364	0.0641103801836237
MA0775.1	39438	0.854921920460372	0.0575088904245596
MA0776.1	39438	0.713545580493249	0.048698936390637
MA0777.1	39438	0.684430685502808	0.0454729388975956
MA0105.4	39438	0.690759401320933	0.0571230738739159
MA0778.1	39438	0.724280962338009	0.0588451998706818
MA0779.1	39438	0.729455837613956	0.0366586414671573
MA0780.1	39438	0.675996773990755	0.0872139006056609
MA0781.1	39438	0.701813530718501	0.0390232786800989
MA0783.1	39438	0.690189062546	0.0551032114069208
MA0784.1	39438	0.685250175194886	0.0791199422574258
MA0785.1	39438	0.732781284232768	0.0788389181500955
MA0786.1	39438	0.72580367537411	0.0847174069846776
MA0787.1	39438	0.717972851148378	0.0820126541205064
MA0788.1	39438	0.711599207461952	0.0826440997612376
MA0789.1	39438	0.737997761677936	0.0847600856727254
MA0790.1	39438	0.67490722647991	0.0869070359867681
MA0791.1	39438	0.656729435271627	0.0841724458797441
MA0792.1	39438	0.764340516981219	0.0810447986305166
MA0793.1	39438	0.754144592917651	0.0744788673368792
MA0794.1	39438	0.730363337720324	0.0472307601520449
MA0600.2	39438	0.689577071719084	0.0550648188088115
MA0795.1	39438	0.72036513684045	0.053071416452626
MA0796.1	39438	0.662833648197302	0.0586919216949231
MA0797.1	39438	0.699472876589313	0.0539861295431539
MA0799.1	39438	0.739750542159094	0.0499897842395283
MA0510.2	39438	0.684782851185239	0.05441361285631
MA0511.2	39438	0.801573283334493	0.0522830334740027
MA0800.1	39438	0.752405832104795	0.0513826820826643
MA0801.1	39438	0.823662377670823	0.0534530107491505
MA0802.1	39438	0.767107742003712	0.0542178219053979
MA0803.1	39438	0.800173632976002	0.0571173697379666
MA0804.1	39438	0.654389072729678	0.0445407849623996
MA0805.1	39438	0.795838817392697	0.0596925907175914
MA0806.1	39438	0.82974074365723	0.0519961701279976
MA0807.1	39438	0.841284204911108	0.0498300731890996
MA0808.1	39438	0.833117111183646	0.0604302148040125
MA0810.1	39438	0.853608992763879	0.0565029698785371
MA0811.1	39438	0.836713193785454	0.0538071504212293
MA0812.1	39438	0.82926900493915	0.060605748811048
MA0813.1	39438	0.792483386193775	0.0624846759099734
MA0524.2	39438	0.832713255267334	0.0533717448250063
MA0815.1	39438	0.785840131681565	0.0655839069323941
MA0816.1	39438	0.809042184720033	0.0583598483359312
MA0461.2	39438	0.791310937510302	0.0529635340338187
MA0464.2	39438	0.779548121673101	0.0648880788246147
MA0817.1	39438	0.723415863204962	0.0593143943515087
MA0818.1	39438	0.759692417631421	0.0538748800319431
MA0819.1	39438	0.778583683024022	0.0510990276607251
MA0820.1	39438	0.832146818314523	0.0541923335698877
MA0821.1	39438	0.723014219870641	0.0555557669914475
MA0822.1	39438	0.705231273850731	0.057681057234266
MA0823.1	39438	0.778126208733972	0.0678607295154334
MA0058.3	39438	0.789744846678083	0.0673474142608586
MA0825.1	39438	0.801849506627776	0.0643342392598738
MA0826.1	39438	0.737450186785757	0.0587077401060531
MA0827.1	39438	0.787909957180727	0.0500483234549348
MA0828.1	39438	0.750473184186521	0.0591578515859845
MA0832.1	39438	0.707972523988131	0.0540745073440477
MA0834.1	39438	0.697423648623219	0.0670757583548207
MA0466.2	39438	0.778849588679756	0.056523049464027
MA0837.1	39438	0.787058198537931	0.0559637449784658
MA0838.1	39438	0.743752676613208	0.0554998913612463
MA0839.1	39438	0.714595196783322	0.0472036225314562
MA0840.1	39438	0.723902554490465	0.0702935432985099
MA0117.2	39438	0.782660534968474	0.0534570788262071
MA0841.1	39438	0.720483118043875	0.0620749105991346
MA0843.1	39438	0.734859515920957	0.06472344482058
MA0844.1	39438	0.730080272481705	0.0476326291456882
MA0845.1	39438	0.74848432182491	0.0792399835873085
MA0032.2	39438	0.777124577656541	0.079689633282108
MA0846.1	39438	0.769918198077584	0.0798424110127553
MA0848.1	39438	0.825134776769631	0.0761868542999674
MA0849.1	39438	0.808177704721201	0.0784170637828656
MA0850.1	39438	0.8737850694297	0.0583601770944761
MA0851.1	39438	0.733139368354099	0.076287648735848
MA0853.1	39438	0.701993883506569	0.0649001632565199
MA0854.1	39438	0.701634649757133	0.0691778342853931
MA0855.1	39438	0.68989730606169	0.0489321702629704
MA0856.1	39438	0.700164007694088	0.0484088100503401
MA0857.1	39438	0.650319071475412	0.0498898798300468
MA0858.1	39438	0.672424288364836	0.0466627517294182
MA0859.1	39438	0.670276462389213	0.0488224038686569
MA0860.1	39438	0.665719306711241	0.0457236757730248
MA0525.2	39438	0.670312295954965	0.0433814509242679
MA0106.3	39438	0.683168054457989	0.0413503553350773
MA0861.1	39438	0.717510922782321	0.0422898736527054
MA0862.1	39438	0.78418204329993	0.057902401795586
MA0863.1	39438	0.706347512935237	0.0425555756607836
MA0024.3	39438	0.747389030291384	0.0500148430496289
MA0865.1	39438	0.703426673090085	0.0504265469584739
MA0866.1	39438	0.653152589041969	0.0626216123665865
MA0869.1	39438	0.616536452502296	0.0662980643595885
MA0870.1	39438	0.655018044951987	0.0622072451160575
MA0872.1	39438	0.780123940036022	0.0670882124545189
MA0028.2	39438	0.782120774880078	0.0654516413705486
MA0873.1	39438	0.746564422550071	0.0592065548427878
MA0874.1	39438	0.693690228123623	0.0650950291656462
MA0875.1	39438	0.831023025219862	0.0798721305906658
MA0876.1	39438	0.840630111617442	0.0760873875587109
MA0879.1	39438	0.806342599721813	0.0809657610557626
MA0880.1	39438	0.822183318463361	0.0820754330753795
MA0881.1	39438	0.82588450178952	0.0786280677909464
MA0882.1	39438	0.822301604432189	0.0809469923130406
MA0883.1	39438	0.749354404907897	0.0547771132894983
MA0884.1	39438	0.746834912773693	0.068255849699545
MA0885.1	39438	0.807840552682138	0.0906290261608696
MA0886.1	39438	0.777609871005494	0.0780451976042989
MA0887.1	39438	0.814180638455659	0.0665801674456701
MA0888.1	39438	0.811089238863145	0.0672486464834351
MA0889.1	39438	0.774329711691387	0.0753023115139956
MA0890.1	39438	0.784442103603595	0.0813859259394322
MA0891.1	39438	0.811977027457068	0.0586440900750825
MA0892.1	39438	0.827112214304357	0.0648193778136782
MA0894.1	39438	0.777324702865369	0.0849831821057047
MA0895.1	39438	0.796413008541644	0.0593902111377684
MA0896.1	39438	0.724242905507928	0.0547078534649631
MA0897.1	39438	0.698911039996178	0.0595318768308927
MA0898.1	39438	0.696310982218496	0.0600504021011212
MA0899.1	39438	0.773844874031272	0.0815558404631254
MA0903.1	39438	0.825174230685896	0.0749316663933785
MA0905.1	39438	0.784571972167859	0.0710693919090412
MA0906.1	39438	0.736281965350179	0.0625000918319673
MA0907.1	39438	0.735573814502717	0.0667623504681661
MA0908.1	39438	0.76759677899577	0.0716895120686064
MA0911.1	39438	0.76019023425682	0.0605578182653137
MA0914.1	39438	0.827974809588479	0.0607752622136119
MA0852.2	39438	0.751544198691215	0.0675528914214894
MA0036.3	39438	0.772872093014056	0.0749905561920701
MA1106.1	39438	0.80455476685579	0.0655286367101497
MA0147.3	39438	0.779586018327635	0.0632267343600177
MA0100.3	39438	0.833701351774982	0.0607048319078589
MA0104.4	39438	0.761098770705832	0.0620622452309333
MA1109.1	39438	0.794597320092513	0.0538364067961663
MA0161.2	39438	0.798667256409487	0.0621888376173429
MA0060.3	39438	0.79097722377185	0.069977173672655
MA1110.1	39438	0.761411084685044	0.0581427403613898
MA1111.1	39438	0.781229696805378	0.0643745666260083
MA0014.3	39438	0.789837711854553	0.0533502095334526
MA1114.1	39438	0.729262047551535	0.051853608254239
MA1115.1	39438	0.756471113744534	0.0844346333048858
MA1116.1	39438	0.852047152346187	0.0658373951887043
MA1117.1	39438	0.790775930889194	0.0569304676030185
MA1118.1	39438	0.753312425498009	0.0592516979598521
MA1119.1	39438	0.704410056330827	0.0546902459361085
MA0442.2	39438	0.805462094056997	0.0753544027725479
MA1120.1	39438	0.787236548407997	0.0730901178721205
MA1121.1	39438	0.766338523252245	0.0572501249004509
MA1122.1	39438	0.827662620951477	0.0716573130385066
MA0750.2	39438	0.809222233683506	0.0639364258257533
MA0103.3	39438	0.843262692095328	0.0608062434024451
MA1124.1	39438	0.667844687603865	0.0649541295095889
MA1125.1	39438	0.719910524652904	0.127490834954047
MA1154.1	39438	0.715053620334619	0.041764054249571
MA1155.1	39438	0.701940860082952	0.0482241776126991
MA0037.3	39438	0.821947854632392	0.0683909915026612
MA0099.3	39438	0.774878678034416	0.0649210220612612
MA1126.1	39438	0.721041576499481	0.0569088113693028
MA1127.1	39438	0.722227174497505	0.0681393262610058
MA1128.1	39438	0.764127236013923	0.0639233043251775
MA1129.1	39438	0.734509771036402	0.0669875118025585
MA1130.1	39438	0.769808810430391	0.0650683460511455
MA1131.1	39438	0.746999278456275	0.0668430887828142
MA1132.1	39438	0.785982652756225	0.058635887641148
MA1133.1	39438	0.741876648934994	0.0628950325281002
MA1134.1	39438	0.753782185094858	0.064730855917364
MA1135.1	39438	0.767314129688703	0.0667643636792129
MA1136.1	39438	0.751367647551289	0.0641441759346985
MA1137.1	39438	0.762189272204694	0.0619921604412717
MA1138.1	39438	0.760827024208745	0.0692370453060938
MA1139.1	39438	0.716434616677106	0.0705348318511419
MA1141.1	39438	0.756149701739052	0.0633526580395081
MA1142.1	39438	0.798490127577796	0.0617076831363707
MA1143.1	39438	0.7811953696272	0.061293300385179
MA1144.1	39438	0.763754847913366	0.0665477616188217
MA1145.1	39438	0.727414228331846	0.0644212475903805
MA1146.1	39438	0.733890733001409	0.0393081773341199
MA1147.1	39438	0.750753407731916	0.0394592901884821
MA1148.1	39438	0.734038968045231	0.0397290018646321
MA1149.1	39438	0.769566752180243	0.0403597890372268
MA1150.1	39438	0.793254149747341	0.0531673209805503
MA1151.1	39438	0.800525060032318	0.0486870788147887
MA1152.1	39438	0.820981595133052	0.0763419011509592
MA0831.2	39438	0.821684543304356	0.0628391521990522
MA0693.2	39438	0.838890022665581	0.0573273357900761
MA1153.1	39438	0.822199505014871	0.0596661343143854
MA1418.1	39438	0.673196369520693	0.0514600780969379
MA1419.1	39438	0.670113883776598	0.0513703584175292
MA1420.1	39438	0.719038701031377	0.0453754348904987
MA1421.1	39438	0.731699599254014	0.0580931991156974
MA1463.1	39438	0.719748420957326	0.0921419626788213
MA1464.1	39438	0.772532455481172	0.0673452976437455
MA1466.1	39438	0.712952761767485	0.0486684773601531
MA1467.1	39438	0.802578452430428	0.0530583653316074
MA1468.1	39438	0.823940500836453	0.0438162966473062
MA1101.2	39438	0.676872256923121	0.0543511178884173
MA1470.1	39438	0.666474859399646	0.0494170189684518
MA1471.1	39438	0.762471051350671	0.084590087077349
MA1472.1	39438	0.8478555120371	0.0515915611283717
MA1473.1	39438	0.748824791925104	0.0723550603792782
MA1474.1	39438	0.773496500679868	0.0505119436486322
MA1475.1	39438	0.757406733629609	0.0584844499577546
MA1476.1	39438	0.778936603742199	0.0958376050050241
MA1478.1	39438	0.770914237138488	0.0578919304092316
MA1479.1	39438	0.738882680831864	0.0607761396336469
MA1480.1	39438	0.766945038252966	0.0603699707585591
MA1481.1	39438	0.81077518988496	0.0842444538342021
MA1483.1	39438	0.766088857806108	0.0582715609347287
MA1484.1	39438	0.826678016860996	0.0575229951522516
MA1485.1	39438	0.747371270233322	0.0499721445533167
MA1487.1	39438	0.7324998297168	0.0681757908946133
MA1489.1	39438	0.716612150717582	0.0922010550248379
MA1491.1	39438	0.760170658596108	0.0478476133627422
MA1493.1	39438	0.775976553901014	0.0478155451155062
MA1494.1	39438	0.698375518695803	0.0471186343363455
MA1495.1	39438	0.82903271777136	0.0718395785937769
MA1496.1	39438	0.862934154271271	0.0556494193288784
MA1497.1	39438	0.811585677802095	0.061310425960654
MA1498.1	39438	0.83432375682402	0.0704891616852473
MA1499.1	39438	0.807560272459207	0.0816728769879103
MA1500.1	39438	0.852462124083045	0.0601674652263581
MA1501.1	39438	0.802695535290647	0.0555324619018943
MA1502.1	39438	0.823635222715579	0.0748085423272439
MA1503.1	39438	0.748534301628485	0.0663830423551612
MA1504.1	39438	0.836216958662307	0.0799056396428604
MA1505.1	39438	0.832858776076538	0.0674850446956501
MA1506.1	39438	0.736695893923135	0.0608738107910063
MA1507.1	39438	0.828599102031356	0.0808490350272678
MA1508.1	39438	0.798623921207898	0.06082234530843
MA1509.1	39438	0.76070488307325	0.0528802672187131
MA1511.1	39438	0.840618889853703	0.0630181331756859
MA1512.1	39438	0.8443333882026	0.0699520681147537
MA1513.1	39438	0.836489574662697	0.11025060370795
MA1514.1	39438	0.75992857489349	0.0547889359499416
MA1515.1	39438	0.872824455432619	0.070996836267106
MA1516.1	39438	0.824859409635699	0.0674733446713829
MA1517.1	39438	0.858953740565063	0.0657206248395344
MA1518.1	39438	0.846064842419884	0.0727290969012218
MA1519.1	39438	0.780449578330702	0.0871131109341171
MA1520.1	39438	0.72590443917075	0.0447735634354895
MA1521.1	39438	0.737350714414383	0.0446023645304387
MA1522.1	39438	0.852033868464098	0.0848453466554982
MA1523.1	39438	0.816924286429744	0.0531801085068499
MA1524.1	39438	0.809548787641111	0.0535391360500513
MA1525.1	39438	0.82591446267558	0.0597934363434001
MA1527.1	39438	0.71545653901771	0.0541189268724392
MA1528.1	39438	0.730797959265594	0.0539424839396579
MA1529.1	39438	0.715359551325496	0.0518908521808472
MA1530.1	39438	0.813705394984838	0.0689853093146077
MA1531.1	39438	0.748699125657074	0.0421235959886832
MA1532.1	39438	0.777347433019961	0.0383413201130921
MA1533.1	39438	0.764256770103942	0.0364533943907277
MA1534.1	39438	0.803450022618892	0.0590517074312751
MA1535.1	39438	0.877161416345117	0.0573956971276885
MA1536.1	39438	0.920744799802452	0.0421254029757026
MA1537.1	39438	0.727182153507086	0.0443194726018232
MA1538.1	39438	0.711586149659909	0.0450255150669655
MA1539.1	39438	0.695894066741797	0.0458704418768325
MA1540.1	39438	0.815317282459789	0.0505527751160382
MA1541.1	39438	0.719339975198739	0.0445856171507666
MA1542.1	39438	0.807940494297045	0.0489054180275099
MA1544.1	39438	0.714166429889187	0.053755085687147
MA1545.1	39438	0.757632769818931	0.0510646558099492
MA1546.1	39438	0.725342158350597	0.0402340460350245
MA1547.1	39438	0.798579802982078	0.0778471171178799
MA1548.1	39438	0.818262922523016	0.0757755512128122
MA1549.1	39438	0.794526475711333	0.0660999153095262
MA1550.1	39438	0.725254536219297	0.0444049749895007
MA1552.1	39438	0.730218166623706	0.0426901153255955
MA1553.1	39438	0.714712226843023	0.0440028439671239
MA1554.1	39438	0.864028844717499	0.042058468063603
MA1555.1	39438	0.738953520774032	0.0445162634688321
MA1556.1	39438	0.735620156191653	0.0467923294604314
MA1557.1	39438	0.754096798931085	0.0480571931948563
MA1558.1	39438	0.84360895685433	0.0561492074332436
MA1559.1	39438	0.80422741614864	0.0550238642923158
MA1560.1	39438	0.773764863737376	0.064511649162747
MA1561.1	39438	0.731993245756149	0.0554194481579911
MA1562.1	39438	0.743378376956625	0.0610401019013559
MA1563.1	39438	0.89892221504053	0.0371744612474846
MA1564.1	39438	0.844954110775562	0.0744229711854737
MA1565.1	39438	0.785990670787814	0.0485308005456736
MA1566.1	39438	0.857152500330791	0.0434511372751672
MA1567.1	39438	0.824589704540934	0.0473464802832457
MA1568.1	39438	0.786723786963026	0.0410140063321719
MA1569.1	39438	0.851443096632663	0.0713744787010775
MA1570.1	39438	0.829491193408121	0.0540682850920632
MA1571.1	39438	0.721120324409418	0.0494667986469705
MA1572.1	39438	0.728267481813432	0.0492945841409585
MA1573.1	39438	0.686213196820934	0.0580920546469817
MA1574.1	39438	0.77534347362943	0.0401720241591631
MA1575.1	39438	0.71616134852215	0.043439676666174
MA1576.1	39438	0.715243995816394	0.0386220485459459
MA1577.1	39438	0.782018745735096	0.100225808891615
MA1578.1	39438	0.8418461490772	0.0673295616938343
MA1579.1	39438	0.789127414688638	0.0614020482179441
MA1580.1	39438	0.735154154137277	0.0672204219962887
MA1581.1	39438	0.796590396696825	0.0546860306367973
MA1583.1	39438	0.798850459034559	0.0600501526487173
MA1584.1	39438	0.756470674645701	0.0534928815810828
MA1585.1	39438	0.758242740596225	0.05433204353197
MA1587.1	39438	0.755091190748233	0.051468500833866
MA1588.1	39438	0.69529266314375	0.0500753442212891
MA1589.1	39438	0.663430007963356	0.0389360927969525
MA1592.1	39438	0.749206318001422	0.0446368939061513
MA1593.1	39438	0.764162262210755	0.0581681716802408
MA1594.1	39438	0.65827877460864	0.0365718637630709
MA1596.1	39438	0.74786915716336	0.0659182929476754
MA1597.1	39438	0.681194396030777	0.0439136816318718
MA1599.1	39438	0.743473999318926	0.058829673495806
MA1600.1	39438	0.706456129905769	0.0393636359918327
MA1601.1	39438	0.802840821631611	0.0594728156327433
MA1602.1	39438	0.758416502992321	0.0474679514266039
MA1603.1	39438	0.71515538739266	0.0677199115391603
MA1604.1	39438	0.767828998914199	0.0590637415001351
MA1606.1	39438	0.760234515579729	0.0871332696258987
MA1607.1	39438	0.725466155197342	0.0818618989068571
MA1608.1	39438	0.776659689417424	0.0687895059095611
MA1615.1	39438	0.799759176170592	0.0656996909577592
MA1616.1	39438	0.743946814490528	0.0495288574204886
MA1618.1	39438	0.781845720535963	0.059712844803872
MA1619.1	39438	0.795250241690262	0.063734285433341
MA1620.1	39438	0.798658858776043	0.0578060772910239
MA1621.1	39438	0.798542623184871	0.0556064064241756
MA1622.1	39438	0.749959624537211	0.0720578020755511
MA1623.1	39438	0.740731543588498	0.0796125506709441
MA1624.1	39438	0.764857501297564	0.0656887799824084
MA1625.1	39438	0.749406104775367	0.0670879853302419
MA1627.1	39438	0.805928874729735	0.0686832815332614
MA1628.1	39438	0.844151424186274	0.0587426332854706
MA1629.1	39438	0.779784981116921	0.0533846283332251
MA1630.1	39438	0.791254560393863	0.0703834787303583
MA1100.2	39438	0.848202727424276	0.055621680963967
MA0605.2	39438	0.706785885459284	0.0704031069730354
MA0877.2	39438	0.847466581660512	0.0601655456201895
MA0462.2	39438	0.749176991588858	0.0734142815693225
MA0463.2	39438	0.708876262056317	0.0476073733035105
MA0878.2	39438	0.74092139942884	0.0700015708795878
MA0864.2	39438	0.73277409338802	0.0462511093580886
MA0469.3	39438	0.664247945829598	0.0465291344375902
MA0470.2	39438	0.723601630081377	0.047655719838563
MA0612.2	39438	0.787588430976651	0.0813479809813477
MA0847.2	39438	0.770488496453323	0.068175079578074
MA0766.2	39438	0.808182591233538	0.0646704472742684
MA0038.2	39438	0.76453778765426	0.0565077398652446
MA0734.2	39438	0.741886352422038	0.0483770908349101
MA0893.2	39438	0.855475251093017	0.0631026572949598
MA1099.2	39438	0.827695373195548	0.0725290917769433
MA0616.2	39438	0.780686895661049	0.0709988144514296
MA0650.2	39438	0.752710021532429	0.0656446224049836
MA0900.2	39438	0.784379364389923	0.0846046842270207
MA0158.2	39438	0.826248804065397	0.066218015884938
MA0594.2	39438	0.82903298176924	0.052406983257775
MA0902.2	39438	0.832643733384912	0.0724478340186509
MA0904.2	39438	0.81309674070998	0.0716837729129426
MA0485.2	39438	0.737576352765398	0.0680754253186163
MA0909.2	39438	0.775938702837592	0.053757286710097
MA0912.2	39438	0.775544421169207	0.0735600084911247
MA0910.2	39438	0.820109633926702	0.0728547752016272
MA0913.2	39438	0.765370110893279	0.0802808268862337
MA1140.2	39438	0.689855995351004	0.0652846622798439
MA0701.2	39438	0.783276394800609	0.0820329966328441
MA0702.2	39438	0.740821560412392	0.0945405091127624
MA0703.2	39438	0.684029875933242	0.102154827831643
MA0623.2	39438	0.75847092302998	0.0546280192052654
MA0842.2	39438	0.748771555624514	0.0538029392626649
MA0682.2	39438	0.802067675361045	0.0719590972305865
MA0075.3	39438	0.758859914748097	0.0939768377343678
MA0867.2	39438	0.824298962787476	0.0671302245573701
MA0868.2	39438	0.786849091375924	0.0704825081478826
MA0079.4	39438	0.793033919870945	0.0702365497999879
MA0516.2	39438	0.770573915384304	0.0603983823700008
MA0746.2	39438	0.832637771679096	0.0736094077695768
MA0632.2	39438	0.81352910211832	0.0720579927925404
MA0871.2	39438	0.765092134119939	0.0651449729845791
MA0753.2	39438	0.779968190553183	0.0728531087037687
MA0122.3	39438	0.732886526667069	0.0681034900594811
MA1631.1	39438	0.813246614103756	0.0590450377451758
MA1632.1	39438	0.743326734503014	0.0708107260354612
MA1633.1	39438	0.735227782083459	0.0585772654338964
MA1634.1	39438	0.750525908695889	0.0739937979669599
MA1635.1	39438	0.825607502947192	0.0773177028813549
MA1636.1	39438	0.725085300041805	0.0632731822693353
MA1637.1	39438	0.767917632673808	0.0609280265237968
MA1638.1	39438	0.830955187616238	0.0603027995643727
MA1639.1	39438	0.73792900863988	0.0717192995786787
MA1640.1	39438	0.707431501107317	0.0748251682683774
MA1641.1	39438	0.786610591246709	0.0629380740201772
MA1642.1	39438	0.799736460057986	0.0568978695854937
MA1643.1	39438	0.685448933940434	0.0492462718782553
MA1644.1	39438	0.787842357074013	0.0717714132449952
MA1645.1	39438	0.780970760703609	0.0529201277566899
MA1646.1	39438	0.807846982460006	0.0576531167977169
MA1647.1	39438	0.805394578272899	0.0624163646216506
MA1648.1	39438	0.844415585420499	0.0618953983725778
MA1649.1	39438	0.805343267297056	0.0604706243283437
MA1650.1	39438	0.800410219606721	0.0794196672960002
MA1651.1	39438	0.705367667709432	0.0558784361945605
MA1652.1	39438	0.794082299303222	0.0568052242139023
MA1653.1	39438	0.826378702026075	0.0877052883430288
MA1654.1	39438	0.68072795186179	0.0356785193941901
MA1655.1	39438	0.793168138834147	0.05507522501266
MA1656.1	39438	0.775655792542115	0.054594636901879
MA1657.1	39438	0.723247146364423	0.0685612687492442
MA1683.1	39438	0.764710151875421	0.0817812397147721
MA0833.2	39438	0.727366857090137	0.0630813947296942
MA0835.2	39438	0.749081212343355	0.0723345220928794
MA0465.2	39438	0.737016100450358	0.0801555505529951
MA0102.4	39438	0.722789784167247	0.0662307230567457
MA0836.2	39438	0.736751566476912	0.0661055555611634
MA0018.4	39438	0.748631921258499	0.0781560691978527
MA1102.2	39438	0.817170367802821	0.0729486122242207
MA0471.2	39438	0.829763318489423	0.0646715498084174
MA0154.4	39438	0.752583312015297	0.0562694427882803
MA0162.4	39438	0.791178929520105	0.078741951653378
MA0598.3	39438	0.7745775049043	0.0599100583065042
MA0473.3	39438	0.779892624128368	0.0593219919744972
MA0640.2	39438	0.792106652245684	0.057856973194583
MA0592.3	39438	0.740446154317435	0.0569039965836478
MA0761.2	39438	0.784846924312948	0.0601499338133368
MA0764.2	39438	0.851389560037972	0.0681487236654719
MA0765.2	39438	0.830491026017276	0.0616532060207487
MA0477.2	39438	0.742370330182783	0.0703504806280611
MA0148.4	39438	0.739100450936255	0.0794188653005388
MA0047.3	39438	0.761557816520733	0.0815623669804142
MA1103.2	39438	0.762293853662286	0.0826657967119721
MA0481.3	39438	0.766508389429711	0.083509595319539
MA0062.3	39438	0.778666124939645	0.058845411411937
MA0035.4	39438	0.76287590368642	0.0726315576328449
MA0482.2	39438	0.761596786713147	0.0660918174922279
MA1104.2	39438	0.73349537400071	0.0737103303162304
MA1105.2	39438	0.745482328470458	0.0606639839705323
MA0043.3	39438	0.730731799000917	0.0701847314084765
MA0114.4	39438	0.742638926491731	0.0594413808540186
MA0484.2	39438	0.748462427072579	0.0581637232763278
MA0901.2	39438	0.711549592405971	0.0910739492972085
MA0490.2	39438	0.726458892368422	0.0725981174433858
MA0491.2	39438	0.730545657005032	0.0713560425129165
MA0039.4	39438	0.854551444783655	0.0781977553199846
MA1107.2	39438	0.770621172223643	0.0651162531453724
MA0700.2	39438	0.75175654665221	0.0867231462498147
MA0495.3	39438	0.708269977008295	0.0600851557141405
MA0659.2	39438	0.715541690641229	0.0574375704117349
MA0496.3	39438	0.714474385478834	0.0560219280591863
MA0052.4	39438	0.710352223798717	0.0859447835742228
MA0620.3	39438	0.719492489056583	0.0597355958006318
MA1108.2	39438	0.825125267410466	0.0714293916271075
MA0499.2	39438	0.796873894581276	0.0534767214218997
MA0500.2	39438	0.795254458683429	0.0713900373715279
MA0056.2	39438	0.787420379347637	0.0539110714460092
MA0089.2	39438	0.708126493733269	0.0538281779302144
MA0025.2	39438	0.725830973090753	0.0773476931291466
MA0502.2	39438	0.776694208550399	0.0639009857731441
MA0063.2	39438	0.794636569347366	0.0626343068552753
MA1112.2	39438	0.778857674340884	0.0653602803277724
MA0679.2	39438	0.662793627876405	0.0886366099802364
MA0712.2	39438	0.7780990983152	0.0684028305567565
MA1113.2	39438	0.715850894439193	0.0798945001883476
MA0681.2	39438	0.640846497276322	0.102014187169713
MA0782.2	39438	0.738595721681802	0.0573873853354354
MA0627.2	39438	0.717034423709062	0.0834316991394721
MA0508.3	39438	0.807783289544304	0.0677833648694901
MA0509.2	39438	0.745329479681736	0.056303168684884
MA0798.2	39438	0.746520995409416	0.0547658392102142
MA0684.2	39438	0.784872598101723	0.0618725149826414
MA0743.2	39438	0.727746090520975	0.0520529800811874
MA0744.2	39438	0.732788120386891	0.0511814923469087
MA0745.2	39438	0.781373786088207	0.0556217090795659
MA0143.4	39438	0.781483028657829	0.0722052459223173
MA0080.5	39438	0.72067175917127	0.0560588621771455
MA0081.2	39438	0.750638142355261	0.0535362923417162
MA0829.2	39438	0.735874482257688	0.0573102967593989
MA0522.3	39438	0.844491939501664	0.0608923418315562
MA0830.2	39438	0.811885552727065	0.0591222867135101
MA0769.2	39438	0.782993661863813	0.0719776857754327
MA0090.3	39438	0.755974786814988	0.0592109083177866
MA0809.2	39438	0.774211827867267	0.0603203687563821
MA0003.4	39438	0.789594831840189	0.0621643435949354
MA0814.2	39438	0.799640181442628	0.0650655134365219
MA1123.2	39438	0.781908332358367	0.0577096643825454
MA0093.3	39438	0.741252728388784	0.0589205914256538
MA0526.3	39438	0.740501615835714	0.0600725271935768
MA0748.2	39438	0.798110796499429	0.0677953946568071
MA0528.2	39438	0.829267341088585	0.0713804498256686
MA0609.2	39438	0.699385593854475	0.0650216624363664
