[SHORT TFBS MATRIX]
MA0004.1	33308	0.858737028576928	0.0668370169621792
MA0006.1	33308	0.91076345553465	0.0626856009935138
MA0019.1	33308	0.824553653364446	0.041229373319095
MA0029.1	33308	0.759788534035431	0.0530779710409432
MA0030.1	33308	0.786099922493762	0.0560610262328374
MA0031.1	33308	0.844792327980118	0.0628105264630767
MA0040.1	33308	0.818169600029952	0.060144666053412
MA0041.1	33308	0.851377943128012	0.0601620739659095
MA0051.1	33308	0.758207869834209	0.0449532560120485
MA0057.1	33308	0.907036684751875	0.0394713514728476
MA0059.1	33308	0.797192529904286	0.050197648617857
MA0066.1	33308	0.743791818815833	0.0335192752357798
MA0067.1	33308	0.929214038850426	0.038318571922713
MA0069.1	33308	0.771252850555777	0.0386159043189909
MA0070.1	33308	0.794742508305454	0.0505837399474128
MA0071.1	33308	0.831576935030753	0.0542245560819942
MA0072.1	33308	0.772662195965514	0.0507533738334732
MA0073.1	33308	0.800076887996483	0.0518035114251191
MA0074.1	33308	0.758300483653799	0.0401005336691482
MA0077.1	33308	0.852575360533096	0.0493911928953105
MA0078.1	33308	0.882552720354631	0.0539407851527643
MA0084.1	33308	0.885776599062543	0.0547234516479931
MA0087.1	33308	0.875059386551787	0.0680277453441565
MA0091.1	33308	0.8180182877751	0.0472427293791284
MA0092.1	33308	0.884810797340998	0.0384991040450868
MA0101.1	33308	0.867356611298091	0.0441638519871666
MA0107.1	33308	0.82249667828637	0.0524243677680297
MA0108.2	33308	0.828536657262873	0.0531006579417347
MA0109.1	33308	0.949419983336745	0.0242192363467797
MA0111.1	33308	0.866164639738115	0.0313702119106292
MA0115.1	33308	0.681059561384328	0.0457593989761787
MA0116.1	33308	0.822933418585056	0.0433738906835077
MA0119.1	33308	0.736307444274877	0.0499285000222118
MA0125.1	33308	0.865355638172553	0.0593746006413214
MA0130.1	33308	0.963395263996245	0.0376628475062575
MA0135.1	33308	0.786897685940646	0.0652955436192858
MA0139.1	33308	0.776119249744624	0.0438369727202254
MA0142.1	33308	0.758744626092575	0.0519427141205771
MA0149.1	33308	0.688959040251913	0.0570390225046993
MA0138.2	33308	0.689044081602656	0.0395562335091076
MA0002.2	33308	0.857561774117256	0.0429594194023468
MA0065.2	33308	0.811028954327942	0.0369722771321569
MA0151.1	33308	0.906219144758811	0.0797885864578336
MA0152.1	33308	0.906602868307327	0.0514320672220571
MA0155.1	33308	0.85090219924416	0.0411271129222629
MA0159.1	33308	0.798034009525614	0.0344249024794031
MA0160.1	33308	0.897702905750605	0.042718947609121
MA0163.1	33308	0.791767349662546	0.0499192172234594
MA0164.1	33308	0.842982041185609	0.0672480752644432
MA0259.1	33308	0.884713923398836	0.0606744669262218
MA0146.2	33308	0.839346835472474	0.0606938161099491
MA0467.1	33308	0.822312157401071	0.0450226194159053
MA0468.1	33308	0.807002249322839	0.0550855893353084
MA0476.1	33308	0.825402565681016	0.058007800292693
MA0478.1	33308	0.825613281254097	0.0538475802234045
MA0479.1	33308	0.82847286755767	0.0537629118057359
MA0480.1	33308	0.839641855042439	0.0523265802438311
MA0483.1	33308	0.84187717837178	0.0476281593794525
MA0488.1	33308	0.798583471096967	0.0538298884371679
MA0489.1	33308	0.806413355805886	0.0522021641286357
MA0492.1	33308	0.798734851320371	0.0526762588346194
MA0493.1	33308	0.866303543974309	0.0516209941567271
MA0494.1	33308	0.795303747845324	0.0333400300524838
MA0497.1	33308	0.809802641794527	0.0562192083394975
MA0501.1	33308	0.750939653880109	0.0463759794354997
MA0503.1	33308	0.856399792513402	0.0421299437812545
MA0504.1	33308	0.822072766172462	0.0379006523027807
MA0505.1	33308	0.785750837397635	0.0509036270342132
MA0506.1	33308	0.834650103500028	0.0710717872372637
MA0507.1	33308	0.788350023835549	0.0654494551708983
MA0513.1	33308	0.807890414301027	0.0447459403648637
MA0514.1	33308	0.880771561480357	0.0480930460186094
MA0515.1	33308	0.870808314521491	0.0503692718945315
MA0517.1	33308	0.788423360562369	0.05201669013625
MA0518.1	33308	0.837308082115144	0.0482909929674023
MA0519.1	33308	0.852911880131051	0.0498756089219324
MA0520.1	33308	0.817263979301103	0.0507652480114488
MA0521.1	33308	0.861604530961258	0.053665595750575
MA0523.1	33308	0.823391569570629	0.046286716565728
MA0527.1	33308	0.765316923886997	0.0532944773504702
MA0076.2	33308	0.850137400446275	0.055399892985606
MA0258.2	33308	0.802279424016651	0.0410043079852344
MA0050.2	33308	0.754225545874085	0.0554932721985108
MA0150.2	33308	0.750315510323724	0.0454598416100455
MA0137.3	33308	0.83137240291737	0.0538909421358391
MA0144.2	33308	0.861519597068224	0.0486210406432559
MA0140.2	33308	0.770236319826502	0.0477105499718149
MA0095.2	33308	0.796042495268811	0.0571010982980203
MA0591.1	33308	0.766938314042673	0.043885476765936
MA0593.1	33308	0.83689516926203	0.0616663638692247
MA0595.1	33308	0.850132938087812	0.0456594010100213
MA0596.1	33308	0.833469048522087	0.0468422247636845
MA0597.1	33308	0.919099154478645	0.0310338314677168
MA0599.1	33308	0.923708955418011	0.0624761480367844
MA0601.1	33308	0.806955906681757	0.0819805065498038
MA0602.1	33308	0.788610706453398	0.0652564503019206
MA0603.1	33308	0.816266035822119	0.0597980395142549
MA0604.1	33308	0.838445801124935	0.0556719976033076
MA0606.1	33308	0.87523856490297	0.0480167565520363
MA0607.1	33308	0.86166603490812	0.0534464868450951
MA0608.1	33308	0.83005403139198	0.0542639019417161
MA0610.1	33308	0.799914750243916	0.0592193405042387
MA0611.1	33308	0.858088525091265	0.0686494956229838
MA0613.1	33308	0.838353083840504	0.0713538598528816
MA0614.1	33308	0.864809626818965	0.0639038732673185
MA0615.1	33308	0.813037971749588	0.0445206951971544
MA0618.1	33308	0.855224471927497	0.0600422467706922
MA0619.1	33308	0.861544163117497	0.0764355949096558
MA0621.1	33308	0.775072288962631	0.0854714367317077
MA0622.1	33308	0.823557292212496	0.0725707725270293
MA0624.1	33308	0.882710030486562	0.0473615203657281
MA0625.1	33308	0.864972653346056	0.0499092100472398
MA0626.1	33308	0.843521762910079	0.0555530022079842
MA0628.1	33308	0.781535351590202	0.0734490984649097
MA0629.1	33308	0.799139613100351	0.0406520390718834
MA0630.1	33308	0.866604098805936	0.0697097516120184
MA0631.1	33308	0.734318754372819	0.0447608329815778
MA0633.1	33308	0.81408995779921	0.0623453281253149
MA0634.1	33308	0.841042266747184	0.0615517611150319
MA0007.3	33308	0.728091234244511	0.0440275197218676
MA0635.1	33308	0.869563884841331	0.0485936745163286
MA0636.1	33308	0.772158532754414	0.0574577578939305
MA0637.1	33308	0.777855219902099	0.0367269981814166
MA0638.1	33308	0.759193058653686	0.0456901811733182
MA0639.1	33308	0.789245695214936	0.0564409462814402
MA0641.1	33308	0.779684198276056	0.0539606850869912
MA0136.2	33308	0.865841464646188	0.0453736099922106
MA0027.2	33308	0.873135285035673	0.0617380906276788
MA0642.1	33308	0.86886049557765	0.0474142144894722
MA0643.1	33308	0.82354035980299	0.0510011700672451
MA0644.1	33308	0.85140362278345	0.0591755528652764
MA0645.1	33308	0.850032527475314	0.0542321295972004
MA0475.2	33308	0.830068838133308	0.0539288671195395
MA0042.2	33308	0.859515846554126	0.0637963804006929
MA0033.2	33308	0.893214284187152	0.0620972181528395
MA0157.2	33308	0.832940062990788	0.0615159422685743
MA0646.1	33308	0.802809919094563	0.0422323265274719
MA0647.1	33308	0.757737512747144	0.0515661469545335
MA0648.1	33308	0.836824468469548	0.0556849809536427
MA0649.1	33308	0.810139309521046	0.0553408407089444
MA0131.2	33308	0.808930439290019	0.0547559788354507
MA0046.2	33308	0.741537840405865	0.0636828294698349
MA0153.2	33308	0.732363319796739	0.0636945027259301
MA0651.1	33308	0.79789963924897	0.0523212633405447
MA0486.2	33308	0.74650958629507	0.0538058184569846
MA0652.1	33308	0.719380115555762	0.0465587059585651
MA0653.1	33308	0.694709415907553	0.047939407013013
MA0654.1	33308	0.851385251614852	0.0725116266167768
MA0655.1	33308	0.776989982956974	0.0604054163721847
MA0656.1	33308	0.740839991765218	0.062378515739438
MA0657.1	33308	0.739268395587438	0.0463627260161234
MA0658.1	33308	0.815392454228042	0.0581547551761796
MA0660.1	33308	0.754279127481587	0.0627656802467565
MA0661.1	33308	0.842101345401732	0.0568145944198066
MA0662.1	33308	0.86569420102872	0.0609108969028611
MA0663.1	33308	0.77137494527401	0.0555051233515075
MA0664.1	33308	0.795358363712101	0.0561531910146617
MA0665.1	33308	0.811800322588393	0.0472322115448181
MA0666.1	33308	0.86841072646936	0.0601344268031314
MA0667.1	33308	0.796424400164333	0.0517389761033283
MA0668.1	33308	0.853322021894173	0.0389516288867601
MA0669.1	33308	0.798980032657351	0.0487703093217667
MA0670.1	33308	0.848187778706599	0.0636077738812926
MA0671.1	33308	0.930798430836492	0.0373802868278922
MA0048.2	33308	0.823580770453499	0.0549376004229279
MA0672.1	33308	0.867176061678997	0.0465876387481267
MA0673.1	33308	0.897706810047873	0.0390025501453265
MA0674.1	33308	0.87246366204933	0.0614359598921821
MA0675.1	33308	0.879329713041742	0.065192843957914
MA0676.1	33308	0.843903436474679	0.0531841730029576
MA0677.1	33308	0.748588932224904	0.0452276038988211
MA0678.1	33308	0.800641040229793	0.0505269894630997
MA0068.2	33308	0.822061090230088	0.0640342883040958
MA0680.1	33308	0.729402515495093	0.0704838306884414
MA0683.1	33308	0.694567763989648	0.0610355190797428
MA0512.2	33308	0.727712641300127	0.0471003585672115
MA0685.1	33308	0.790006002005736	0.063793289634223
MA0686.1	33308	0.803155190124308	0.0477452988418445
MA0687.1	33308	0.807203305821228	0.0429314232827337
MA0083.3	33308	0.68971746444202	0.0485583522544647
MA0009.2	33308	0.704646543235466	0.0425014605003949
MA0688.1	33308	0.822606585671505	0.0441247864226414
MA0689.1	33308	0.804493559516897	0.0451247990268712
MA0690.1	33308	0.802494372458604	0.0483451008391125
MA0691.1	33308	0.797780064471364	0.0562872188333369
MA0145.3	33308	0.809755488816891	0.0459475189735019
MA0692.1	33308	0.822190211052641	0.0535887010257745
MA0694.1	33308	0.79052294360844	0.0470681948379252
MA0695.1	33308	0.817524525271568	0.0434034495781692
MA0696.1	33308	0.766846967973124	0.0474548930218136
MA0697.1	33308	0.778183051947774	0.0464110036610243
MA0698.1	33308	0.797606683444571	0.0487028870655211
MA0699.1	33308	0.853975645622106	0.0563289757700992
MA0704.1	33308	0.860141413270344	0.0609696104550084
MA0705.1	33308	0.870441030147658	0.0602769813208539
MA0706.1	33308	0.849005000321584	0.0569051066970405
MA0707.1	33308	0.867377384462833	0.0574756690895754
MA0708.1	33308	0.847422489385517	0.0666397151466401
MA0709.1	33308	0.853645066062161	0.0703036910301836
MA0710.1	33308	0.856314775801583	0.0594715283751841
MA0124.2	33308	0.837122761190754	0.0503546807896838
MA0711.1	33308	0.861708180046423	0.0556491506082749
MA0132.2	33308	0.869857711766825	0.0714174327719791
MA0713.1	33308	0.781842507393257	0.0663622899749755
MA0714.1	33308	0.857255464571923	0.0547851443158782
MA0715.1	33308	0.753352085922652	0.0740245316575232
MA0716.1	33308	0.85893228794374	0.0704324183550764
MA0717.1	33308	0.867377079352721	0.0644548076224458
MA0718.1	33308	0.845101130854309	0.0644829348589681
MA0719.1	33308	0.949160238872171	0.0332261785959989
MA0720.1	33308	0.860354230545547	0.0699424089685186
MA0721.1	33308	0.863993372193663	0.0664579194625169
MA0722.1	33308	0.865526082035889	0.0604337486192206
MA0723.1	33308	0.86437325533699	0.0588665684144884
MA0724.1	33308	0.829360311033422	0.0590935709812352
MA0725.1	33308	0.844243619061082	0.0704543506861262
MA0726.1	33308	0.828846539464986	0.0711864803314908
MA0112.3	33308	0.714768744834596	0.0434362284261743
MA0141.3	33308	0.78037686693722	0.0550621224748877
MA0017.2	33308	0.809873387153152	0.0512134118257702
MA0113.3	33308	0.730261719613753	0.0467228218362732
MA0727.1	33308	0.726401622860632	0.0467861595033993
MA0728.1	33308	0.71387299617658	0.0448293789515227
MA0729.1	33308	0.697001605893856	0.0414381933463102
MA0730.1	33308	0.713039532535985	0.0417558179543988
MA0731.1	33308	0.675619029564073	0.0447733914308
MA0472.2	33308	0.801410300285613	0.0538908831900264
MA0732.1	33308	0.774144499556909	0.0613996006268042
MA0733.1	33308	0.776484184095346	0.0505475914110796
MA0735.1	33308	0.697175408136172	0.0437533241977657
MA0736.1	33308	0.78081328856667	0.0450126175079952
MA0737.1	33308	0.738907395787633	0.040657773342834
MA0738.1	33308	0.901057997208638	0.0414906608349318
MA0739.1	33308	0.863426076061096	0.0444549789603613
MA0740.1	33308	0.815646623662814	0.0608074533849898
MA0741.1	33308	0.868757008449774	0.0674933188245474
MA0742.1	33308	0.808526228240237	0.0537368103373979
MA0747.1	33308	0.869576380779012	0.054272748172616
MA0749.1	33308	0.702387031063668	0.0431312761213039
MA0751.1	33308	0.798962373123424	0.0438025252975419
MA0088.2	33308	0.749258761230144	0.0434267445126667
MA0752.1	33308	0.684690136115055	0.0456014587833577
MA0754.1	33308	0.785465879943693	0.0635693210237865
MA0755.1	33308	0.77002122683024	0.0618017613264398
MA0756.1	33308	0.738865570042977	0.0633258861314054
MA0757.1	33308	0.735315095216893	0.0677089121200454
MA0758.1	33308	0.690287604081891	0.0488748810925149
MA0759.1	33308	0.827716802760252	0.0557453242364842
MA0760.1	33308	0.831828221915431	0.0510278002335187
MA0474.2	33308	0.849721569516814	0.0508261304936212
MA0098.3	33308	0.846954464445433	0.0518706390161824
MA0762.1	33308	0.80810639765897	0.0499625359683228
MA0763.1	33308	0.836471793221843	0.0483604393748125
MA0156.2	33308	0.841744027330416	0.0525837229615615
MA0767.1	33308	0.833306085784039	0.0427357401186681
MA0768.1	33308	0.754944365877987	0.0486471752292752
MA0770.1	33308	0.760155654560684	0.0525096319607843
MA0771.1	33308	0.788530514024508	0.048376003578785
MA0772.1	33308	0.766000144300681	0.0520659512569904
MA0773.1	33308	0.764817288954631	0.0653732319912471
MA0498.2	33308	0.934316111277672	0.0513155690062353
MA0774.1	33308	0.868907781578407	0.0554769874255284
MA0775.1	33308	0.893693965952232	0.0503941585720616
MA0776.1	33308	0.746240470081799	0.0449111215702332
MA0777.1	33308	0.714081152238187	0.0415705082004325
MA0105.4	33308	0.711822626934077	0.0528221984742819
MA0778.1	33308	0.74526840460264	0.0541138240983138
MA0779.1	33308	0.747649276468926	0.0347356517922782
MA0780.1	33308	0.739776129730935	0.0707456977745556
MA0781.1	33308	0.721116417921781	0.0371021764767366
MA0783.1	33308	0.727198178250495	0.0512527714161699
MA0784.1	33308	0.743112777575251	0.0635687243313813
MA0785.1	33308	0.790774015421098	0.063431754645833
MA0786.1	33308	0.788565547952489	0.0670865864960436
MA0787.1	33308	0.778338480097477	0.0658389879347588
MA0788.1	33308	0.772230650317873	0.0647365823270774
MA0789.1	33308	0.801485245782583	0.0696142860363196
MA0790.1	33308	0.7392492791089	0.0692477644457244
MA0791.1	33308	0.718670742745462	0.067046528740461
MA0792.1	33308	0.824189284685088	0.0652631197082011
MA0793.1	33308	0.806590894750819	0.0619251397713937
MA0794.1	33308	0.760489707335053	0.0435180778080871
MA0600.2	33308	0.721243150863941	0.0514973404717068
MA0795.1	33308	0.7612430570215	0.052077766380775
MA0796.1	33308	0.702112774060866	0.0543451709641686
MA0797.1	33308	0.735119757408104	0.0504157536357171
MA0799.1	33308	0.768679466067417	0.0462987770965392
MA0510.2	33308	0.714780447843929	0.0513397335293432
MA0511.2	33308	0.832932726334279	0.0483493835487258
MA0800.1	33308	0.789064299183264	0.0458297382174395
MA0801.1	33308	0.85682636852125	0.0489734881839772
MA0802.1	33308	0.804840292951374	0.0485620575121373
MA0803.1	33308	0.835070570018409	0.0530927360828471
MA0804.1	33308	0.687990221188051	0.0408451698725494
MA0805.1	33308	0.834380365429821	0.0542658958357545
MA0806.1	33308	0.86365677487647	0.0475388775181446
MA0807.1	33308	0.873061949713334	0.0451440178362766
MA0808.1	33308	0.874667238659141	0.0533182775624046
MA0810.1	33308	0.864513767533642	0.0500596340128046
MA0811.1	33308	0.850102546063155	0.0482384214981777
MA0812.1	33308	0.843869927118775	0.055156118684245
MA0813.1	33308	0.806393538799113	0.0562476318320089
MA0524.2	33308	0.846226219509089	0.047867998728446
MA0815.1	33308	0.79838704726116	0.0587107766982765
MA0816.1	33308	0.836245207416358	0.0524781527442738
MA0461.2	33308	0.829661695946162	0.0482072797779827
MA0464.2	33308	0.806854225264502	0.061396577080454
MA0817.1	33308	0.769810169804664	0.0537368163221515
MA0818.1	33308	0.800315966349063	0.0506981477642209
MA0819.1	33308	0.81187417642338	0.0466675223852667
MA0820.1	33308	0.863565246401544	0.0488740843572677
MA0821.1	33308	0.741612822081546	0.051809517307061
MA0822.1	33308	0.722062556766133	0.053517387585092
MA0823.1	33308	0.800432590811876	0.0621105873118242
MA0058.3	33308	0.823615037267614	0.0606042779048366
MA0825.1	33308	0.834534684752883	0.0575943684141863
MA0826.1	33308	0.782438358334597	0.0534933298023553
MA0827.1	33308	0.825201171611661	0.0459323112054348
MA0828.1	33308	0.779159338645309	0.0544163280173088
MA0832.1	33308	0.741183241361138	0.0497229822830456
MA0834.1	33308	0.730554914432384	0.0604748977425734
MA0466.2	33308	0.813910049503416	0.0476792067540272
MA0837.1	33308	0.822005283366559	0.0466077266618612
MA0838.1	33308	0.777193940938688	0.0488062438257885
MA0839.1	33308	0.735035815860296	0.043777463992673
MA0840.1	33308	0.760123785632912	0.0623164584784384
MA0117.2	33308	0.81714420806606	0.0456426659845347
MA0841.1	33308	0.760154273185961	0.0555060055809805
MA0843.1	33308	0.778629908021587	0.0541812008413326
MA0844.1	33308	0.753834070823587	0.0437327149906998
MA0845.1	33308	0.808184598877018	0.0635841339285742
MA0032.2	33308	0.83713625148415	0.0622752909540177
MA0846.1	33308	0.831545148899675	0.0633545655204169
MA0848.1	33308	0.879198575471925	0.0595858089362044
MA0849.1	33308	0.864007477212278	0.0623623518170198
MA0850.1	33308	0.91693177988309	0.0447525968936966
MA0851.1	33308	0.79268060247253	0.0615283820309171
MA0853.1	33308	0.748229123260767	0.0535340485891434
MA0854.1	33308	0.751131381869341	0.0563462813420361
MA0855.1	33308	0.724447581225844	0.0472581766689822
MA0856.1	33308	0.734953143596596	0.0465404384634596
MA0857.1	33308	0.687478610643823	0.0463899361207502
MA0858.1	33308	0.705756521185275	0.0435314688238762
MA0859.1	33308	0.705812658811579	0.0457640101711023
MA0860.1	33308	0.696363324918284	0.0433006596042484
MA0525.2	33308	0.701493901573258	0.0397463323857055
MA0106.3	33308	0.711280680387193	0.0385948539883974
MA0861.1	33308	0.746051038382416	0.0402400417638053
MA0862.1	33308	0.814180624368762	0.0513170270150171
MA0863.1	33308	0.727330651052027	0.0407275987647716
MA0024.3	33308	0.763672841913009	0.0469000899106932
MA0865.1	33308	0.730846306925814	0.0481250813528456
MA0866.1	33308	0.700301760934545	0.0533674672238702
MA0869.1	33308	0.666275231560494	0.0560041288452181
MA0870.1	33308	0.701723750062463	0.0531087245893501
MA0872.1	33308	0.792660512220638	0.0601735417792575
MA0028.2	33308	0.803906865295817	0.0612586530425159
MA0873.1	33308	0.789200976568591	0.0494291335182923
MA0874.1	33308	0.740728099645967	0.0532610300552553
MA0875.1	33308	0.886987043735226	0.0632033451497078
MA0876.1	33308	0.894026224229581	0.0603593727270711
MA0879.1	33308	0.86096153729719	0.0604582605647225
MA0880.1	33308	0.877339810744812	0.0642870496248105
MA0881.1	33308	0.878350780701889	0.0618130542569418
MA0882.1	33308	0.876774055018527	0.0634756821404514
MA0883.1	33308	0.790261619727682	0.0455752057185199
MA0884.1	33308	0.79254600310364	0.0536245820366304
MA0885.1	33308	0.868559895844559	0.0713297734108618
MA0886.1	33308	0.83118598667682	0.0634394338254639
MA0887.1	33308	0.858370062189359	0.0530899143213134
MA0888.1	33308	0.856079471232221	0.0538622724790548
MA0889.1	33308	0.824538710625258	0.061183745323702
MA0890.1	33308	0.83923101093771	0.0650515863657518
MA0891.1	33308	0.853787541240739	0.0491302440703075
MA0892.1	33308	0.87308098945418	0.0504743430598556
MA0894.1	33308	0.834976910483044	0.066786198872775
MA0895.1	33308	0.84221268062998	0.0489543846424266
MA0896.1	33308	0.76432498376684	0.0459768243139544
MA0897.1	33308	0.74454901349785	0.0495805624393234
MA0898.1	33308	0.742238232425604	0.0498302497797075
MA0899.1	33308	0.833312821375691	0.062267688117241
MA0903.1	33308	0.878005820692679	0.0591084846443863
MA0905.1	33308	0.835658057103108	0.0560195068309038
MA0906.1	33308	0.782073089732646	0.0509223851474441
MA0907.1	33308	0.783045103483098	0.0543143522811315
MA0908.1	33308	0.819360584388732	0.0558326247688549
MA0911.1	33308	0.803574415101505	0.0485035485832821
MA0914.1	33308	0.871141423763206	0.0489215340799933
MA0852.2	33308	0.801456927100387	0.0540081359826308
MA0036.3	33308	0.828638573863288	0.060727096327755
MA1106.1	33308	0.828411598675912	0.0589650442305531
MA0147.3	33308	0.803412792928172	0.0583820257215112
MA0100.3	33308	0.868763115434861	0.0567907524170986
MA0104.4	33308	0.782720164153061	0.0572902325254052
MA1109.1	33308	0.825733637268551	0.0496246433253049
MA0161.2	33308	0.838491944144627	0.0581494696723489
MA0060.3	33308	0.824919444541946	0.0626066174851471
MA1110.1	33308	0.800540317412723	0.0519580929349116
MA1111.1	33308	0.829120851740752	0.0569702945190335
MA0014.3	33308	0.807502346509002	0.0490928723727743
MA1114.1	33308	0.759722378808513	0.0492209588396094
MA1115.1	33308	0.818054097080746	0.0677067674818133
MA1116.1	33308	0.889569476204775	0.0624485964421164
MA1117.1	33308	0.820491051792704	0.0521312830046712
MA1118.1	33308	0.796453643722262	0.0501087667487337
MA1119.1	33308	0.744531496019853	0.0466462674653993
MA0442.2	33308	0.859818064906374	0.0600652489247224
MA1120.1	33308	0.837454199709172	0.0594804621091818
MA1121.1	33308	0.804443803091761	0.0519132561620168
MA1122.1	33308	0.838880779328078	0.0652434374597086
MA0750.2	33308	0.824871705504512	0.0581637209624265
MA0103.3	33308	0.868689181814531	0.0576473814792763
MA1124.1	33308	0.714995507860006	0.0572466548469001
MA1125.1	33308	0.815133458766922	0.103410433771068
MA1154.1	33308	0.740708781293522	0.0384738048937953
MA1155.1	33308	0.738300135842898	0.0462225634460076
MA0037.3	33308	0.870850636025561	0.0592198179003691
MA0099.3	33308	0.815469913051381	0.0545926884558909
MA1126.1	33308	0.752235320450329	0.0500135819208498
MA1127.1	33308	0.757285997781607	0.0602533899100525
MA1128.1	33308	0.804175330211968	0.0539091511407411
MA1129.1	33308	0.767486361571277	0.0595347518241604
MA1130.1	33308	0.810415867212007	0.0545541960252169
MA1131.1	33308	0.781300811298001	0.0589605451128723
MA1132.1	33308	0.821830450004227	0.0497651845099226
MA1133.1	33308	0.773444653044445	0.0560779072459341
MA1134.1	33308	0.794988993409986	0.0554696290245926
MA1135.1	33308	0.809653156184502	0.0567843599402489
MA1136.1	33308	0.782690549496402	0.0576831956596504
MA1137.1	33308	0.802236084371745	0.051759924600755
MA1138.1	33308	0.805067779780652	0.0585714673844649
MA1139.1	33308	0.752532231246755	0.0622827969502284
MA1141.1	33308	0.795359420993898	0.0539832900523655
MA1142.1	33308	0.837948008027929	0.050518506945477
MA1143.1	33308	0.813213915388457	0.0527830647186173
MA1144.1	33308	0.805509793217247	0.0567008707327611
MA1145.1	33308	0.760187425822651	0.0572109388972673
MA1146.1	33308	0.757702036239184	0.037412879548072
MA1147.1	33308	0.772168096883444	0.0372537996846248
MA1148.1	33308	0.761732674639137	0.0365841297180537
MA1149.1	33308	0.789057609292303	0.0377546798098704
MA1150.1	33308	0.831839649275802	0.0459014437903539
MA1151.1	33308	0.836337653270329	0.0429329395664922
MA1152.1	33308	0.876529809406133	0.0571542522621481
MA0831.2	33308	0.852728738846967	0.0562960095107489
MA0693.2	33308	0.8837044314012	0.0514194013454768
MA1153.1	33308	0.863547060829482	0.0593640135482305
MA1418.1	33308	0.708189254252203	0.0449256777099934
MA1419.1	33308	0.704507398396033	0.0455226403367888
MA1420.1	33308	0.749048945477047	0.0407613085838462
MA1421.1	33308	0.776849320601176	0.0487693630394786
MA1463.1	33308	0.786259011109645	0.0742458851425977
MA1464.1	33308	0.801187086087591	0.0625581235398623
MA1466.1	33308	0.733481183473237	0.0452697729117192
MA1467.1	33308	0.831313704959424	0.0478698813806671
MA1468.1	33308	0.853564914374608	0.0408870685689905
MA1101.2	33308	0.714247794296067	0.047351327797929
MA1470.1	33308	0.699779445780554	0.0420405900090806
MA1471.1	33308	0.822820492712669	0.0639468332671482
MA1472.1	33308	0.874513950448059	0.0449438188288924
MA1473.1	33308	0.80130636853396	0.0591603000074053
MA1474.1	33308	0.790858979706889	0.0466318278431912
MA1475.1	33308	0.778281774290434	0.0554528408139299
MA1476.1	33308	0.842547797706948	0.0774133192010992
MA1478.1	33308	0.814840295148754	0.048755317754925
MA1479.1	33308	0.785479733433753	0.0509342947060527
MA1480.1	33308	0.808675263492873	0.0517848319135597
MA1481.1	33308	0.867534719226886	0.0673997574848885
MA1483.1	33308	0.790210077250844	0.053159877789019
MA1484.1	33308	0.848423118594274	0.0526705349661502
MA1485.1	33308	0.766258103364879	0.0458392682949566
MA1487.1	33308	0.786842811686255	0.0564327923652376
MA1489.1	33308	0.778412843761259	0.0769925360118654
MA1491.1	33308	0.778181891606684	0.0432574798352243
MA1493.1	33308	0.79968459556734	0.0445886013673418
MA1494.1	33308	0.73181666182927	0.0445910895438479
MA1495.1	33308	0.87599422303442	0.0564904769394541
MA1496.1	33308	0.900745153876377	0.0467031449217603
MA1497.1	33308	0.853934764707485	0.0490330909315758
MA1498.1	33308	0.882008280159018	0.0572898967205314
MA1499.1	33308	0.864910393119827	0.06844772947068
MA1500.1	33308	0.894201605741183	0.0490703681738019
MA1501.1	33308	0.841249668560924	0.0478250522735767
MA1502.1	33308	0.874387077002983	0.0615976671793376
MA1503.1	33308	0.79585330771609	0.0551305407468711
MA1504.1	33308	0.891079773891985	0.0657968828808451
MA1505.1	33308	0.878695246291778	0.0537460773061254
MA1506.1	33308	0.780640726417419	0.0511493948743165
MA1507.1	33308	0.884124796084774	0.0676080990693585
MA1508.1	33308	0.835844327983163	0.0519578021053276
MA1509.1	33308	0.79351933549914	0.0469700533712487
MA1511.1	33308	0.861591531826076	0.057006928452901
MA1512.1	33308	0.863047212187714	0.0627370164756038
MA1513.1	33308	0.848020554970442	0.100473045979173
MA1514.1	33308	0.780170059944213	0.0506743325018526
MA1515.1	33308	0.890430298692586	0.0628010340279523
MA1516.1	33308	0.839370644274523	0.0631670448804239
MA1517.1	33308	0.877653677379265	0.0593350882647362
MA1518.1	33308	0.892102920821424	0.0518588751693358
MA1519.1	33308	0.839908904634773	0.071126457928348
MA1520.1	33308	0.75179473900765	0.041094118758267
MA1521.1	33308	0.758605377613624	0.0414371362321321
MA1522.1	33308	0.868809022608704	0.0773637249662228
MA1523.1	33308	0.850308021341386	0.0460469712003124
MA1524.1	33308	0.845103126057886	0.0486773462543658
MA1525.1	33308	0.864718062473363	0.0509736178624753
MA1527.1	33308	0.740178771516133	0.0512920368093514
MA1528.1	33308	0.751447159283327	0.0503729859054929
MA1529.1	33308	0.730075545527454	0.0469702702741043
MA1530.1	33308	0.86116085200482	0.0566430193020576
MA1531.1	33308	0.771199336260563	0.0397819902854762
MA1532.1	33308	0.801109516265402	0.0350701214873675
MA1533.1	33308	0.783546878816124	0.0344260912525193
MA1534.1	33308	0.851215254168451	0.052100856362371
MA1535.1	33308	0.908476644389958	0.0563479498686119
MA1536.1	33308	0.947396455541654	0.0355104374811563
MA1537.1	33308	0.755931063677277	0.0436496996623635
MA1538.1	33308	0.735908954094495	0.0430493463814993
MA1539.1	33308	0.721410716193601	0.0439907604933653
MA1540.1	33308	0.849318355568216	0.0494888633939306
MA1541.1	33308	0.753405443081954	0.0428418681603376
MA1542.1	33308	0.836702529536573	0.0464493757873569
MA1544.1	33308	0.752191119027697	0.0469063293097337
MA1545.1	33308	0.789288178125934	0.0463855176477692
MA1546.1	33308	0.75131078025319	0.0368584890152003
MA1547.1	33308	0.851149946775713	0.0645950779433502
MA1548.1	33308	0.831239519583205	0.066355368065643
MA1549.1	33308	0.840310987333376	0.0550005661565016
MA1550.1	33308	0.756789517213812	0.0429395711313688
MA1552.1	33308	0.753179983997925	0.040416586327525
MA1553.1	33308	0.741291381120689	0.0415503591758922
MA1554.1	33308	0.885062775564997	0.0376922940689519
MA1555.1	33308	0.761375580242942	0.0418579020401933
MA1556.1	33308	0.757056144358853	0.043739568488454
MA1557.1	33308	0.785938235433808	0.0469812871561499
MA1558.1	33308	0.874139835513007	0.0512802578744714
MA1559.1	33308	0.835093491525882	0.0506292480491151
MA1560.1	33308	0.799761229256821	0.059581986669679
MA1561.1	33308	0.772853393913707	0.0476765792894351
MA1562.1	33308	0.785074803808175	0.0512172579114564
MA1563.1	33308	0.921641303872281	0.0328319292246946
MA1564.1	33308	0.861950931142685	0.067516850728741
MA1565.1	33308	0.814502048502657	0.0441311941958859
MA1566.1	33308	0.881777712857753	0.038890904425526
MA1567.1	33308	0.854941531204932	0.043033787307355
MA1568.1	33308	0.813433050484342	0.0393416984418223
MA1569.1	33308	0.863733182690682	0.0639317796019254
MA1570.1	33308	0.864797977249691	0.0474117852100856
MA1571.1	33308	0.751784467822085	0.0468493100463211
MA1572.1	33308	0.759527533029364	0.0464582272902032
MA1573.1	33308	0.713644349938456	0.0577397156031762
MA1574.1	33308	0.7996333780771	0.0385522261982287
MA1575.1	33308	0.736838702900331	0.0412933486742593
MA1576.1	33308	0.739900855084826	0.0365795011420552
MA1577.1	33308	0.850852499541793	0.0797251779715467
MA1578.1	33308	0.865033812826868	0.0653696952412364
MA1579.1	33308	0.833481848313274	0.054709410852296
MA1580.1	33308	0.789631449633116	0.0579158520285656
MA1581.1	33308	0.820709666365893	0.0498629536055496
MA1583.1	33308	0.812450445482673	0.0555680301657681
MA1584.1	33308	0.766234259559506	0.0483558308011331
MA1585.1	33308	0.796027565112908	0.0510548969166276
MA1587.1	33308	0.773656671747899	0.0456559224021761
MA1588.1	33308	0.733801370038437	0.043749097680204
MA1589.1	33308	0.685204654747019	0.0356952121849739
MA1592.1	33308	0.78095114528833	0.0399886750263409
MA1593.1	33308	0.803535582178762	0.0507322123960851
MA1594.1	33308	0.684294457923964	0.0326947187370493
MA1596.1	33308	0.760327040785183	0.0601403113191239
MA1597.1	33308	0.706963321199289	0.0415016553016109
MA1599.1	33308	0.759536029250133	0.0532080408767565
MA1600.1	33308	0.728165723861947	0.0370788929502169
MA1601.1	33308	0.837259571620571	0.0548491337198805
MA1602.1	33308	0.78859273264706	0.0465727976864324
MA1603.1	33308	0.769027933345312	0.0547934455981802
MA1604.1	33308	0.796320915739303	0.0547852933263436
MA1606.1	33308	0.825563824675345	0.0678699605719311
MA1607.1	33308	0.787250773417547	0.0633937411757415
MA1608.1	33308	0.824892785142638	0.0577866055068845
MA1615.1	33308	0.815068808667766	0.0585842486446218
MA1616.1	33308	0.776669087603883	0.0448018889194834
MA1618.1	33308	0.822823698132712	0.0530257528833515
MA1619.1	33308	0.826594829076074	0.0574727667159829
MA1620.1	33308	0.833348217684056	0.0533322019651965
MA1621.1	33308	0.830202763372841	0.0515876138723253
MA1622.1	33308	0.797346116172357	0.060516460902771
MA1623.1	33308	0.798925702339554	0.0626283419518791
MA1624.1	33308	0.811548211505703	0.0567732237137419
MA1625.1	33308	0.79729328592907	0.059245406647239
MA1627.1	33308	0.823304775133517	0.0629058907264066
MA1628.1	33308	0.865840912492973	0.0544761421820214
MA1629.1	33308	0.80257412049988	0.0500244916076657
MA1630.1	33308	0.8126362287612	0.0661791117199469
MA1100.2	33308	0.871518268924206	0.0490973953903675
MA0605.2	33308	0.740057990979279	0.0645844775703013
MA0877.2	33308	0.889086657023904	0.0459858642337341
MA0462.2	33308	0.79898202161168	0.060846670408955
MA0463.2	33308	0.746255751413277	0.0432035981804168
MA0878.2	33308	0.791712345219106	0.0580704392054359
MA0864.2	33308	0.749381006699596	0.0430427133653074
MA0469.3	33308	0.693419639283298	0.0420872778725007
MA0470.2	33308	0.741983512858912	0.0446063511306053
MA0612.2	33308	0.843089646172149	0.0673085681834407
MA0847.2	33308	0.823670237649975	0.0548227051025145
MA0766.2	33308	0.853867136392041	0.0533104534280598
MA0038.2	33308	0.799864706990788	0.0487745615962956
MA0734.2	33308	0.760606935304354	0.0440775056291985
MA0893.2	33308	0.898105527120686	0.0521229276001645
MA1099.2	33308	0.844754084103388	0.0653140201619481
MA0616.2	33308	0.800644848929432	0.0644400519719878
MA0650.2	33308	0.800260702952347	0.0551421799696464
MA0900.2	33308	0.842988179097223	0.0698712715388033
MA0158.2	33308	0.870261920394394	0.0571453058508105
MA0594.2	33308	0.862468665769022	0.0436428623598613
MA0902.2	33308	0.880939171495057	0.0616440980708478
MA0904.2	33308	0.860094689758315	0.0600167214442204
MA0485.2	33308	0.786152816665628	0.0564855603750003
MA0909.2	33308	0.814301368418402	0.0475757333529249
MA0912.2	33308	0.827413701006913	0.0623796502448767
MA0910.2	33308	0.869467692345621	0.0603002632542231
MA0913.2	33308	0.823575135603848	0.0633556557661127
MA1140.2	33308	0.720376742667358	0.0603531735296067
MA0701.2	33308	0.839176239879294	0.067039138565118
MA0702.2	33308	0.810054824767904	0.0785973811262577
MA0703.2	33308	0.76035000923337	0.0831240412930298
MA0623.2	33308	0.798629934300937	0.0513087003865157
MA0842.2	33308	0.78315849329357	0.0465917247200937
MA0682.2	33308	0.851517556452741	0.0622851876845833
MA0075.3	33308	0.82375660572627	0.0761414967623257
MA0867.2	33308	0.872470781401096	0.0541661960220694
MA0868.2	33308	0.838229481488669	0.054660306348865
MA0079.4	33308	0.810720446629902	0.0661197034739456
MA0516.2	33308	0.787752816323553	0.0570221646602914
MA0746.2	33308	0.849274446820139	0.0671073488921676
MA0632.2	33308	0.828332916088533	0.0660839742376586
MA0871.2	33308	0.793849239652373	0.0600147588626622
MA0753.2	33308	0.802259515888365	0.0719855214955582
MA0122.3	33308	0.785507810304058	0.0554469277388832
MA1631.1	33308	0.833950952873319	0.0540479892330479
MA1632.1	33308	0.784627117456481	0.061118640313938
MA1633.1	33308	0.76935737181697	0.0530046782423989
MA1634.1	33308	0.800655607814839	0.0611041684617358
MA1635.1	33308	0.853394667475998	0.0673940951378702
MA1636.1	33308	0.765735034541712	0.0513397187799653
MA1637.1	33308	0.795610665309024	0.0564506620146572
MA1638.1	33308	0.866737231310337	0.0589172294653778
MA1639.1	33308	0.792107721859108	0.0586692290640064
MA1640.1	33308	0.764527376803693	0.0604139715686264
MA1641.1	33308	0.818704327338206	0.0568864480397142
MA1642.1	33308	0.835221824887523	0.0513180086330022
MA1643.1	33308	0.707202033694208	0.0460436906044541
MA1644.1	33308	0.824344576867887	0.0634673709663766
MA1645.1	33308	0.816594603862395	0.0473455251818741
MA1646.1	33308	0.844319122851229	0.0515516690156175
MA1647.1	33308	0.848256396400218	0.0529869523591433
MA1648.1	33308	0.865827715834835	0.0565346511858856
MA1649.1	33308	0.847679544275899	0.0549730186798188
MA1650.1	33308	0.808147130968644	0.0720231936226887
MA1651.1	33308	0.733189223853032	0.0508091105307013
MA1652.1	33308	0.819164866791899	0.0513560719912861
MA1653.1	33308	0.842041464709178	0.0801940518695485
MA1654.1	33308	0.700151968996507	0.0336268752905666
MA1655.1	33308	0.822907905614653	0.0506476048097141
MA1656.1	33308	0.796383720058226	0.0497817966406256
MA1657.1	33308	0.775911366863948	0.0580152320511583
MA1683.1	33308	0.82608477838717	0.0652302567642736
MA0833.2	33308	0.767528806240305	0.0526930514125852
MA0835.2	33308	0.798863391083141	0.0594751439812567
MA0465.2	33308	0.796000693288679	0.0636758146086753
MA0102.4	33308	0.768368719350514	0.0535272352951477
MA0836.2	33308	0.783046960778812	0.0546175091574623
MA0018.4	33308	0.794602098517862	0.0663333992651744
MA1102.2	33308	0.827598217522478	0.0654085745202882
MA0471.2	33308	0.843185125931658	0.0575745677700692
MA0154.4	33308	0.777051018999843	0.0515699524338933
MA0162.4	33308	0.805645217251476	0.0702210500947674
MA0598.3	33308	0.805515747438782	0.0514456529559477
MA0473.3	33308	0.808132316484382	0.0521725556671759
MA0640.2	33308	0.821295468817644	0.0503754669064872
MA0592.3	33308	0.783139057901717	0.0541709571009508
MA0761.2	33308	0.816193094159355	0.0520890888022483
MA0764.2	33308	0.88597530913391	0.06188628516473
MA0765.2	33308	0.850845556892708	0.0559596715403964
MA0477.2	33308	0.788155199069369	0.0597712246000675
MA0148.4	33308	0.797880586715341	0.0626645382903908
MA0047.3	33308	0.823175811019955	0.0650300898838819
MA1103.2	33308	0.823996683016085	0.065332076865759
MA0481.3	33308	0.829106643379824	0.0658869127242948
MA0062.3	33308	0.808025572939359	0.0515675559892374
MA0035.4	33308	0.818956968851418	0.0568787056939698
MA0482.2	33308	0.810547791988849	0.0542275520735993
MA1104.2	33308	0.789420251088294	0.0578586833229449
MA1105.2	33308	0.791743618146595	0.0528930673100888
MA0043.3	33308	0.78075151850509	0.057560822407982
MA0114.4	33308	0.786482859453525	0.0530035954466044
MA0484.2	33308	0.79097695720652	0.0521470485331527
MA0901.2	33308	0.779188534923216	0.0699552590734482
MA0490.2	33308	0.774996935444019	0.060804506655755
MA0491.2	33308	0.777681882474599	0.0601829280220425
MA0039.4	33308	0.87475866250699	0.0708479100834099
MA1107.2	33308	0.795826639613774	0.0607085072569082
MA0700.2	33308	0.812825314545564	0.0670997401541888
MA0495.3	33308	0.750122857183795	0.0492935940629765
MA0659.2	33308	0.754897050713488	0.048157408926755
MA0496.3	33308	0.74714474547403	0.050700409120076
MA0052.4	33308	0.773631721545147	0.065619422851338
MA0620.3	33308	0.754102091606252	0.0535109038367951
MA1108.2	33308	0.87004869059868	0.0618532936242401
MA0499.2	33308	0.823622348514053	0.0494377636793938
MA0500.2	33308	0.824312518162332	0.0631013463522059
MA0056.2	33308	0.817505334444178	0.0495391456117842
MA0089.2	33308	0.744247283892594	0.0475897386607113
MA0025.2	33308	0.780473886942085	0.0620727680793688
MA0502.2	33308	0.803319376964553	0.0573364444777594
MA0063.2	33308	0.842147181905755	0.0533601884013255
MA1112.2	33308	0.826749397700789	0.0557333473822315
MA0679.2	33308	0.731377582943836	0.0714502081438728
MA0712.2	33308	0.827607744086615	0.0573495086828822
MA1113.2	33308	0.775886688052284	0.0644377608246224
MA0681.2	33308	0.717307433156328	0.078801620842271
MA0782.2	33308	0.775588348919532	0.0527464572367693
MA0627.2	33308	0.778220121152383	0.0671948312623239
MA0508.3	33308	0.853827112563582	0.0579981288673465
MA0509.2	33308	0.778548861760638	0.0513043815418807
MA0798.2	33308	0.775998948835498	0.0506417245177647
MA0684.2	33308	0.829413961033901	0.0538745831514661
MA0743.2	33308	0.763262845802233	0.0461018554401402
MA0744.2	33308	0.766539860745086	0.0458661355683687
MA0745.2	33308	0.812498254517205	0.0515491090163858
MA0143.4	33308	0.832405590317399	0.0573928582979883
MA0080.5	33308	0.755071012777302	0.0465963624249544
MA0081.2	33308	0.779705749219671	0.0463539774633589
MA0829.2	33308	0.768210932878731	0.0505641706863575
MA0522.3	33308	0.866488621381323	0.0556744776620949
MA0830.2	33308	0.831752064726519	0.0538730958915258
MA0769.2	33308	0.83839607694507	0.0580235013513353
MA0090.3	33308	0.796333975191867	0.0525478608283865
MA0809.2	33308	0.815691002652286	0.0529861672936896
MA0003.4	33308	0.809520276691366	0.0565127115753872
MA0814.2	33308	0.813597559066135	0.05821548681205
MA1123.2	33308	0.820963070873935	0.0517913090308611
MA0093.3	33308	0.774749222800978	0.0533567142316012
MA0526.3	33308	0.774203233629486	0.0543495805989351
MA0748.2	33308	0.81316586719012	0.0613272192344622
MA0528.2	33308	0.848956898806044	0.0634185769734458
MA0609.2	33308	0.728876715257585	0.0606189673675554
