[SHORT TFBS MATRIX]
MA0004.1	33378	0.882743778632803	0.0668296433620795
MA0069.1	33378	0.795857490691091	0.0349555553335881
MA0071.1	33378	0.867733005604259	0.0494237720220655
MA0074.1	33378	0.782961223921276	0.0371841040757117
MA0101.1	33378	0.890132085550275	0.0390149655309858
MA0107.1	33378	0.849097187378445	0.0474071579156153
MA0111.1	33378	0.883944253289208	0.0288275402599704
MA0115.1	33378	0.710274824956738	0.0424573313955913
MA0116.1	33378	0.842289890764406	0.0401827995290026
MA0119.1	33378	0.760612890468332	0.0472619799640864
MA0130.1	33378	0.982241941748592	0.0247648507695174
MA0142.1	33378	0.794453791998996	0.0429643409239917
MA0149.1	33378	0.716702650722054	0.0592277745178491
MA0151.1	33378	0.961879607773012	0.054842471881493
MA0155.1	33378	0.867617910603892	0.0375330874503443
MA0159.1	33378	0.816742152911448	0.0323422417718204
MA0163.1	33378	0.808098174127665	0.0457739468793608
MA0145.2	33378	0.850778325733184	0.0371665193461863
MA0468.1	33378	0.844968435954021	0.0454850066844741
MA0515.1	33378	0.903591025060887	0.0427768437431039
MA0258.2	33378	0.826160006768628	0.0383181677408099
MA0595.1	33378	0.873114167520084	0.0418714805584413
MA0596.1	33378	0.859144771614449	0.0430312733885455
MA0599.1	33378	0.938894812346685	0.0523510633101681
MA0604.1	33378	0.85876916354225	0.050997288778159
MA0608.1	33378	0.853153459054126	0.0484945359832311
MA0613.1	33378	0.885230632732655	0.0584796121012118
MA0614.1	33378	0.909533428249562	0.0503295584016996
MA0636.1	33378	0.795135472469131	0.0529293667244772
MA0641.1	33378	0.796414413680191	0.0471336475205973
MA0042.2	33378	0.902136333904751	0.0521821236691058
MA0033.2	33378	0.936732897212489	0.0491074470332441
MA0153.2	33378	0.777047973748579	0.0528807539020156
MA0486.2	33378	0.780021042180688	0.0496801177191801
MA0653.1	33378	0.72470800066154	0.0428120427713141
MA0655.1	33378	0.814844663472923	0.0539110153882798
MA0660.1	33378	0.797946423283139	0.0520409401491615
MA0663.1	33378	0.797040043780512	0.050667473112586
MA0665.1	33378	0.83943534728254	0.0429836556887272
MA0667.1	33378	0.829409492718061	0.0467469835529289
MA0669.1	33378	0.832900740601269	0.0448613878954341
MA0676.1	33378	0.880677508581343	0.044483253852389
MA0678.1	33378	0.838024632894004	0.0459626347129873
MA0068.2	33378	0.865725405393227	0.0523935674852661
MA0512.2	33378	0.756138458075266	0.0443744555652472
MA0083.3	33378	0.721761433236899	0.0439168645294773
MA0009.2	33378	0.734257747460282	0.0404969223337376
MA0689.1	33378	0.834482321583064	0.0407082909297842
MA0691.1	33378	0.830276699744231	0.0511366461636053
MA0696.1	33378	0.780277463503836	0.0439253800963137
MA0713.1	33378	0.82832433019742	0.0538319353345511
MA0715.1	33378	0.806437463350881	0.0594914902387663
MA0724.1	33378	0.86855854466463	0.0490944938520277
MA0728.1	33378	0.743584247295595	0.0450442262968217
MA0729.1	33378	0.72619803524413	0.0410861753988838
MA0730.1	33378	0.737223823657054	0.0396230857360264
MA0731.1	33378	0.706507623459525	0.0415318477122679
MA0472.2	33378	0.814894560017034	0.0481183154640639
MA0736.1	33378	0.794902321741505	0.0410357724807291
MA0737.1	33378	0.75685407225784	0.0385716571629913
MA0741.1	33378	0.885975923972246	0.0582607629717746
MA0088.2	33378	0.77151189299335	0.0397460047261535
MA0758.1	33378	0.717888346757302	0.0451139532074761
MA0770.1	33378	0.793675068737429	0.0480619926191756
MA0771.1	33378	0.817196762086188	0.0452580909706084
MA0773.1	33378	0.810904248743018	0.0531306701852595
MA0774.1	33378	0.89975308562773	0.0490201967759032
MA0776.1	33378	0.773752627377212	0.0409498886597868
MA0777.1	33378	0.738939637912572	0.0383212421836515
MA0105.4	33378	0.735157622366314	0.0503784662425057
MA0780.1	33378	0.789058053366606	0.0596016229615207
MA0783.1	33378	0.758721534311099	0.0482177648780887
MA0787.1	33378	0.823342973594408	0.0540428963938656
MA0788.1	33378	0.817218985651715	0.0517172390445539
MA0789.1	33378	0.849388486535124	0.0581277672811934
MA0792.1	33378	0.868888226818324	0.0528611143614785
MA0794.1	33378	0.785824612353316	0.0404726630043684
MA0795.1	33378	0.793154671370854	0.0473611591587736
MA0796.1	33378	0.735167034809267	0.050892227497313
MA0797.1	33378	0.766012002662159	0.0472599251003151
MA0511.2	33378	0.859952418337794	0.0443324985196934
MA0801.1	33378	0.885765572907907	0.0453209363180876
MA0803.1	33378	0.866382658859735	0.0502766321212349
MA0805.1	33378	0.867577265527125	0.0502051592599159
MA0806.1	33378	0.892936179944112	0.043452630474482
MA0807.1	33378	0.900311611102743	0.0409094041094701
MA0808.1	33378	0.909012576096082	0.04786544970463
MA0813.1	33378	0.822853025090307	0.0520385908609951
MA0815.1	33378	0.814122120731039	0.0542315893461241
MA0816.1	33378	0.860159389290053	0.0472516563492407
MA0822.1	33378	0.742680973908539	0.0511167743827398
MA0823.1	33378	0.822215310120667	0.0557439959840636
MA0826.1	33378	0.821807345608731	0.0488011882707661
MA0827.1	33378	0.858753733304076	0.0414496044446648
MA0838.1	33378	0.805251871194028	0.0437993729066334
MA0845.1	33378	0.855159734344609	0.0518057264031557
MA0032.2	33378	0.882959759011779	0.0491739541802527
MA0848.1	33378	0.919938241651261	0.0478036310634724
MA0849.1	33378	0.905891419716061	0.0521328525539761
MA0850.1	33378	0.947048835807291	0.0334109448149393
MA0855.1	33378	0.752963952986646	0.0444810142111245
MA0856.1	33378	0.763465943850537	0.0436703715190808
MA0857.1	33378	0.719764815595172	0.0449524592019471
MA0858.1	33378	0.732691789732972	0.0408224114612959
MA0860.1	33378	0.722705829791867	0.0410879863079461
MA0525.2	33378	0.727055116318206	0.0366088922075813
MA0106.3	33378	0.735150261475394	0.0364066062820761
MA0862.1	33378	0.838709266211557	0.0458037784985406
MA0863.1	33378	0.746394504931913	0.0385355471742873
MA0024.3	33378	0.779109155275881	0.04303553209632
MA0866.1	33378	0.738143656174616	0.0469243548777281
MA0870.1	33378	0.738999578160524	0.0465605766472039
MA0872.1	33378	0.808761990413621	0.0555031279591846
MA1124.1	33378	0.755423828113832	0.0532442275694254
MA1155.1	33378	0.76908977897807	0.0429432070793169
MA1127.1	33378	0.785182668746255	0.0519555700150199
MA1129.1	33378	0.795074060400664	0.0517675167448954
MA1136.1	33378	0.808753638390619	0.050505495690435
MA1420.1	33378	0.772826072342925	0.0370441977373009
MA1421.1	33378	0.809999669306209	0.042323889420627
MA1468.1	33378	0.881919809045666	0.0375246053691345
MA1485.1	33378	0.785263648105469	0.0427420431091069
MA1489.1	33378	0.824944574270478	0.0713927164263
MA1493.1	33378	0.822013194789804	0.042033690598114
MA1509.1	33378	0.819822684348727	0.0423051256111903
MA1538.1	33378	0.758505412085978	0.040998969377015
MA1539.1	33378	0.744683338782131	0.0421062198036555
MA1555.1	33378	0.782116917475483	0.0391658555442054
MA1556.1	33378	0.777295376611958	0.0407203353001291
MA1557.1	33378	0.812630583769528	0.0438216794460164
MA1570.1	33378	0.897165705698474	0.0406059899037918
MA1571.1	33378	0.778859747631048	0.0444430425388477
MA1572.1	33378	0.78680445402097	0.0438371868551344
MA1580.1	33378	0.83118678739228	0.0510326903649518
MA1587.1	33378	0.796611213298777	0.0439764925975065
MA1588.1	33378	0.764006648034493	0.0393228536347392
MA1594.1	33378	0.70523487748829	0.0295313422114509
MA1596.1	33378	0.784876008941189	0.0666011740615018
MA1597.1	33378	0.7299145251875	0.0389355312962265
MA0158.2	33378	0.908511897112767	0.046972214623972
MA0912.2	33378	0.869505607367114	0.053741983540464
MA0623.2	33378	0.835961286431395	0.0476767722135647
MA2093.1	33378	0.92240534129606	0.0431869046504723
MA2094.1	33378	0.795270623939166	0.0332190645726015
MA2095.1	33378	0.833836776471986	0.0459802650528242
MA2096.1	33378	0.855154192077774	0.0458523060441246
MA1715.1	33378	0.749547912362349	0.0405336035481842
MA2097.1	33378	0.800425062760392	0.0449040389473533
MA2098.1	33378	0.878841497842328	0.0478286640988271
MA2099.1	33378	0.894751874918417	0.0503610814493313
MA1718.1	33378	0.69635761233332	0.039644327554706
MA2100.1	33378	0.672398592489753	0.0394860651950355
MA2101.1	33378	0.809600864634017	0.0431286536726034
MA1684.1	33378	0.974893451604406	0.0413778163608093
MA2102.1	33378	0.82494288807587	0.0505614186488228
MA1931.1	33378	0.755672055688239	0.0400013614351864
MA1957.1	33378	0.768065302414246	0.0387564190720574
MA1962.1	33378	0.771254831344375	0.0425416026405304
MA1972.1	33378	0.842702605561841	0.0386976028546272
MA1980.1	33378	0.803029033058236	0.0351667311269194
MA1985.1	33378	0.761098106661122	0.0417023326885744
MA2117.1	33378	0.89355200640054	0.0531922332594289
MA2118.1	33378	0.874738584460266	0.0525665680644353
MA2119.1	33378	0.92064994531641	0.0530665144148999
MA2120.1	33378	0.849184093657034	0.0353801243295861
MA2121.1	33378	0.837070647825819	0.0568148388924503
MA2122.1	33378	0.807286386546068	0.0491266603490998
MA2123.1	33378	0.868325057995442	0.0463038826088918
MA2124.1	33378	0.894041917736016	0.0704155289255364
MA2125.1	33378	0.885845762955435	0.0530906396615696
MA2126.1	33378	0.846160726704521	0.059341193166789
MA0079.5	33378	0.906989049045557	0.0746062425697227
MA0509.3	33378	0.726009022108611	0.0476557180130705
MA0516.3	33378	0.913482290108479	0.0663054178156716
MA0607.2	33378	0.813956270340616	0.0478896871045367
MA0685.2	33378	0.919679401422005	0.0674493380971826
MA0740.2	33378	0.922238159675377	0.0625084798510602
MA0742.2	33378	0.900774957986596	0.0726198681756573
MA0798.3	33378	0.726808833107071	0.0464253866696334
MA0818.2	33378	0.830847795497603	0.0477735335899127
MA0821.2	33378	0.83256153960834	0.0493604253562991
MA0831.3	33378	0.786825401884438	0.0540559186262643
MA0878.3	33378	0.847486729766914	0.0488155737035432
MA0884.2	33378	0.808292585637483	0.0495924605515803
MA1511.2	33378	0.912612169906545	0.0677128685462451
MA1532.2	33378	0.77232996053761	0.0375774451794476
MA1547.2	33378	0.887185267542959	0.0612706794974551
MA1563.2	33378	0.942363529760106	0.0391446109139987
MA1573.2	33378	0.762149447778864	0.0559970867230531
MA1601.2	33378	0.806135139007619	0.0410750788440068
MA1633.2	33378	0.834280161456577	0.0520950488520446
MA2323.1	33378	0.727424833880592	0.0430667533978576
MA2324.1	33378	0.899729470725138	0.0518596679286206
MA2325.1	33378	0.830602436858143	0.0483320943887286
MA2326.1	33378	0.960067954353111	0.0640041175900192
MA2327.1	33378	0.872308986045569	0.0635439925980506
MA2328.1	33378	0.8360039755594	0.0790417503798408
MA2329.1	33378	0.841002899621333	0.0541567700288271
MA2330.1	33378	0.827953173518984	0.0554621604564858
MA2331.1	33378	0.701140839329054	0.0334232750634516
MA2332.1	33378	0.861114040863085	0.0496297842873849
MA2333.1	33378	0.876411660449253	0.0630064770702336
MA2334.1	33378	0.769257072407648	0.0406248071116318
MA2335.1	33378	0.678997739738751	0.0366338765853137
MA2336.1	33378	0.906862128987614	0.0509394689567883
MA2337.1	33378	0.958123985843923	0.0627038596766757
MA2338.1	33378	0.901641167230813	0.0547079458905387
MA2339.1	33378	0.879220433542637	0.0482236932052361
MA2340.1	33378	0.809798503139377	0.0508492403128893
MA2341.1	33378	0.909394147755582	0.0487272757500913
MA0619.2	33378	0.936985207107334	0.0603635781112253
MA0006.2	33378	0.946272954367299	0.063786834262922
MA0854.2	33378	0.861538130365747	0.0613646132477526
MA0634.2	33378	0.931578944391491	0.056158824932281
MA0853.2	33378	0.808846695021897	0.0501515688310073
MA0690.3	33378	0.829766453354838	0.0439101692691115
MA0007.4	33378	0.759331023453691	0.0414927159647391
MA1463.2	33378	0.853930629725323	0.0650920688015219
MA0601.2	33378	0.922900531747145	0.0565397686231767
MA0602.2	33378	0.87466121200171	0.0597297881755854
MA0259.2	33378	0.942158393322073	0.0675831726468683
MA1464.2	33378	0.84293743524233	0.0585020988061085
MA0603.2	33378	0.848626726517571	0.0558525216400619
MA0874.2	33378	0.841154525777718	0.0544930359035165
MA1100.3	33378	0.908459081304704	0.0432605048989429
MA1631.2	33378	0.875646230934067	0.0519411208826803
MA1632.2	33378	0.829276505983779	0.0550340212144523
MA1988.2	33378	0.889448748693105	0.0561776513892937
MA0605.3	33378	0.781274117025571	0.0593806909957744
MA0833.3	33378	0.817930367037401	0.048770458922381
MA1466.2	33378	0.75386174043283	0.0418528812378898
MA0834.2	33378	0.769987030010096	0.0571025175350593
MA0461.3	33378	0.886796887155728	0.046452979407635
MA1467.3	33378	0.902837985879122	0.0562581831295058
MA0591.2	33378	0.803703875366025	0.0447504701335853
MA0496.4	33378	0.81597977111304	0.0512802994713575
MA1101.3	33378	0.795604502887684	0.049110867122024
MA1470.2	33378	0.73156387920376	0.0374752125155844
MA0877.4	33378	0.911613870569855	0.0490504540205905
MA0635.2	33378	0.949875034753372	0.0390550775198025
MA0875.2	33378	0.948893917279934	0.0492425611280794
MA1471.2	33378	0.88994406146968	0.0492497427049002
MA1634.2	33378	0.887756395102256	0.0574971251331902
MA0462.3	33378	0.887672738034534	0.0574195557010411
MA0489.3	33378	0.855807352041684	0.0553319423636176
MA0488.2	33378	0.844837815103222	0.0499410394974307
MA0835.3	33378	0.890248778253778	0.0561672093774701
MA1989.2	33378	0.854400311907405	0.0508262445269918
MA0463.3	33378	0.789867769524331	0.0421178622881982
MA1472.3	33378	0.865630179648525	0.0527775485835762
MA1635.2	33378	0.899508185915988	0.0789410867383528
MA0817.2	33378	0.820664842449525	0.049479740239658
MA0464.3	33378	0.848115516977307	0.0572942649719474
MA1928.2	33378	0.881625937991523	0.0586522475948705
MA0876.2	33378	0.959522988757793	0.0437519166184597
MA0465.3	33378	0.864548018792853	0.0545946151128686
MA1473.2	33378	0.872062072902808	0.0534625213357209
MA0102.5	33378	0.821894735792891	0.0466759993430875
MA0466.4	33378	0.770500094875877	0.0442070396661516
MA0836.3	33378	0.862951736677141	0.0518445132659797
MA0837.3	33378	0.774315515596138	0.0439350915181034
MA1636.2	33378	0.819456385904075	0.046812884188179
MA0819.3	33378	0.89555773937178	0.0500252847064891
MA0018.5	33378	0.857124954786086	0.0613872639432777
MA0638.2	33378	0.787480878244938	0.0425369966298372
MA0839.2	33378	0.7584850789452	0.040887353006288
MA1474.2	33378	0.825167354375434	0.0434986030614772
MA1475.2	33378	0.831999248371069	0.0522317775491872
MA0840.2	33378	0.795300530347256	0.0562941150265853
MA0609.3	33378	0.777575679177989	0.0581731323629183
MA0467.3	33378	0.896190219861508	0.0714320142302589
MA0139.2	33378	0.819637724553951	0.0455001895886358
MA1929.2	33378	0.703568786508171	0.039168581574831
MA1930.2	33378	0.693554084395249	0.0361784229129322
MA1102.3	33378	0.876337789288285	0.0585276370425244
MA0754.3	33378	0.816860377283435	0.0498142465794782
MA0650.4	33378	0.878948296562052	0.0511305384774945
MA0901.3	33378	0.860319238456746	0.0545526488700588
MA0755.2	33378	0.82121801218723	0.0534712856839251
MA0639.2	33378	0.830147140252148	0.0500584393245504
MA0019.2	33378	0.8648171009946	0.038069992287476
MA0879.3	33378	0.942100516183683	0.0467683552909551
MA0885.3	33378	0.844805543842775	0.0511872944443566
MA0880.2	33378	0.931641606199454	0.0566042920238643
MA0881.2	33378	0.932807872309591	0.0553580202913737
MA1476.3	33378	0.847007360200619	0.0517416727769263
MA0882.2	33378	0.934726081210282	0.0556039830310654
MA0883.2	33378	0.858904456500901	0.046506421807957
MA1603.2	33378	0.861304332902935	0.0544795168347091
MA0610.2	33378	0.905572351745454	0.0543942664299448
MA1707.2	33378	0.868992682482088	0.0444785987852024
MA1478.2	33378	0.970409113246912	0.0322372602821384
MA1479.2	33378	0.834936550167174	0.0440588038487291
MA1480.2	33378	0.85005882234974	0.0465188979650515
MA1481.2	33378	0.93387529556666	0.0572330297538998
MA0611.3	33378	0.790623677426027	0.0519569899966578
MA0864.3	33378	0.781758841127496	0.0420136966629536
MA0469.4	33378	0.723155810703829	0.0398691816260879
MA0756.3	33378	0.843581441431752	0.0495252935595334
MA0470.3	33378	0.765778236049018	0.042314999589376
MA0471.3	33378	0.886287560434137	0.0511583988347758
MA0865.3	33378	0.849270374116852	0.0499894969951452
MA0154.5	33378	0.812368573219104	0.0501775040555443
MA1604.2	33378	0.844627650160437	0.0540720637557555
MA1637.2	33378	0.844312053924091	0.0560731733206548
MA0162.5	33378	0.846449178332446	0.0572607182305474
MA0732.2	33378	0.800460964234926	0.059286890310706
MA0733.2	33378	0.823283575511992	0.0532478028994894
MA0598.4	33378	0.878444015849887	0.048087877888334
MA0473.4	33378	0.862523723180444	0.0503473107038821
MA1483.3	33378	0.855160073005537	0.0448394198598686
MA0640.3	33378	0.878633589184503	0.0472930646367476
MA0136.4	33378	0.902946008648182	0.0463139683081986
MA0028.3	33378	0.826284939100763	0.0544117382551265
MA0800.2	33378	0.855482288508165	0.0459227739215441
MA1708.2	33378	0.895348852981493	0.0406342364368355
MA1495.2	33378	0.937569502913293	0.0467551150554454
MA1932.2	33378	0.753376011981516	0.0364924449974873
MA0779.2	33378	0.766149717055554	0.033308536516452
MA0014.4	33378	0.844442868091406	0.0498309822127262
MA0781.2	33378	0.742058192741498	0.0356841029351133
MA0686.2	33378	0.829055344156791	0.0430803959538219
MA1933.2	33378	0.755522781749513	0.0401456336329089
MA0828.3	33378	0.770840690626818	0.0538363818892163
MA0843.2	33378	0.823107544373081	0.0491213360316071
MA0759.3	33378	0.828560538150396	0.0554003645026742
MA0076.3	33378	0.87751914205162	0.0494453865937601
MA0612.3	33378	0.91690112751262	0.0633294084331077
MA0886.2	33378	0.917991551247518	0.0595983587342151
MA0027.3	33378	0.94086739755762	0.0529343156674227
MA0642.3	33378	0.921618284817177	0.0488085040909159
MA0760.2	33378	0.858726546371877	0.0451959737643997
MA1934.2	33378	0.808364796237107	0.0420858147277886
MA0820.2	33378	0.95739662829816	0.0522647971045116
MA1935.2	33378	0.901142118606913	0.0362230956192472
MA1936.2	33378	0.871054709098329	0.0342259750519397
MA0480.3	33378	0.896172242758793	0.0506051649164839
MA1937.2	33378	0.834853903749212	0.036362681432397
MA0058.4	33378	0.887710101488771	0.0590521987387174
MA1938.2	33378	0.771543634641848	0.0362203614091747
MA0048.3	33378	0.861685236100393	0.0506761534835605
MA1939.2	33378	0.755750413476136	0.0344080320780557
MA0474.4	33378	0.855562697736264	0.0461934247665922
MA0112.4	33378	0.745845658302505	0.0430066496382907
MA0592.4	33378	0.84419113737045	0.0555639978748851
MA0141.4	33378	0.823880643980652	0.0534867505456387
MA0643.2	33378	0.868994586274555	0.049252828566467
MA0644.3	33378	0.908706623339904	0.0567637268772517
MA0098.4	33378	0.873482596705675	0.0450206315366802
MA1484.2	33378	0.869186848744053	0.0467488815185988
MA0761.3	33378	0.870239475203257	0.0484490294797215
MA0762.2	33378	0.851776324784635	0.0455616667703354
MA1940.2	33378	0.803298201706631	0.0405137298873193
MA1941.2	33378	0.792627866017325	0.0418950896893603
MA1942.2	33378	0.860512194676776	0.0421027892740955
MA1943.2	33378	0.807776733886904	0.0371013139689187
MA0763.2	33378	0.863216135367062	0.0415479712534962
MA0764.4	33378	0.85387254729636	0.0503330518102155
MA0765.4	33378	0.826252131236061	0.0537635305200259
MA1944.2	33378	0.812316257332963	0.038146766070916
MA1945.2	33378	0.799780549193179	0.0421206752948051
MA1946.2	33378	0.843068566491317	0.0359937555176077
MA1947.2	33378	0.880965274442178	0.0373988984729603
MA1948.2	33378	0.816388362144291	0.0361159299026997
MA0900.3	33378	0.915822406016005	0.0681780047811246
MA0645.2	33378	0.876121607826022	0.0474713009310435
MA0887.2	33378	0.946174243707926	0.0466741169507533
MA0888.2	33378	0.945737039924008	0.047569741842102
MA0156.4	33378	0.828602443315222	0.0520573913913168
MA0475.3	33378	0.857319367979329	0.0472442224112951
MA1949.2	33378	0.781097455350421	0.0358741913922436
MA1950.2	33378	0.847535670599459	0.0435218140433141
MA0476.2	33378	0.870089052392347	0.0562690861102759
MA1951.2	33378	0.749777005196629	0.0502544233079708
MA0099.4	33378	0.858140694338286	0.0488157232416679
MA1126.2	33378	0.807741213740965	0.051357049788121
MA1134.2	33378	0.846909773920617	0.0517859857535276
MA1140.3	33378	0.758838208465519	0.0547845643626393
MA0490.3	33378	0.822187301893556	0.0549716320235996
MA1141.2	33378	0.850791660663456	0.0512190024993854
MA0492.2	33378	0.842243183803454	0.0490559821255883
MA0491.3	33378	0.822183351513971	0.0549713668753636
MA1135.2	33378	0.853995383512603	0.0515148288547362
MA0477.3	33378	0.833504374251888	0.0542713833419531
MA1128.2	33378	0.854386225633001	0.0501726953919651
MA1137.2	33378	0.856124404712795	0.0482884317737578
MA1142.2	33378	0.896843970688648	0.0439766460824339
MA1143.2	33378	0.851096604114736	0.0457193571007811
MA0478.2	33378	0.867659409262109	0.0509333103426629
MA1130.2	33378	0.858671631515027	0.0498840905163001
MA1131.2	33378	0.815698553946067	0.0524682812783899
MA1138.2	33378	0.850252732350782	0.052605834948492
MA1139.2	33378	0.79076698833264	0.0559665489129903
MA1144.2	33378	0.850696425837945	0.0513138160068761
MA1145.2	33378	0.812854919974458	0.0539203959547927
MA0148.5	33378	0.861521586500483	0.0533648292602111
MA0047.4	33378	0.891605677597686	0.053521447927694
MA1683.2	33378	0.893519611377395	0.0546978765093133
MA0846.2	33378	0.885329762581687	0.0492755908923918
MA0031.2	33378	0.89602737538712	0.0531480804473617
MA0847.4	33378	0.872570994255424	0.0502439482917407
MA0041.3	33378	0.850284511682551	0.0534838964699739
MA1487.3	33378	0.855579017997426	0.0486816855233619
MA1606.2	33378	0.908576339081935	0.057300158451598
MA0030.2	33378	0.866133511064747	0.0499416975312424
MA0479.2	33378	0.88435496890512	0.0496473713623244
MA1952.2	33378	0.863289622121498	0.0394561801175762
MA0682.3	33378	0.915283046594955	0.0643363879949666
MA0851.2	33378	0.882297693966058	0.0520626238891876
MA0852.3	33378	0.901595912526146	0.0508133103619597
MA1103.3	33378	0.895298924884053	0.0548528888817923
MA1607.2	33378	0.846605210297323	0.05158911615534
MA1953.2	33378	0.831343867651514	0.0388353294355493
MA1954.2	33378	0.826729903724017	0.0421144894687867
MA1955.2	33378	0.820440179233696	0.0408373214363011
MA1956.2	33378	0.814318260527345	0.0395000879367413
MA0157.4	33378	0.898541023924126	0.0517492396410576
MA0481.4	33378	0.897356798317332	0.0541248059372599
MA0593.2	33378	0.897426227592185	0.0496417531089532
MA0040.2	33378	0.8685663617043	0.0484719831547306
MA0062.4	33378	0.844767411646729	0.0475736640365304
MA0035.5	33378	0.890693366054014	0.0505061087462746
MA0140.3	33378	0.809564730505777	0.042664061112052
MA0036.4	33378	0.892766160233852	0.0558910561873509
MA0037.5	33378	0.867434988564606	0.0505472996213286
MA0482.3	33378	0.869840059234032	0.0480494922851997
MA0766.3	33378	0.90556133207734	0.0529005540318774
MA1104.3	33378	0.868201410110367	0.0510759431006612
MA0889.2	33378	0.902703558758615	0.0616382281243053
MA0890.2	33378	0.921015687400265	0.0655655746694245
MA0646.2	33378	0.830245080251326	0.0395258083236861
MA0143.5	33378	0.900711669978245	0.0519960527447683
MA0767.2	33378	0.870947265729284	0.0410396940896879
MA0038.3	33378	0.835515636999508	0.0436864958727212
MA0483.2	33378	0.878139285951329	0.0417214557990192
MA1990.2	33378	0.824854622344164	0.0460483123932753
MA0734.4	33378	0.844514542667139	0.0470458023290118
MA1491.3	33378	0.74402617938775	0.0404975359182286
MA0735.2	33378	0.718100987207428	0.0412544858243734
MA0615.2	33378	0.902331531663236	0.0530095526247419
MA0647.2	33378	0.804503036899922	0.0471793023860311
MA1105.3	33378	0.861174219826077	0.0506293549102422
MA0648.2	33378	0.926588345350105	0.0580572097178486
MA0891.2	33378	0.933164663493872	0.0504207790231413
MA0892.2	33378	0.953373138036594	0.0412196971951009
MA0893.3	33378	0.947232243167105	0.0409692247830525
MA0092.2	33378	0.916062459389514	0.0338512695265354
MA0522.4	33378	0.907758222184762	0.0542187406812719
MA1638.2	33378	0.927850305629159	0.0710763298726212
MA1099.3	33378	0.880174586504525	0.0594556725213023
MA0616.3	33378	0.839139366489237	0.058354910755736
MA0894.2	33378	0.923178523286863	0.0664045061375609
MA0649.2	33378	0.848621295651779	0.0517462643101589
MA0739.2	33378	0.90416953972669	0.0406369952952451
MA0738.2	33378	0.975220977958248	0.0315962216568722
MA1106.2	33378	0.87982924564149	0.0623958599591064
MA0131.3	33378	0.860138623232853	0.0527498043662537
MA0043.4	33378	0.840147613387395	0.0528899627055111
MA0895.2	33378	0.916580494784829	0.0469937927640083
MA0896.2	33378	0.847750957252939	0.0494485397487341
MA0897.2	33378	0.793636884767094	0.0449776163929775
MA0898.2	33378	0.850515312330276	0.0498935570607068
MA1991.2	33378	0.84728488470641	0.0438210245545059
MA0046.3	33378	0.791576477239445	0.0528957670724904
MA1494.2	33378	0.761860404196541	0.0425371474523866
MA0114.5	33378	0.836095526198824	0.0497736971397594
MA0484.3	33378	0.839211674366409	0.0491252378901409
MA0899.2	33378	0.892682221629521	0.0496971922001009
MA0911.2	33378	0.865292204146793	0.0415866579449188
MA1496.2	33378	0.941299454879818	0.0395797791450556
MA1497.2	33378	0.924398949491694	0.0423975414571288
MA1498.3	33378	0.960758540535619	0.0428561168456512
MA0594.3	33378	0.914293892540349	0.0382691123135139
MA0902.3	33378	0.954404702511169	0.0505688370658019
MA1566.3	33378	0.851628719318119	0.0461879446293211
MA0903.2	33378	0.955881413410146	0.0455010433972348
MA1499.2	33378	0.936555342319126	0.0653031262029022
MA0904.3	33378	0.930255069989947	0.0555796544309081
MA1500.2	33378	0.937419325264138	0.0404694658710602
MA1501.2	33378	0.909914467078268	0.0474128722314865
MA1502.2	33378	0.929239901249804	0.0494861714874852
MA1503.2	33378	0.84056889933602	0.0472263704349859
MA0905.2	33378	0.879234979574252	0.0451758041389465
MA0651.3	33378	0.778938423049275	0.0446623680704016
MA0906.2	33378	0.818423458252134	0.0437529524499895
MA0907.2	33378	0.830811974440767	0.0477722469461368
MA1504.2	33378	0.950596321392575	0.0532994714626843
MA1505.2	33378	0.94793422754243	0.0415551086343107
MA0485.3	33378	0.828435297556118	0.0485255820166584
MA1506.2	33378	0.816343723980844	0.044877536641807
MA0908.2	33378	0.863723982509983	0.04452267696212
MA0873.2	33378	0.826337693062956	0.0436975082331389
MA1958.2	33378	0.758817226848749	0.0393095331220984
MA0909.4	33378	0.88889881540125	0.0645065416418164
MA1507.2	33378	0.9477122173046	0.0586378209858767
MA0910.3	33378	0.929313436073788	0.04960404645419
MA0913.3	33378	0.874429959417678	0.0517534202845544
MA1508.2	33378	0.89455405822954	0.0482457256489318
MA1992.2	33378	0.872108198027053	0.047737444832309
MA0050.4	33378	0.83104770844876	0.0475526515668555
MA0051.2	33378	0.796874075809398	0.0400827733913529
MA1418.2	33378	0.753305362399851	0.0420641383640797
MA1419.2	33378	0.73190417924992	0.0419208342170942
MA0772.2	33378	0.802328107100608	0.0432522412117495
MA0652.2	33378	0.746582680509672	0.042313560006207
MA1608.2	33378	0.883728812013501	0.0528202629341597
MA0914.2	33378	0.953482862941693	0.0416367977051679
MA0654.2	33378	0.918195052169071	0.0691450821554339
MA0656.2	33378	0.785697620624216	0.0575482829605359
MA1132.2	33378	0.884071003042565	0.0470481781242333
MA1133.2	33378	0.800034674526715	0.0491150559815267
MA0493.3	33378	0.941163592936187	0.0640883272116225
MA1512.2	33378	0.888600757691456	0.0535542118977499
MA0657.2	33378	0.759162032531976	0.0430744271507849
MA1513.2	33378	0.893863756858126	0.0878003585347874
MA1514.2	33378	0.806728136387032	0.0460221639862817
MA1515.2	33378	0.930051148234956	0.0564494511049284
MA1516.2	33378	0.855255070265909	0.061268350733705
MA0039.5	33378	0.915964621435575	0.0639428439771329
MA1517.2	33378	0.90495781576116	0.0512835764804187
MA1959.2	33378	0.927611030460418	0.0672359925117828
MA1107.3	33378	0.844658286773868	0.0536238898623547
MA0618.2	33378	0.911600301031037	0.0503278324012649
MA0699.2	33378	0.931689935997778	0.0562709528366794
MA0768.3	33378	0.871117558902821	0.0511214965796674
MA1518.3	33378	0.801868412732376	0.049668510658702
MA0700.3	33378	0.905207653154708	0.0650784957442362
MA0135.2	33378	0.841722673976072	0.0538357668877123
MA0704.2	33378	0.929968445632875	0.0485032920532848
MA1519.2	33378	0.89646802741859	0.0637735382970619
MA0658.2	33378	0.872325630789333	0.0543742599693018
MA0705.2	33378	0.939086260497162	0.0534837285906096
MA0701.3	33378	0.893938227104462	0.0588246443010664
MA0702.3	33378	0.874870997492766	0.0686366523937681
MA0703.3	33378	0.841582085708181	0.0697943456589115
MA1520.2	33378	0.782526880027904	0.0399793192759203
MA0501.2	33378	0.809451740471744	0.0457815845595824
MA0841.2	33378	0.797507522675712	0.0522614496659359
MA1521.2	33378	0.782872077128846	0.0403289797132167
MA0117.3	33378	0.850992561445547	0.0417773011514943
MA0495.4	33378	0.807798644450201	0.0452142374016635
MA0659.4	33378	0.783790629225708	0.0497547140655356
MA0089.3	33378	0.797551281277188	0.0476726610227832
MA0059.2	33378	0.827421387905857	0.0501054738313653
MA0147.4	33378	0.854197868612574	0.0546926341124601
MA1522.2	33378	0.909216025169763	0.0703238266560834
MA0029.2	33378	0.815402312512427	0.0458305856126203
MA0052.5	33378	0.840730349460138	0.0531323942265689
MA0497.2	33378	0.864439402545687	0.0457962336917469
MA0498.3	33378	0.985283287947863	0.035348061918298
MA1639.2	33378	0.84780376328701	0.0508735306160625
MA1640.2	33378	0.845771040250909	0.0542316607797182
MA0775.2	33378	0.939218680724196	0.0434729087559424
MA0661.2	33378	0.908486901501434	0.0526968929721394
MA0706.2	33378	0.91153014553752	0.0480645730852877
MA1960.2	33378	0.824195351592797	0.0430812922895611
MA0620.4	33378	0.806184990309288	0.0524677373241485
MA0621.2	33378	0.864573815534801	0.0757520958085041
MA0662.2	33378	0.934886326817307	0.0534908751641751
MA0622.2	33378	0.853256636107616	0.0735104379344229
MA0664.2	33378	0.862934012177143	0.0520043911708226
MA0825.2	33378	0.888837142763514	0.0556373506198678
MA0707.3	33378	0.954256604279362	0.0517557317294777
MA1523.2	33378	0.926562784850363	0.0443686547247966
MA1524.3	33378	0.84183427520981	0.0452802053936689
MA0666.3	33378	0.923957629493814	0.0605835340554142
MA0708.3	33378	0.927761518046389	0.0573206667350773
MA0709.2	33378	0.916378196054179	0.0650485634803782
MA1108.3	33378	0.925731962604997	0.066652983950928
MA0100.4	33378	0.912838614633741	0.0697351517392753
MA0104.5	33378	0.834529197836842	0.0564618728454823
MA1641.2	33378	0.861913103832106	0.055221602549633
MA0499.3	33378	0.866095397003205	0.047439621282035
MA0500.3	33378	0.877144276855318	0.062074517580378
MA0056.3	33378	0.871993153616297	0.0499300828348217
MA1109.2	33378	0.888708351905242	0.0493890648368928
MA1993.2	33378	0.901236685197532	0.0778274687326607
MA0668.3	33378	0.887113666764288	0.0495053898297792
MA1642.2	33378	0.905285510683696	0.0540864255349991
MA0606.3	33378	0.889088429456465	0.0487229529708128
MA0624.3	33378	0.946139500488132	0.0662748150468091
MA0152.3	33378	0.883826282555104	0.0516121471319589
MA0625.3	33378	0.976952116381344	0.0320587118095926
MA1525.3	33378	0.904641347815645	0.0485577267061732
MA0150.3	33378	0.807948820706857	0.0460850551654293
MA0670.2	33378	0.897412467293826	0.081202777285206
MA1643.2	33378	0.734326717490397	0.0446624319056719
MA0161.3	33378	0.892139666139778	0.0532040843499406
MA1527.2	33378	0.769630889898113	0.0485896859124098
MA0025.3	33378	0.844520773502313	0.0543756277998091
MA0671.2	33378	0.967132735035845	0.0303039289903832
MA1528.2	33378	0.785164758086707	0.0481978164446135
MA0778.2	33378	0.782310285550528	0.0538153661567764
MA0060.4	33378	0.874686732383213	0.054898064701422
MA0502.3	33378	0.856648142806532	0.0527315145210721
MA1644.2	33378	0.892165068314874	0.0549111077918819
MA1529.2	33378	0.75785459787556	0.0443895545375054
MA1994.2	33378	0.883803933919024	0.0525436726770691
MA1645.2	33378	0.869184853701114	0.0468714031967124
MA0672.2	33378	0.912963555066185	0.0427482464701659
MA2003.2	33378	0.920644101306191	0.0365677782536585
MA0063.3	33378	0.895834455357445	0.0477049587851591
MA0673.2	33378	0.931635488655042	0.0332825609871087
MA0124.3	33378	0.906263570243856	0.0463516786054691
MA0122.4	33378	0.842299968049315	0.0491695005578665
MA0674.2	33378	0.923981729544538	0.0516370144919282
MA0675.2	33378	0.954909854909804	0.0469939426592152
MA1530.2	33378	0.913838561893282	0.0483622469052321
MA0125.2	33378	0.936215927801752	0.0532167788528849
MA0710.2	33378	0.925741198164308	0.0493615469946643
MA0626.2	33378	0.88262850927828	0.0488894635004766
MA1995.2	33378	0.855727944780559	0.0520551047866328
MA1531.2	33378	0.793416081106045	0.0376811055332497
MA1996.2	33378	0.924003119319658	0.070203477366017
MA0494.2	33378	0.828797870140223	0.0316477717079514
MA1110.3	33378	0.933000478222986	0.0630886895627091
MA1146.2	33378	0.789748488094222	0.0367513002598394
MA1533.2	33378	0.811966445635478	0.0339068289793109
MA1534.2	33378	0.907328517105246	0.0463809268736582
MA1535.2	33378	0.963585653448892	0.0521390218363858
MA0504.2	33378	0.841554920015566	0.0357020847232701
MA1536.2	33378	0.979614974889593	0.0265465496648594
MA0164.2	33378	0.889945594195064	0.0678233285594819
MA0017.3	33378	0.85227579147002	0.0482641166848216
MA1537.2	33378	0.784806946238486	0.0424625859016189
MA1111.2	33378	0.900855374904484	0.0538092632676802
MA0677.2	33378	0.778133759891323	0.0434131210796295
MA0113.4	33378	0.765112998650579	0.0442419858023878
MA0727.2	33378	0.76578534286459	0.0441764447480925
MA1112.3	33378	0.880503829749663	0.0497439782277204
MA0160.3	33378	0.89823340411563	0.0442980529361628
MA1147.2	33378	0.802637156535661	0.0362353433644753
MA1540.3	33378	0.805585579381629	0.0602360862607469
MA0505.3	33378	0.853239168250262	0.055108385882446
MA1541.2	33378	0.799392852700431	0.0442641289107602
MA0506.3	33378	0.791874019590074	0.0704130618621233
MA0842.3	33378	0.824365122329611	0.0425895707692292
MA1997.2	33378	0.904187437272241	0.075822354825314
MA0679.3	33378	0.832317023953466	0.0599782428932907
MA0757.2	33378	0.795238017179918	0.0567469127229252
MA1542.2	33378	0.875368874606507	0.0458529450660852
MA1646.2	33378	0.887736807483766	0.0493510389390786
MA0711.2	33378	0.930286527342244	0.0552779786189123
MA0712.3	33378	0.902081869706636	0.0604223811770992
MA1544.2	33378	0.800959106519117	0.0462986804277594
MA1545.2	33378	0.846380463622345	0.046867669671783
MA1961.2	33378	0.90129115286806	0.0713374227090178
MA0067.3	33378	0.783116075213349	0.0326301898694577
MA1546.2	33378	0.779128148196802	0.0346733321341937
MA0680.3	33378	0.796892897388075	0.060355968024884
MA0070.2	33378	0.851288014639133	0.0457157575988806
MA1113.3	33378	0.840551486973709	0.0553652693561648
MA1114.2	33378	0.805381168759658	0.0477315051669112
MA0132.3	33378	0.941148500358167	0.0593791388367972
MA0681.3	33378	0.787260157693087	0.0602591235289702
MA0714.2	33378	0.930894446955258	0.0526075791849374
MA0782.3	33378	0.823738631923923	0.0502354376520852
MA1615.2	33378	0.870153367708396	0.0561057408934823
MA1548.2	33378	0.866989010289817	0.0617851775078364
MA0784.3	33378	0.767798794196435	0.0527211049607935
MA0785.2	33378	0.862288579247238	0.0534242081241983
MA0507.3	33378	0.783779025370136	0.0556538952795353
MA0627.3	33378	0.843480633126734	0.0571731951684517
MA0786.2	33378	0.85669374557348	0.0548653076271538
MA0790.2	33378	0.810840574165942	0.0579474911536328
MA0683.2	33378	0.743997607981605	0.0507249801951565
MA0791.2	33378	0.805413591887769	0.0583433150447946
MA1115.2	33378	0.903971391893805	0.0552969516063276
MA0628.2	33378	0.886448100266071	0.0697817536348031
MA1549.2	33378	0.903320180102829	0.0509013165734281
MA0793.2	33378	0.85444311421635	0.0539965167627275
MA1148.2	33378	0.787810238158595	0.0343658585071712
MA1550.2	33378	0.787841265407772	0.0409246964450022
MA0066.2	33378	0.770761824562245	0.0312896869611912
MA0065.3	33378	0.851242564680525	0.0359328850299841
MA0508.4	33378	0.916651318605383	0.0582248739621309
MA1998.2	33378	0.857671648378163	0.0503447599367198
MA1616.2	33378	0.81798080524706	0.0432119171813753
MA1647.3	33378	0.831780920391344	0.0439396938314395
MA1999.2	33378	0.813295952752936	0.0435288718424558
MA1723.2	33378	0.84010067715618	0.0452236427659421
MA0716.2	33378	0.934011215785177	0.0585500503675883
MA0075.4	33378	0.881923595766859	0.0669060433680003
MA1618.2	33378	0.867580139943809	0.0502588820325583
MA1619.2	33378	0.871615772237185	0.0553598346881471
MA1620.2	33378	0.88466417428912	0.0507689461675231
MA1149.2	33378	0.812620215346748	0.0359095940886952
MA1552.2	33378	0.782943105124023	0.03872320107378
MA0859.2	33378	0.742073697463117	0.0446682689109567
MA1553.2	33378	0.773999238908872	0.039709387193243
MA0718.2	33378	0.936565877719669	0.0575930320987656
MA0717.2	33378	0.935436071334609	0.0572894646698892
MA1116.2	33378	0.951232154256078	0.0635531584108304
MA1117.2	33378	0.88895403629007	0.0497588468552241
MA0138.3	33378	0.712931348989742	0.0389695390836348
MA0600.3	33378	0.756726861148061	0.0485324394649864
MA0799.3	33378	0.748651417926107	0.0492234625727521
MA0510.3	33378	0.745831961866794	0.0487778955134559
MA1724.2	33378	0.843441113620859	0.0510238505026004
MA1554.2	33378	0.913869783373994	0.0345217298606244
MA0629.2	33378	0.881565788940476	0.0400846034037314
MA0719.2	33378	0.981132241918152	0.0216946922728025
MA0072.2	33378	0.822843652462741	0.0475506117704383
MA1150.2	33378	0.869779917957253	0.0405816534307203
MA1151.2	33378	0.880615363488867	0.0389698576338738
MA0073.2	33378	0.830977888016712	0.0478225688413557
MA0002.3	33378	0.899391152828926	0.0398228711674747
MA0684.3	33378	0.883688363386433	0.0498451883931271
MA1963.2	33378	0.866655418698038	0.0628399893517526
MA0743.3	33378	0.8276010741847	0.0454576132930871
MA0744.3	33378	0.82505619784684	0.0456330215596674
MA0630.2	33378	0.939744469394066	0.0570695074001293
MA0720.2	33378	0.930162129998869	0.0621745807280405
MA1118.2	33378	0.854155894176912	0.0466066126899363
MA1119.2	33378	0.810089814574483	0.0443293468890771
MA0631.2	33378	0.799989838859197	0.0446771727918258
MA2001.2	33378	0.897438840388526	0.0510785195062053
MA1964.2	33378	0.93183955059104	0.0640992400829037
MA1153.2	33378	0.91327035720416	0.0624430649239888
MA1558.2	33378	0.926865539530553	0.0540651140646914
MA0745.3	33378	0.878263929811489	0.052220293821015
MA1559.2	33378	0.876571066072258	0.0494783931102067
MA1560.2	33378	0.837553150291744	0.0547317752088418
MA0442.3	33378	0.939322640064224	0.0678624782277817
MA0869.3	33378	0.887518168836956	0.0470745999264524
MA1561.2	33378	0.810255055485378	0.0421463085774279
MA1120.2	33378	0.897408328720927	0.0561918269294351
MA1562.2	33378	0.830674935996902	0.0458339944324721
MA1152.2	33378	0.956016041266391	0.0381457706271972
MA0078.3	33378	0.831521660190925	0.0467582589971402
MA0514.3	33378	0.89894934719273	0.0529810875459234
MA0867.3	33378	0.926836103018838	0.0454672600020611
MA0087.3	33378	0.876809037408692	0.0467356221376253
MA0868.3	33378	0.926410949038382	0.0484093826781489
MA0077.2	33378	0.89396517567041	0.0434513483896771
MA0746.3	33378	0.869885294127288	0.0605134453111223
MA1965.2	33378	0.960460246790345	0.0674782182375434
MA0747.2	33378	0.895641099510799	0.0473731068125049
MA1564.2	33378	0.894903923369662	0.0598099800507936
MA0080.7	33378	0.808211745729116	0.0441583051601902
MA0081.3	33378	0.818441865067658	0.042594923092723
MA0687.2	33378	0.839161059225802	0.0376400032606342
MA0829.3	33378	0.81301435160767	0.0486076659643235
MA0084.2	33378	0.95139430750466	0.0378431137793314
MA0137.4	33378	0.887657183891079	0.0480263886151478
MA0517.2	33378	0.84092785823446	0.042270233059835
MA1623.2	33378	0.860704799220689	0.0522041827721591
MA0144.3	33378	0.905894045339057	0.043777971960369
MA0518.2	33378	0.89223590130828	0.0437600249856857
MA1624.2	33378	0.860157851708795	0.0504898630896965
MA0519.2	33378	0.902517455561503	0.0436697684515391
MA1625.2	33378	0.857853891986568	0.054515868295194
MA0520.2	33378	0.878694104227897	0.0464085633698121
MA0091.2	33378	0.863271223308355	0.045029248663581
MA0108.3	33378	0.934107306072997	0.0524887156494143
MA0802.2	33378	0.853712990300065	0.0457434118882485
MA1565.2	33378	0.863567311959417	0.0442692210944696
MA0804.2	33378	0.735948182485333	0.0398205647241489
MA0688.2	33378	0.875986014820203	0.041987901244219
MA1567.3	33378	0.857511311886506	0.0458918869520202
MA0521.3	33378	0.909718114238909	0.0713821150406497
MA1648.2	33378	0.908443498086598	0.0544593558012837
MA0832.2	33378	0.795444647652491	0.0497596521159214
MA1568.2	33378	0.857742464613566	0.040237118217734
MA0830.3	33378	0.889179475126112	0.0526076492255048
MA0769.3	33378	0.909560698554096	0.0579226139635666
MA0523.2	33378	0.891231390198046	0.0434624833081258
MA0632.3	33378	0.868519910362104	0.0622582194157156
MA0090.4	33378	0.846285047541537	0.0501906183626041
MA1121.2	33378	0.894196626970709	0.0504482523080312
MA0809.3	33378	0.87353165265656	0.0499781950901091
MA0810.2	33378	0.893854301327097	0.0473999235636065
MA0003.5	33378	0.857638102857198	0.0572105697617874
MA0811.2	33378	0.879538333187417	0.0469362678175255
MA0812.2	33378	0.87365232492904	0.0563705976095983
MA0524.3	33378	0.876507446719504	0.0468395961112603
MA0814.3	33378	0.858861138272282	0.0557134830337926
MA1569.2	33378	0.896567137161599	0.0620700594244118
MA1966.2	33378	0.813312708856513	0.0419188373499997
MA1967.2	33378	0.752941917956208	0.0433536069461339
MA1968.2	33378	0.846656159223437	0.0423609472097061
MA1122.2	33378	0.867800768904676	0.0586605614558635
MA0692.2	33378	0.878791963690737	0.0496528424705547
MA0871.3	33378	0.834208021120319	0.058604259184094
MA0597.3	33378	0.893485474172593	0.0524130301402251
MA1969.2	33378	0.757569605705117	0.0358073390493789
MA1574.2	33378	0.827295233601536	0.0368481487222653
MA1575.2	33378	0.766546652010956	0.0402714579271991
MA1576.2	33378	0.765483096432381	0.0350200130494563
MA1577.2	33378	0.92634621231551	0.0757815728234952
MA0861.2	33378	0.77051492267784	0.0402685712534782
MA1970.2	33378	0.862527282665814	0.052927715462698
MA1123.3	33378	0.877678392846482	0.0490523475096156
MA0633.3	33378	0.901701671540458	0.0774289998497451
MA0721.2	33378	0.932794667795435	0.0573635569767304
MA0093.4	33378	0.815024974426397	0.0507703748429807
MA0526.5	33378	0.785529222793214	0.0552468504586273
MA0722.2	33378	0.918670424935495	0.0505954189905126
MA0723.3	33378	0.957790205703816	0.0373053107577271
MA0693.4	33378	0.908560014077801	0.0573251219986901
MA1578.2	33378	0.934047615578437	0.0665780319334255
MA0725.2	33378	0.894564642256854	0.0588515479451746
MA0726.2	33378	0.885285685134462	0.0604126148814454
MA1627.2	33378	0.864210638860451	0.0568946416186075
MA0844.2	33378	0.796631682847237	0.0442406511063871
MA0095.4	33378	0.873931119748664	0.0526701503609574
MA0748.3	33378	0.869116112140812	0.0512663876905229
MA0749.2	33378	0.73373866670132	0.0403750352570412
MA1971.2	33378	0.866732822583697	0.0435463293654886
MA1649.2	33378	0.910136936490787	0.0606411742324728
MA1650.2	33378	0.846922173853344	0.0628920462323107
MA0698.2	33378	0.832715822661916	0.0460569217040579
MA1579.2	33378	0.901928884839882	0.0527731257466285
MA0527.2	33378	0.793113946443763	0.0543089752770695
MA1581.2	33378	0.861912945462073	0.0489741154941461
MA0750.3	33378	0.8586849985983	0.0528790325656868
MA0694.2	33378	0.836323826691669	0.0466196075980355
MA0695.2	33378	0.893566605730118	0.0421298135272785
MA0103.4	33378	0.939214145094517	0.0651683785708749
MA2002.2	33378	0.928293798069151	0.0474597090111164
MA1651.2	33378	0.780995128541997	0.0473594138793852
MA1583.2	33378	0.858668317340459	0.0552899679712029
MA0146.3	33378	0.884477593792641	0.0552252364354047
MA1628.2	33378	0.912101700641462	0.0560475639099395
MA1629.2	33378	0.861787853926908	0.0521003107864964
MA0697.3	33378	0.904768072894104	0.0598339414127259
MA0751.2	33378	0.813673285164891	0.0413074727790991
MA1584.2	33378	0.779368215977779	0.0442750617972781
MA1709.2	33378	0.838452545832625	0.0470216495095687
MA1585.2	33378	0.83711229665065	0.0510367499970302
MA1973.2	33378	0.770874268623537	0.0476487471718371
MA1652.2	33378	0.874304204538616	0.0496804207831406
MA1589.2	33378	0.719631041171452	0.0353856785891908
MA1653.2	33378	0.876656055610159	0.0729530282681424
MA1654.2	33378	0.728696449371963	0.0334079672293448
MA1725.2	33378	0.856692392654203	0.0484019465596739
MA1974.2	33378	0.805220691312605	0.0540807618172706
MA1975.2	33378	0.811902333339662	0.0367360126343776
MA1710.2	33378	0.905602985509949	0.0433194553745466
MA0528.3	33378	0.916918243473974	0.0632532128117624
MA1592.2	33378	0.822322776011551	0.0388146268243712
MA1630.3	33378	0.886202979572346	0.0720925875676064
MA1154.2	33378	0.774480102173877	0.0372130620429176
MA1593.2	33378	0.876044946643161	0.0515752534871073
MA1976.2	33378	0.769837309751343	0.040811167006377
MA1977.2	33378	0.813444999246063	0.0368917723543406
MA1726.2	33378	0.841193333365682	0.0510475713051402
MA1655.2	33378	0.874858934774214	0.048603756752601
MA1711.2	33378	0.754445750378251	0.0413043382898181
MA1978.2	33378	0.782952588387009	0.0420085324354172
MA1125.2	33378	0.917483601680769	0.0787384678662861
MA0752.2	33378	0.721257698289487	0.0424796913139279
MA1979.2	33378	0.843656667533171	0.0465694865620194
MA1727.2	33378	0.85970983660657	0.0624782875284547
MA1656.2	33378	0.834796456617369	0.0470098701259484
MA1712.2	33378	0.801723699031334	0.0468070401991159
MA1981.2	33378	0.827459138829747	0.0467286650674371
MA1728.2	33378	0.88108434925341	0.0524457142879895
MA1982.2	33378	0.806948176969799	0.041783554641762
MA1983.2	33378	0.702250322985585	0.0353265149690681
MA1713.2	33378	0.819447357579069	0.0655321763801874
MA1657.2	33378	0.837947569232739	0.052917074861764
MA1984.2	33378	0.835699053588566	0.0395740575239541
MA1714.2	33378	0.769009761429796	0.0330664012328211
MA1729.2	33378	0.823974591475378	0.0413558456513427
MA1599.2	33378	0.805244897942083	0.0535037450055139
MA1600.2	33378	0.767468709774858	0.0385578643444589
MA1986.2	33378	0.881077427503167	0.0620250872572506
MA1987.2	33378	0.810686578303208	0.0380669741332806
MA1730.2	33378	0.853144456870449	0.0494148851083769
MA0753.3	33378	0.854297377606497	0.0685301504435357
MA1716.2	33378	0.770554708094097	0.0402704477965689
MA1731.2	33378	0.896584609167429	0.0453435993500862
MA1717.2	33378	0.856240907712985	0.0468114855043497
MA1719.2	33378	0.770721438655816	0.0437154106835572
MA1720.2	33378	0.802060232768135	0.0430952983808489
MA1721.2	33378	0.789314463314867	0.0625110917664888
MA1602.2	33378	0.821466270245186	0.0461520247520589
MA1722.2	33378	0.727928622547687	0.0347130501301525
