[SHORT TFBS MATRIX]
MA0021.1	36405	0.989276257386	0.011736215975471
MA0053.1	36405	0.994825556763911	0.0147842266940769
MA0054.1	36405	0.915118087829345	0.0310955999677944
MA0064.1	36405	0.996825047083132	0.00953753839414298
MA0096.1	36405	0.870744191135823	0.0567831708009527
MA0097.1	36405	0.754798303590805	0.050750227585052
MA0123.1	36405	0.821104170739824	0.0525615811617473
MA0128.1	36405	0.866476651614626	0.0561293623255796
MA0129.1	36405	0.926282722375856	0.0373232879996549
MA0553.1	36405	0.829974058452126	0.0531656912083475
MA0559.1	36405	0.876093933078715	0.0377778829290884
MA0561.1	36405	0.85750870075441	0.0611666105352447
MA0562.1	36405	0.869921666067622	0.0548692941879821
MA0566.1	36405	0.857002584006438	0.0479293909078921
MA0567.1	36405	0.812690209022565	0.0674334626836119
MA0574.1	36405	0.750581198712758	0.0418950067895063
MA0578.1	36405	0.895739572284596	0.0336587484418815
MA0580.1	36405	0.785492059538848	0.0403556140387503
MA0590.1	36405	0.749441736168639	0.0312949905745626
MA0932.1	36405	0.973813849746727	0.0322137719466105
MA0933.1	36405	0.956666277932504	0.0357925242814922
MA0934.1	36405	0.956350654529534	0.0334187214349762
MA0935.1	36405	0.884850582950132	0.0486185121684494
MA0936.1	36405	0.887313792010861	0.0406882173200233
MA0937.1	36405	0.874415054105815	0.0443898641915277
MA0939.1	36405	0.872430923984316	0.0442033409503522
MA0940.1	36405	0.901331965746511	0.0344721808842306
MA0946.1	36405	0.888100004664146	0.0435373025129977
MA0947.1	36405	0.880596619738775	0.0441138997244588
MA0950.1	36405	0.921548545172121	0.0370361239600896
MA0951.1	36405	0.941547078348517	0.046642646486008
MA0952.1	36405	0.930855192137256	0.0468419874032914
MA0957.1	36405	0.81582436358423	0.0592609154745359
MA0958.1	36405	0.827241353382502	0.0583015287869275
MA0959.1	36405	0.804534665199816	0.0518306952688492
MA0960.1	36405	0.719061629298008	0.0594811281901598
MA0963.1	36405	0.721387858810603	0.0756386941257542
MA0967.1	36405	0.838104098226442	0.0492559687806122
MA0972.1	36405	0.906341872131579	0.0485696010456555
MA0975.1	36405	0.787460322994827	0.0742109971011083
MA0977.1	36405	0.949290532971893	0.0337261450922152
MA0978.1	36405	0.829815997807775	0.0522328831828326
MA0986.1	36405	0.835708498642859	0.0534967526942838
MA1007.1	36405	0.8536992364053	0.0501016821697433
MA1009.1	36405	0.844358881329102	0.053507675746134
MA1012.1	36405	0.858291568520002	0.036193162678159
MA1013.1	36405	0.866514938944589	0.0528770574242634
MA1014.1	36405	0.868356663646955	0.0537301056458417
MA1020.1	36405	0.893676899495093	0.0462032934876229
MA1023.1	36405	0.842586321442872	0.0539460097499724
MA1028.1	36405	0.85529709934872	0.0498292206395262
MA1033.1	36405	0.821513902527277	0.077118590403537
MA1034.1	36405	0.770989417150441	0.0825383948021078
MA1035.1	36405	0.807620067402759	0.0591135697054233
MA1036.1	36405	0.896522549532356	0.0401734490944553
MA1039.1	36405	0.913211218621588	0.0361454819640748
MA1040.1	36405	0.892076931668584	0.0429702371032894
MA1041.1	36405	0.861797910146461	0.045998894602508
MA1042.1	36405	0.90141291840534	0.040141008207178
MA1046.1	36405	0.839372084294782	0.0601549172717554
MA1048.1	36405	0.844429423762684	0.05482213637189
MA1050.1	36405	0.812341524247109	0.056947593029222
MA1051.1	36405	0.807573226983823	0.0655499027477251
MA1053.1	36405	0.782065205906928	0.0683164218552328
MA1066.1	36405	0.768844060968285	0.0654095298462403
MA1067.1	36405	0.789581427896703	0.0624520401914809
MA1075.1	36405	0.856925572207134	0.0485407538295678
MA1080.1	36405	0.878138002877841	0.05135009919714
MA1084.1	36405	0.85559012789436	0.0515781206506725
MA1091.1	36405	0.892558652501533	0.0507323149262217
MA1095.1	36405	0.798006488925901	0.0659293387783448
MA1096.1	36405	0.763865403646289	0.0659320676365252
MA1097.1	36405	0.791975771639567	0.0646878958674216
MA1098.1	36405	0.798006488925901	0.0659293387783448
MA1161.1	36405	0.86800318911865	0.0422346098938485
MA1162.1	36405	0.866294884916216	0.0426070015126718
MA1169.1	36405	0.864342820237963	0.037205074533355
MA1188.1	36405	0.876411443040256	0.0355130272610301
MA1199.1	36405	0.835198998055519	0.0364242605859065
MA1202.1	36405	0.920106639238261	0.0727744654593977
MA1203.1	36405	0.820351197896503	0.0348677769614221
MA1204.1	36405	0.829485705529497	0.035267315007213
MA1205.1	36405	0.82113672796293	0.0352372018311114
MA1221.1	36405	0.751029713444096	0.0549759673700304
MA1222.1	36405	0.769768918619087	0.0524098221623585
MA1225.1	36405	0.761963354987894	0.0515281061934477
MA1235.1	36405	0.86881118072594	0.0345404248636604
MA1242.1	36405	0.785149619276885	0.0586479307468025
MA1274.1	36405	0.853705539930713	0.0439763663088696
MA1290.1	36405	0.750020092038362	0.0499030099246844
MA1291.1	36405	0.754654861643367	0.054943944034154
MA1309.1	36405	0.855582662555848	0.0455416516100458
MA1324.1	36405	0.874010588438775	0.0490705587109733
MA1328.1	36405	0.892849953145266	0.0425064608191098
MA1335.1	36405	0.826999836941411	0.0431102593675676
MA1339.1	36405	0.761515335448414	0.0509927053809361
MA1348.1	36405	0.803942289677449	0.0452981083423744
MA1350.1	36405	0.759286268598897	0.0505395455865029
MA1352.1	36405	0.694372172590837	0.0406568211063074
MA1354.1	36405	0.679996872191416	0.0324417057645293
MA1356.1	36405	0.72195307138249	0.0408960151389999
MA1363.1	36405	0.767341648130163	0.0481225463212712
MA1373.1	36405	0.856545744454467	0.0358318834408679
MA1378.1	36405	0.806614166770432	0.0311520882378909
MA1379.1	36405	0.872792551561228	0.0414000398853213
MA1380.1	36405	0.88082745839134	0.040311585646561
MA1384.1	36405	0.838436676370025	0.0390369372669861
MA1402.1	36405	0.738557057300298	0.0616996552055288
MA1403.1	36405	0.615859551494746	0.0643608892828687
MA1404.1	36405	0.72465498718469	0.0582720530419869
MA1416.1	36405	0.767978754769098	0.0792570782882799
MA2055.1	36405	0.875516517723576	0.0420399731039227
MA2056.1	36405	0.999996504368876	0.000666969716259935
MA2057.1	36405	0.874852358235748	0.0519069011444132
MA2058.1	36405	0.999892437786055	0.00192500323800672
MA2059.1	36405	0.973624740435305	0.0339182933578955
MA2060.1	36405	0.817854146114351	0.0698354600830223
MA2061.1	36405	0.829959925236286	0.0708157599985515
MA2062.1	36405	0.999998074284842	0.000367428268833915
MA2063.1	36405	0.925937091449951	0.0574782800995975
MA2064.1	36405	0.832306955451958	0.0774396841644684
MA2065.1	36405	0.804173455990323	0.0682501217387319
MA2066.1	36405	0.82846665144586	0.0551116035734409
MA2067.1	36405	0.810502425102177	0.0664141195461756
MA2068.1	36405	0.828162219519046	0.0557710648794228
MA2069.1	36405	0.999799420466792	0.00308116279853471
MA2070.1	36405	0.999996968525348	0.000578408223518005
MA2071.1	36405	0.815709945855428	0.0713774087452749
MA2072.1	36405	0.843625892143981	0.051622336675965
MA2073.1	36405	0.999998875358212	0.000214582714194608
MA2074.1	36405	0.808661039637215	0.0693871234026065
MA2075.1	36405	0.903663887682736	0.0470189315851147
MA2076.1	36405	0.843950244504561	0.0597671373667604
MA2077.1	36405	0.823474693650168	0.0741452169656271
MA2078.1	36405	0.823763922261125	0.0669987834867908
MA2079.1	36405	0.782304949467705	0.0562864965231664
MA2080.1	36405	0.912694196238983	0.0484937064390313
MA2081.1	36405	0.999896846076141	0.00146518052339468
MA2082.1	36405	0.993060454463981	0.0208067946949694
MA2083.1	36405	0.919393935313812	0.032895620209232
MA2084.1	36405	0.999830041644618	0.00273540138866725
MA2085.1	36405	0.999884451066271	0.00215947889177048
MA2086.1	36405	0.905737006985314	0.0484536498854863
MA2087.1	36405	0.847789191900537	0.0701447740970074
MA2088.1	36405	0.797341939880086	0.0731092533706506
MA2089.1	36405	0.946802101207376	0.0489245424321337
MA2090.1	36405	0.999274151087314	0.00787839476193899
MA2091.1	36405	0.855791605122165	0.0464924674506982
MA2092.1	36405	0.88817337362239	0.0479326618208457
MA1732.1	36405	0.734900615482002	0.047290246816985
MA1686.1	36405	0.718512215836156	0.0414017527253438
MA1687.1	36405	0.687157111127252	0.0418978274551593
MA1734.1	36405	0.797114261601125	0.0448689138135087
MA1738.1	36405	0.855755787413678	0.030083791822247
MA1741.1	36405	0.853611539787534	0.0354698003272909
MA1746.1	36405	0.778947223152573	0.0483791137041891
MA1749.1	36405	0.826848220562562	0.0335460855396399
MA1750.1	36405	0.734900615482002	0.047290246816985
MA1760.1	36405	0.789545968988806	0.0439443153647907
MA1783.1	36405	0.805831803735578	0.0409782817637409
MA1784.1	36405	0.781301883310477	0.0401563854010045
MA1788.1	36405	0.783875950661358	0.0384628160078518
MA1789.1	36405	0.831864753493739	0.0415873187781964
MA1790.1	36405	0.861803379035194	0.0349105675506872
MA1791.1	36405	0.803096656468192	0.0384312346408516
MA1792.1	36405	0.825982899064696	0.0388647786962392
MA1796.1	36405	0.89477175317575	0.0408888666719483
MA1797.1	36405	0.900425477028988	0.0476527975696552
MA1800.1	36405	0.919342849063814	0.0382037989216653
MA2103.1	36405	0.968508045154932	0.0334931372722359
MA2104.1	36405	0.852210719932528	0.0408704346637865
MA2105.1	36405	0.89940710776236	0.0656685414078257
MA1818.1	36405	0.722348218308145	0.0827014848082517
MA2106.1	36405	0.864134435045963	0.0479601893327066
MA2342.1	36405	0.875086108060837	0.0665183757026343
MA2343.1	36405	0.834264434388012	0.0514509240464849
MA2344.1	36405	0.806039368712932	0.0455800256948929
MA2345.1	36405	0.991368689115473	0.0219415419227012
MA2346.1	36405	0.843454493866413	0.0671613001184868
MA2347.1	36405	0.99115667840315	0.0184094858519506
MA2348.1	36405	0.826472479667221	0.0370383185079173
MA2349.1	36405	0.957344301690243	0.0321965286274371
MA2350.1	36405	0.873122507801896	0.0597854898534952
MA2351.1	36405	0.902820229156839	0.0459645038068473
MA2352.1	36405	0.878783358438347	0.0479454639268227
MA2353.1	36405	0.900027966854469	0.0572070777287284
MA2354.1	36405	0.840278832250834	0.0461245000235879
MA2355.1	36405	0.89479498132857	0.0528186095333497
MA2356.1	36405	0.999865486493024	0.002367060818306
MA2357.1	36405	0.943270603379547	0.0418161460378172
MA2358.1	36405	0.885988909633839	0.0528756968518651
MA2359.1	36405	0.92802147015547	0.0524372045064547
MA2360.1	36405	0.913018768824075	0.0376007346617187
MA2361.1	36405	0.904260641072226	0.0471967984770744
MA2362.1	36405	0.921718398729558	0.0378339515007438
MA2363.1	36405	0.870947009254651	0.0394460167243102
MA2364.1	36405	0.815540304767174	0.0560132373338859
MA2365.1	36405	0.868579972002519	0.0516493613659666
MA2366.1	36405	0.97587306805207	0.0482680183223558
MA2367.1	36405	0.836497236929472	0.0322279419491553
MA2368.1	36405	0.970265307838035	0.0387039713506569
MA2369.1	36405	0.905228512603978	0.0322613791314521
MA2370.1	36405	0.987894537245284	0.0200955726222601
MA2371.1	36405	0.855755787413678	0.030083791822247
MA2372.1	36405	0.935416148036744	0.035785673527464
MA2373.1	36405	0.999837163815695	0.00219366956472635
MA2374.1	36405	0.969001641117901	0.0252828583506937
MA2375.1	36405	0.789717757880601	0.0567288687048319
MA2376.1	36405	0.790442237049072	0.0398449437223499
MA2377.1	36405	0.801031664927175	0.0532988001636433
MA2378.1	36405	0.966945019976112	0.0494692003753162
MA2379.1	36405	0.999999512546467	9.30065940406417e-05
MA2380.1	36405	0.938082163517705	0.0404373758897487
MA2381.1	36405	0.999997707015305	0.000437503642911696
MA2382.1	36405	0.890512873601332	0.0580442240972912
MA2383.1	36405	0.999862759081337	0.00216166062492791
MA2384.1	36405	0.887398063325309	0.0692289795331856
MA2385.1	36405	0.909455833192918	0.0632883618238455
MA2386.1	36405	0.831346903873827	0.0656912163113208
MA2387.1	36405	0.783167903048197	0.0493119382081881
MA2388.1	36405	0.888152904448145	0.0433275044553748
MA2389.1	36405	0.909164118295873	0.047326739777108
MA2390.1	36405	0.818200098876109	0.0568788113058402
MA2391.1	36405	0.93136550025646	0.0396868431710444
MA2392.1	36405	0.922189456020859	0.0465041082580801
MA2393.1	36405	0.844754163580213	0.0682737255954616
MA2394.1	36405	0.999997790545259	0.00042156604907037
MA2395.1	36405	0.842883218392883	0.0538033081527667
MA2396.1	36405	0.853454911140047	0.0416887628570174
MA2397.1	36405	0.897726775490786	0.0574608646348172
MA2398.1	36405	0.749940110759486	0.0466890583026594
MA2399.1	36405	0.76661482015908	0.0731970737994688
MA2400.1	36405	0.840657191285892	0.0550811373605655
MA2401.1	36405	0.821318789628959	0.0772683455754194
MA2402.1	36405	0.956795110967974	0.0395589760657444
MA2403.1	36405	0.967362555107891	0.0328386101854586
MA2404.1	36405	0.954075090036924	0.0465790967262696
MA2405.1	36405	0.991387602999555	0.0222297246354689
MA2406.1	36405	0.825733207434469	0.0706963681016623
MA2407.1	36405	0.899737778048347	0.0473881897962999
MA2408.1	36405	0.72557260110001	0.0532189066230099
MA2409.1	36405	0.827791948454655	0.0453761605919108
MA2410.1	36405	0.823338954166509	0.0514608961874712
MA2411.1	36405	0.836793902546748	0.0462326620545495
MA2412.1	36405	0.824378282571974	0.0466979258038953
MA2413.1	36405	0.800914620200429	0.0566634147820853
MA2414.1	36405	0.82277359196008	0.0557596439540328
MA2415.1	36405	0.756369887740239	0.0602944286529303
MA2416.1	36405	0.707176772797923	0.0713288853271156
MA2417.1	36405	0.830942457716638	0.0473519161859701
MA2418.1	36405	0.761293640126733	0.0644885708089024
MA2419.1	36405	0.837537547823277	0.0422169744009092
MA2420.1	36405	0.882276497257269	0.0469939837706346
MA2421.1	36405	0.892054119648978	0.0542672542080161
MA2422.1	36405	0.804521146359818	0.0539687977757287
MA2423.1	36405	0.759731158101076	0.0523227608309287
MA2424.1	36405	0.76176070199881	0.054448754193643
MA2425.1	36405	0.746451908097076	0.042122917627449
MA2426.1	36405	0.678270960932293	0.0401160214931387
MA2427.1	36405	0.702606576538097	0.0395395125419954
MA2428.1	36405	0.68725793377594	0.042850228330751
MA2429.1	36405	0.683001436468519	0.0392300891490384
MA2430.1	36405	0.702312137699117	0.0416739545927012
MA2431.1	36405	0.717473443409481	0.0399438940890618
MA2432.1	36405	0.916413559401716	0.0544645651151053
MA2433.1	36405	0.772343196799324	0.0459572329419635
MA2434.1	36405	0.747422882443803	0.0440839394369018
MA2435.1	36405	0.723857301217587	0.0419641787633762
MA2436.1	36405	0.70797290755967	0.0403935839963495
MA2437.1	36405	0.684135580158446	0.0433835745815963
MA2438.1	36405	0.720922947908425	0.0416489315532101
MA2439.1	36405	0.690456643808874	0.0424071431009136
MA2440.1	36405	0.721636421638382	0.0420229377133856
MA2441.1	36405	0.750004416951913	0.0426261909984014
MA2442.1	36405	0.703961986285617	0.0396266659446145
MA2443.1	36405	0.702334030871318	0.041069671980175
MA2444.1	36405	0.693637143525626	0.0420348348636306
MA2445.1	36405	0.747004472405008	0.0432685429347876
MA2446.1	36405	0.703731569194199	0.0413144335787732
MA2447.1	36405	0.897032836383786	0.065421608367985
MA2448.1	36405	0.701016833450575	0.0393141044107629
MA2449.1	36405	0.750535083962937	0.0446735983491093
MA2450.1	36405	0.752159207109702	0.0449317575358965
MA2451.1	36405	0.684169320660798	0.0388637775180489
MA2452.1	36405	0.83841476476293	0.0480793690938933
MA2453.1	36405	0.82946513427083	0.0485443063751306
MA2454.1	36405	0.822075030920191	0.0470516845964459
MA2455.1	36405	0.698602619785832	0.0403282421189621
MA2005.2	36405	0.817396266207648	0.0466497317740453
MA1376.2	36405	0.857606722817715	0.0607391090223858
MA1751.2	36405	0.918409470920999	0.0466715024100329
MA0571.2	36405	0.771670202203694	0.0348321601492905
MA1377.2	36405	0.795747122049279	0.0315415298036097
MA0971.2	36405	0.851706896486038	0.0570366030384717
MA0976.3	36405	0.768388838932923	0.0607782654801435
MA0980.3	36405	0.856521974669132	0.056733237810353
MA0992.3	36405	0.784569829961549	0.062599687315052
MA0993.2	36405	0.961422670908283	0.0575526795106806
MA0994.3	36405	0.758425571696765	0.0614867342350022
MA0995.3	36405	0.86428624597342	0.0561589766814742
MA0997.2	36405	0.967238554428921	0.0486878253152257
MA0998.2	36405	0.847441319280184	0.075492861129487
MA1000.3	36405	0.77879640147309	0.0635219777399826
MA1001.4	36405	0.769777508329826	0.0601902906169443
MA1004.2	36405	0.827669207096628	0.0758168743068528
MA1005.3	36405	0.793297419738714	0.0646700155346701
MA1006.2	36405	0.779081996982778	0.0805700874589087
MA1008.2	36405	0.831345487233669	0.0656904667962441
MA1010.2	36405	0.854449860538404	0.0458482569110677
MA1032.2	36405	0.823535404564086	0.0573917316266758
MA1049.2	36405	0.834052660791009	0.0710771303020019
MA1218.2	36405	0.850842894941576	0.0543439486541189
MA1219.3	36405	0.838021336845019	0.0631712004866788
MA1220.2	36405	0.823105036992588	0.0534000581662215
MA1223.2	36405	0.803187923921156	0.0535375271074632
MA1226.2	36405	0.782099927558036	0.0497396069446918
MA1227.3	36405	0.858387465585578	0.0569720479132794
MA1228.2	36405	0.758224194749214	0.0593223521547236
MA1229.2	36405	0.817240164302366	0.0532048344032916
MA1230.2	36405	0.813562321007586	0.0539092919284688
MA1231.3	36405	0.817645325833972	0.0710700128245437
MA1232.2	36405	0.851751346812274	0.0633621507170681
MA1233.3	36405	0.833084675967711	0.0544803405443583
MA1234.2	36405	0.830307377857307	0.0553536241594692
MA1238.3	36405	0.82642166800869	0.0539122528103951
MA1239.2	36405	0.74767445228333	0.0549003569176857
MA1240.2	36405	0.798777024872482	0.059021718423536
MA1241.2	36405	0.793489805034497	0.0539612045804331
MA1243.2	36405	0.844549941368155	0.0472281088869485
MA1244.2	36405	0.773627957980402	0.0577228266458884
MA1245.3	36405	0.791438293165516	0.0649652988092069
MA1246.2	36405	0.788092656367108	0.0631024443864054
MA1247.2	36405	0.765404639408256	0.0690534087088024
MA1248.2	36405	0.833863735025478	0.0609314947415475
MA1250.2	36405	0.774730008135083	0.0542225175308913
MA1251.2	36405	0.819452273389565	0.0534758073593646
MA1252.2	36405	0.796080765784528	0.0624392183062708
MA1253.2	36405	0.823932097352909	0.0555247949768911
MA1256.2	36405	0.789649275886276	0.0563747448360416
MA1257.2	36405	0.742036458245183	0.0471189711232937
MA1258.2	36405	0.847373702595721	0.0511220864290803
MA1259.2	36405	0.803758298526011	0.0550477952638834
MA1260.2	36405	0.813879589370512	0.0583947376188834
MA1261.2	36405	0.861504312761279	0.044508492018713
MA1262.2	36405	0.778445023749964	0.0555873713500261
MA1263.2	36405	0.824572726256543	0.060072365869009
MA1264.2	36405	0.760171633807552	0.0579882193358658
MA1265.3	36405	0.825879053487731	0.0559165049013323
MA1266.2	36405	0.804376641530113	0.0605858218549139
MA1424.2	36405	0.810780283384155	0.0557781801337064
MA1669.2	36405	0.824833513482113	0.0552216508409799
MA1670.2	36405	0.839906658287901	0.0540385229011665
MA1671.2	36405	0.791270276149079	0.0703110206915665
MA1679.2	36405	0.82155925417197	0.0556262883394245
MA1748.2	36405	0.89427040844571	0.0613617861596388
MA1752.2	36405	0.844845457117016	0.0534416556300061
MA1753.2	36405	0.773201047117213	0.0546695957644888
MA1754.2	36405	0.769502031599112	0.0622169688371572
MA1795.2	36405	0.890636356838143	0.0393331064640822
MA1804.2	36405	0.918976650702078	0.0415489919937527
MA1817.2	36405	0.6911555283639	0.0751200705354675
MA1819.2	36405	0.731130972523873	0.0882789382823721
MA1820.2	36405	0.701434543668425	0.0818155795314783
MA1821.2	36405	0.701551632066748	0.0829653735000998
MA1831.2	36405	0.756084189422462	0.0681343359369442
MA1832.2	36405	0.714306521127581	0.0812477110783229
MA1833.2	36405	0.670450280364785	0.074127487304225
MA2011.2	36405	0.83129017533638	0.0548274873304769
MA2013.2	36405	0.748432953402584	0.0626938765589651
MA0564.2	36405	0.854864846666044	0.065657268512283
MA0565.3	36405	0.872516844382168	0.0623789592776874
MA0581.2	36405	0.911005119241819	0.0701775120345783
MA1810.2	36405	0.81271626947405	0.056984994355372
MA0942.2	36405	0.855914612140181	0.0578120623412033
MA0943.2	36405	0.877262727256058	0.0541867998409311
MA0944.2	36405	0.922960277374913	0.0392589726321046
MA1206.2	36405	0.957680766376916	0.0290332524469593
MA1685.2	36405	0.8143030053694	0.0481263313810437
MA1688.2	36405	0.832967983342225	0.0455197148168385
MA1689.2	36405	0.864618282351624	0.0475146121649396
MA1690.2	36405	0.796797803025603	0.044698243395365
MA1691.2	36405	0.842640787142651	0.04832422405646
MA1692.2	36405	0.834594097910341	0.0513816187390642
MA1693.2	36405	0.825431734571564	0.0506047034817229
MA1694.2	36405	0.825121294597346	0.0494168220686062
MA1695.2	36405	0.769962936492615	0.0429924098100409
MA1696.2	36405	0.81174930837024	0.0429029894793237
MA1697.2	36405	0.849909327578773	0.0509937243580088
MA1698.2	36405	0.797290486558725	0.0532857015570715
MA0582.2	36405	0.962818874082307	0.035770578250843
MA0552.2	36405	0.865274154595329	0.0725367737322125
MA0560.2	36405	0.863070676159259	0.066295039049952
MA0568.2	36405	0.914503753731381	0.0512959084223029
MA0569.2	36405	0.85883088332632	0.0590804625432628
MA0956.2	36405	0.919381310425917	0.0449157324205543
MA0961.2	36405	0.873112725082377	0.0597847607163611
MA0962.2	36405	0.875218375677699	0.0613449663375127
MA0964.3	36405	0.805732907490121	0.0629771689522125
MA0965.3	36405	0.854921333252769	0.0773445031181349
MA0966.2	36405	0.90284388784715	0.0523303212735713
MA1025.2	36405	0.846166308523341	0.0625060314672468
MA1061.2	36405	0.887743378979979	0.0528892293735474
MA1074.2	36405	0.83428622010074	0.0763960051893116
MA1357.2	36405	0.853590654955495	0.0513699187554506
MA1358.2	36405	0.874997106404941	0.0543882696546959
MA1359.3	36405	0.860898591324084	0.0743405778668235
MA1360.3	36405	0.848800615854584	0.0808919834385088
MA1361.2	36405	0.784547778955683	0.0430962667177974
MA1362.2	36405	0.846582982034943	0.0478027862367839
MA1364.2	36405	0.809222853744506	0.063313738504067
MA1411.2	36405	0.798296555365754	0.0517821694693635
MA1412.2	36405	0.783992165285554	0.057423165782755
MA1739.2	36405	0.894206273951726	0.0589228857219916
MA1740.2	36405	0.821211338598804	0.0723331913205117
MA1816.2	36405	0.856280134878378	0.0754158382805058
MA1834.2	36405	0.829312817956752	0.0610106045076328
MA0549.2	36405	0.847637103805589	0.0582265521631349
MA0550.3	36405	0.792712139654061	0.0577983607785834
MA1331.2	36405	0.788559379432596	0.0586508113079467
MA1332.2	36405	0.783180654170513	0.0584594465406558
MA1333.2	36405	0.793097672421762	0.0609389829675872
MA2014.2	36405	0.80235823310838	0.0633390399401971
MA0587.2	36405	0.80036000870173	0.0632202267247824
MA1019.2	36405	0.818091038660287	0.0568724421955419
MA1031.2	36405	0.843457115545895	0.06755121540904
MA1054.2	36405	0.818997788293049	0.0486173366355374
MA1062.3	36405	0.732553964902508	0.05427021900723
MA1063.2	36405	0.853819567090241	0.0474588491976531
MA1064.2	36405	0.86154182518079	0.0512810758266678
MA1065.3	36405	0.73318974984094	0.0539335996319697
MA1282.2	36405	0.742640943445635	0.0516451148127947
MA1283.2	36405	0.699126955551238	0.0443202378613215
MA1284.2	36405	0.746635727472639	0.0557475612622104
MA1285.2	36405	0.74026516936744	0.0527457646897849
MA1286.2	36405	0.784988239015007	0.0600804471905266
MA1287.2	36405	0.769324761997892	0.0523863982877309
MA1288.2	36405	0.762694264942984	0.0548969652859131
MA1289.2	36405	0.794625247544135	0.0577131016996169
MA1410.2	36405	0.812522001235833	0.068903536909362
MA1428.2	36405	0.860491357072338	0.0440054815465834
MA1430.2	36405	0.756717151068395	0.0587463847217674
MA1828.2	36405	0.823998387206548	0.0605489961465295
MA0988.2	36405	0.898573479198898	0.0540642307866244
MA1011.2	36405	0.91802017012352	0.0453838616685275
MA1021.2	36405	0.84345118769335	0.0684448760063993
MA1822.2	36405	0.805851951109576	0.0543634527403637
MA0570.3	36405	0.812100856865422	0.0611683854108389
MA0930.3	36405	0.874657445012047	0.0622116503480551
MA0931.2	36405	0.855657051956354	0.0648235590846069
MA0941.2	36405	0.89127433224773	0.055585745059717
MA1338.3	36405	0.787170212165905	0.0611404554175571
MA1659.2	36405	0.875828723253153	0.0575064709797536
MA1808.2	36405	0.830395204684958	0.0616301253521861
MA1811.2	36405	0.830819182333599	0.0624926881266033
MA1344.2	36405	0.839490759869481	0.0536638039372101
MA1417.2	36405	0.773267391003444	0.0495098432748857
MA1745.2	36405	0.861211470887615	0.0600610585038889
MA0588.2	36405	0.88598573620192	0.048061460652404
MA1047.3	36405	0.831042259973532	0.0467581442097428
MA1068.3	36405	0.796116572799446	0.0492445344132898
MA1069.3	36405	0.827076205216653	0.0493052749184044
MA1070.3	36405	0.806889626618699	0.047521866215737
MA1336.2	36405	0.794587962063647	0.0468068995856571
MA1346.2	36405	0.81407148950476	0.0458099534362717
MA1835.2	36405	0.798211271152826	0.056448206401117
MA0968.3	36405	0.833457429764196	0.0562427379142977
MA1349.2	36405	0.819678204031237	0.0593554221251779
MA1351.3	36405	0.838335250617105	0.0591117051414917
MA1672.2	36405	0.828414668353416	0.0598488968029936
MA0551.2	36405	0.757780079335998	0.0621566854919277
MA1425.2	36405	0.891030996953999	0.0651613246486373
MA1343.2	36405	0.863726766621399	0.0506693575287901
MA1742.2	36405	0.840168636985086	0.0432052622165952
MA1744.2	36405	0.873452736488416	0.0369760675791775
MA1803.2	36405	0.820214141473981	0.0449410575546107
MA1334.2	36405	0.773255373322112	0.048642790097592
MA1337.2	36405	0.773123782870353	0.0488066905319582
MA1340.2	36405	0.783293532276423	0.0490206969737451
MA1341.2	36405	0.773452900585634	0.048294155849545
MA1345.2	36405	0.770613709791422	0.0508286493835787
MA1743.2	36405	0.77991378571537	0.048478798209616
MA2015.2	36405	0.852456126370655	0.0464434755467997
MA1156.2	36405	0.864957728398512	0.0399735585227518
MA1157.2	36405	0.85043364077003	0.041511084697376
MA1158.2	36405	0.846571186207559	0.0407510668053421
MA1159.2	36405	0.87383328874587	0.0378573595643147
MA1160.2	36405	0.826640746626948	0.0369927048926783
MA1370.2	36405	0.835363798122471	0.038507014718146
MA1371.2	36405	0.841234654402012	0.0386037067365821
MA1372.2	36405	0.92306836803151	0.0287609218596083
MA1374.2	36405	0.838444911651719	0.0395822347618971
MA1381.2	36405	0.931947544961489	0.0476681580732928
MA1405.2	36405	0.826298665047433	0.0443253155588439
MA1415.2	36405	0.879011894560309	0.0564747755230721
MA1736.2	36405	0.994061081175507	0.0184404700380855
MA1801.2	36405	0.987912151693139	0.0200562283002342
MA2052.2	36405	0.905940042970562	0.0430493281557277
MA0586.3	36405	0.845401738550545	0.0579491089882424
MA0955.2	36405	0.904314863614021	0.0459785846380689
MA1056.2	36405	0.818202016051892	0.0598317843848976
MA1057.2	36405	0.905683704095458	0.0496964847342843
MA1058.2	36405	0.951188717439917	0.039419090678892
MA1059.3	36405	0.802263911229461	0.0557230680877497
MA1060.2	36405	0.841790178573213	0.0647334012554137
MA1320.2	36405	0.813692582604758	0.0562551139230944
MA1321.2	36405	0.862931881896726	0.0505682035868786
MA1799.2	36405	0.902432774179649	0.0554799383526554
MA2016.2	36405	0.868875745158601	0.0531152721158765
MA0969.2	36405	0.902284892918767	0.0599158039702391
MA0970.2	36405	0.906955817395159	0.0517747753533677
MA1197.2	36405	0.819778184486694	0.0559818499231985
MA1756.2	36405	0.885249166111278	0.0524565928146974
MA1809.2	36405	0.856198034202246	0.0558833752358759
MA1815.2	36405	0.831153465834652	0.0561008887643485
MA1682.2	36405	0.875855041242673	0.0420266718142532
MA1813.2	36405	0.894477048200987	0.0446121771779353
MA1414.2	36405	0.849287363997927	0.0621773078457693
MA0938.3	36405	0.774380074636144	0.039560964390716
MA1043.2	36405	0.88908533021114	0.0570892494727927
MA1044.2	36405	0.922113176427077	0.0378468432539585
MA1045.2	36405	0.895653181624571	0.043252793647866
MA1427.3	36405	0.920949113510716	0.0444620591085076
MA1660.2	36405	0.751416693771286	0.0422038928870498
MA1663.3	36405	0.890345743783275	0.0467019266988452
MA1674.3	36405	0.925369561366693	0.0465922025783726
MA1675.2	36405	0.853941965168038	0.0462129667738591
MA1676.3	36405	0.931102240230579	0.0441993958152532
MA1677.2	36405	0.934359784512901	0.0542825057231295
MA1678.3	36405	0.907266479759477	0.0476877198880682
MA1785.2	36405	0.870418506097293	0.0428176981723424
MA1786.2	36405	0.945313566259317	0.0387362364436197
MA1787.2	36405	0.87041225327117	0.0415281958241232
MA2006.2	36405	0.756004665274645	0.0380954416529936
MA2009.2	36405	0.75634292106205	0.0366376920738482
MA2010.2	36405	0.924040298878421	0.0506604864918544
MA2017.2	36405	0.846500604087971	0.0641886369435854
MA2018.2	36405	0.87747420758573	0.0435019613711104
MA2033.2	36405	0.784088522681624	0.0383788641149674
MA2034.2	36405	0.914917551278104	0.0487464085226151
MA2035.2	36405	0.775390323983393	0.0359915898730438
MA2036.2	36405	0.924891062068307	0.0523179941959937
MA2037.2	36405	0.91952200126183	0.0477405325773513
MA2038.2	36405	0.908961303743741	0.0485228852970381
MA2043.2	36405	0.942428154601511	0.0509401455430556
MA2044.2	36405	0.926302178893608	0.0519653001480039
MA2045.2	36405	0.782336423487466	0.0371995981614811
MA2046.2	36405	0.850997994444867	0.0513387260082573
MA2047.2	36405	0.909307658717649	0.0489568649720171
MA2048.2	36405	0.895493771871039	0.043467967479427
MA2049.2	36405	0.934446585134815	0.0549989969483249
MA2050.2	36405	0.919297367122681	0.0464951166539617
MA2051.2	36405	0.903847433537544	0.0457858301891373
MA2053.2	36405	0.869082374944993	0.0416458538463368
MA0589.2	36405	0.796177671373551	0.0489737240379983
MA1076.3	36405	0.872548548469709	0.0518191470873354
MA1077.2	36405	0.949996491449469	0.0623319055588755
MA1078.2	36405	0.928073383764416	0.0507542930762578
MA1079.3	36405	0.83706260949014	0.0442914154462352
MA1081.3	36405	0.868918521920263	0.0514882915960843
MA1083.3	36405	0.844418692336626	0.0516431868395857
MA1085.3	36405	0.926708707595453	0.0753693707202669
MA1086.2	36405	0.962964892856109	0.0472617187863501
MA1087.3	36405	0.86606790123215	0.0476798451353535
MA1088.2	36405	0.99286166868945	0.0200111086705184
MA1089.2	36405	0.968218822848763	0.0406165615236458
MA1090.2	36405	0.904308111655068	0.0560217981353002
MA1092.2	36405	0.930532663889467	0.0649236318300773
MA1093.2	36405	0.930913857792543	0.0593016720852135
MA1094.3	36405	0.827921744096679	0.0466440345990497
MA1295.2	36405	0.891068861359733	0.053429195655018
MA1296.2	36405	0.857888657031812	0.0434907784055097
MA1297.2	36405	0.837170723262395	0.0451811299258912
MA1298.2	36405	0.881193006504042	0.0468555349028319
MA1299.2	36405	0.849736032647869	0.0463372818712904
MA1300.2	36405	0.86849372108732	0.0532439909070461
MA1301.2	36405	0.86765040198284	0.0469856164788296
MA1302.2	36405	0.839770777752316	0.0479195222733219
MA1303.2	36405	0.848777860652575	0.0468067524742896
MA1304.2	36405	0.88990968436765	0.0465680689112549
MA1305.2	36405	0.848941176559487	0.0508372894449286
MA1306.2	36405	0.832817462060607	0.04584814504654
MA1307.3	36405	0.870002789416859	0.0509313616835989
MA1308.2	36405	0.817745678429864	0.0502748047397128
MA1310.2	36405	0.865927387617122	0.0534493020349048
MA1311.3	36405	0.915058604657273	0.0517880457962289
MA1312.2	36405	0.880733208462492	0.0458645734500411
MA1313.2	36405	0.819542116516139	0.0465221508580375
MA1314.2	36405	0.834671979248955	0.0485215312697273
MA1315.2	36405	0.830396444211737	0.0464278444248982
MA1316.2	36405	0.860484538012376	0.0483090379795262
MA1317.2	36405	0.875285601134193	0.0504527915539505
MA1318.2	36405	0.827732650628475	0.0460058207354812
MA1805.2	36405	0.927545969961414	0.0452003719543614
MA0557.2	36405	0.791681972468819	0.0595884333510834
MA1382.2	36405	0.773356129101265	0.0632507723918818
MA1664.3	36405	0.876721538428825	0.049052055362132
MA1665.3	36405	0.84319940784734	0.0508942067943276
MA1666.3	36405	0.824724322794532	0.0478976603106386
MA1667.3	36405	0.883515912485697	0.0481808591748127
MA1758.2	36405	0.788283168592878	0.0406061685738512
MA1759.2	36405	0.781131675047788	0.0416402897497973
MA1761.2	36405	0.837712515602912	0.0372979903221138
MA2019.2	36405	0.87179609438524	0.0545740704243985
MA2020.2	36405	0.858694222976664	0.0449938155511457
MA0008.4	36405	0.873907664102078	0.0478495559392981
MA0110.4	36405	0.905300125178919	0.0430967709572108
MA0573.2	36405	0.77601939050278	0.0383997390894744
MA0953.2	36405	0.974506284575078	0.0262918488860541
MA0954.3	36405	0.851042472376827	0.0414381491306883
MA0990.2	36405	0.924396992830936	0.033646830057645
MA1024.2	36405	0.928985981772639	0.0458163718154422
MA1026.3	36405	0.864346146688182	0.0410961199396498
MA1198.2	36405	0.935340585615237	0.0411192887642718
MA1209.2	36405	0.926886360476103	0.0571955169231805
MA1210.3	36405	0.872443643267486	0.0475201685821827
MA1211.2	36405	0.92388504879861	0.0482985749555125
MA1212.2	36405	0.946434326744015	0.0451825862806668
MA1214.2	36405	0.862109556085822	0.0438411542518686
MA1215.2	36405	0.902286097846074	0.0473142500828929
MA1327.3	36405	0.954195970919961	0.0568866216772698
MA1369.2	36405	0.902401149773089	0.0412129074304432
MA1375.2	36405	0.896078617938392	0.0413054754336632
MA1406.2	36405	0.908157762709844	0.0418101134971244
MA1757.2	36405	0.909800158774984	0.0411343448803257
MA1824.2	36405	0.933851004859138	0.0461353531492834
MA1213.3	36405	0.881454762214463	0.0489054684624661
MA1326.2	36405	0.94423648160221	0.0452824199927466
MA1329.3	36405	0.900476215386548	0.0566231863801963
MA1330.2	36405	0.910549846644125	0.0455811822973202
MA1807.2	36405	0.932509815282791	0.0553851911107159
MA0001.3	36405	0.904220663604794	0.0371357792354968
MA0005.3	36405	0.847575857985683	0.0337332870228493
MA0082.2	36405	0.911774203486141	0.0292920288340722
MA0548.3	36405	0.824430369485894	0.0371985849973658
MA0554.2	36405	0.864844821278092	0.0355875464139685
MA0555.2	36405	0.830975473098308	0.0363291291507925
MA0556.2	36405	0.872185703888134	0.0341744214960276
MA0558.2	36405	0.859998844504292	0.0362796019957543
MA0563.2	36405	0.913885788806797	0.0321521245388614
MA0584.2	36405	0.866614675001357	0.0385794992998223
MA0585.2	36405	0.82437479707105	0.0354749025633115
MA1814.2	36405	0.879383893031667	0.0388249207514929
MA1015.2	36405	0.953042784656264	0.0319065827611416
MA1016.2	36405	0.99297269529018	0.0246549980173133
MA1017.2	36405	0.989966953330912	0.0228976364114382
MA1018.2	36405	0.90569133606726	0.0646483441810166
MA1323.2	36405	0.878450493093027	0.0459848489214669
MA1325.2	36405	0.883549955663455	0.0499229907952608
MA1396.2	36405	0.848014290181991	0.0458536453518776
MA1755.2	36405	0.992301635010599	0.0270060784463741
MA0020.2	36405	0.991971188189456	0.022923366264354
MA0973.2	36405	0.974021436492302	0.0298635338748676
MA0974.3	36405	0.905049494254292	0.0457622443551946
MA0981.2	36405	0.999997889257188	0.000402731719802039
MA0982.2	36405	0.999998047483345	0.000372542019857371
MA0983.2	36405	0.999998767232527	0.000235213196913173
MA0984.2	36405	0.999965944023671	0.000728940032989111
MA0987.2	36405	0.999997687340865	0.000441257544728163
MA0989.2	36405	0.999862592375276	0.0021656304663596
MA1022.2	36405	0.99999776357994	0.000426711057294091
MA1071.2	36405	0.999998785241857	0.00023177699964216
MA1267.2	36405	0.854676862399067	0.0419774568891036
MA1268.2	36405	0.828787191096708	0.0457179922520232
MA1269.2	36405	0.868779109407985	0.0376069053422276
MA1270.2	36405	0.878580457581688	0.0402621351360696
MA1272.3	36405	0.983592933306112	0.0472337761857055
MA1273.2	36405	0.898818865202599	0.0411817574678212
MA1275.2	36405	0.954770365751485	0.0370696747069483
MA1276.2	36405	0.976300792847513	0.0364413584776523
MA1277.2	36405	0.918711957269915	0.0382393280520882
MA1278.2	36405	0.874384747615539	0.0411798205017274
MA1279.2	36405	0.872356655587555	0.0402079061511833
MA1280.2	36405	0.970794641988702	0.0380008664284639
MA1281.2	36405	0.867182082999196	0.0410470506022394
MA1747.2	36405	0.829076877895836	0.046486336405746
MA1823.2	36405	0.952021753566038	0.0464622782961104
MA1673.2	36405	0.826183415762245	0.059083497599154
MA2021.2	36405	0.844984855947657	0.0587944435565725
MA2022.2	36405	0.715543572720133	0.0597855007443092
MA1794.2	36405	0.948293964096984	0.0419374481901896
MA0577.4	36405	0.833609372376977	0.0522152102436626
MA1055.3	36405	0.832225635333721	0.051016168022972
MA1322.3	36405	0.848194355083297	0.0552400962061972
MA0121.2	36405	0.97798354855236	0.0211413589364949
MA0945.2	36405	0.988006795251329	0.0156030766688431
MA0948.2	36405	0.924509870861644	0.0350950735667802
MA0949.2	36405	0.935212993779783	0.0361743789926155
MA1409.2	36405	0.85471720040133	0.0423297040184374
MA1027.2	36405	0.980561134742179	0.0271272204405752
MA1163.3	36405	0.831616303212603	0.0450561576692264
MA1164.2	36405	0.912584475681702	0.0485865275609584
MA1165.3	36405	0.92140958375015	0.0590905331805328
MA1166.2	36405	0.854399294273044	0.0398781526640627
MA1167.2	36405	0.878107803097221	0.0447151057379617
MA1168.2	36405	0.935422655771605	0.0480544400990418
MA1383.2	36405	0.898776435654844	0.0422674123650101
MA1385.2	36405	0.921325502494028	0.03828490326275
MA1386.3	36405	0.900022744259146	0.0510888088403626
MA1387.2	36405	0.859888395858651	0.0398727715280253
MA1388.2	36405	0.968903510874163	0.0369358866880525
MA1389.2	36405	0.830484535390617	0.0425472146786054
MA1390.3	36405	0.897063452491757	0.0472295161655881
MA1706.2	36405	0.952887300152827	0.0231927271085758
MA1735.2	36405	0.921440958157053	0.0384244488396358
MA1737.2	36405	0.952309357095073	0.0307009057345726
MA1827.2	36405	0.88864971594237	0.0476490282726689
MA1830.2	36405	0.784353889431026	0.0380879484935874
MA2023.2	36405	0.829006289699259	0.0470264677992574
MA0034.2	36405	0.928134574278077	0.028410165422268
MA0575.2	36405	0.851991750667341	0.0474021262205664
MA0576.2	36405	0.73691841528262	0.050124720218589
MA1030.2	36405	0.953873112798135	0.046714503552664
MA1037.2	36405	0.946545142206315	0.0310325134426019
MA1038.2	36405	0.850505126098159	0.0487031525817862
MA1170.2	36405	0.842109856638027	0.041147708119374
MA1171.2	36405	0.884373439186066	0.0537195633382529
MA1172.2	36405	0.8373797563598	0.0411529166364726
MA1173.2	36405	0.915484358954681	0.0326304774786258
MA1174.2	36405	0.895862518049603	0.0377842060214143
MA1175.2	36405	0.936306649907891	0.0297994457676661
MA1176.2	36405	0.868366306659192	0.0403947997678175
MA1177.2	36405	0.930508996216182	0.0306651784805678
MA1178.3	36405	0.861919117954249	0.0494345944049619
MA1179.2	36405	0.915459756351679	0.0508323219393701
MA1180.2	36405	0.848266767039725	0.0445234631354541
MA1181.2	36405	0.915648371152359	0.0357559669285488
MA1292.2	36405	0.825561624331281	0.0429260226134013
MA1293.2	36405	0.836581357624929	0.0442224010564114
MA1294.2	36405	0.890350100032105	0.0444988797347078
MA1391.3	36405	0.860245256632523	0.0415743524074867
MA1392.3	36405	0.865899587778539	0.0503873136802064
MA1393.3	36405	0.890530274178893	0.0515325532205491
MA1394.3	36405	0.868553053505958	0.0484656198514502
MA1426.2	36405	0.860608544026	0.053751854416102
MA1762.2	36405	0.878081282570008	0.0425257190876361
MA1764.2	36405	0.830928684686546	0.0438156502770915
MA1765.2	36405	0.891696357374122	0.0395960867781486
MA1766.2	36405	0.86726845654402	0.0375773815048557
MA1767.2	36405	0.976408749943446	0.0496191672150142
MA1768.2	36405	0.863246122562589	0.0335912344597961
MA1769.2	36405	0.880030256828809	0.0348744643682734
MA1770.2	36405	0.899994366311566	0.0404429269863844
MA1771.2	36405	0.883676706964704	0.0383598472478773
MA1772.2	36405	0.875978298610535	0.0369129965755031
MA1773.2	36405	0.890520783081723	0.0403881743095549
MA1774.2	36405	0.886778354647863	0.0388129574568162
MA1775.2	36405	0.924226456405569	0.0415223603406725
MA1776.2	36405	0.915388825249036	0.0420004331880585
MA1777.2	36405	0.876455050617676	0.038483010733041
MA1778.2	36405	0.8900037143953	0.034267126851491
MA1779.2	36405	0.926812049874523	0.0335438318942526
MA1780.2	36405	0.924303125223241	0.0437493903354155
MA1781.2	36405	0.883520900483331	0.0388129216722094
MA1829.2	36405	0.891082427997527	0.0476295682583913
MA2007.2	36405	0.896686981285166	0.0443363062973027
MA2008.2	36405	0.873839940922036	0.0498454768985735
MA2024.2	36405	0.823229253276233	0.0434830181374438
MA2025.2	36405	0.904376327249688	0.0483739608753183
MA2026.2	36405	0.860954124376058	0.0394611366536421
MA2027.2	36405	0.859123452032349	0.0471172705338785
MA2028.2	36405	0.843777516866202	0.0398110013437258
MA2029.2	36405	0.798308163845643	0.0519861952635587
MA2030.2	36405	0.836641877274783	0.037276533569313
MA2041.2	36405	0.838259567675859	0.0448526373991406
MA2042.2	36405	0.856891347481363	0.0444595514348843
MA0579.2	36405	0.816895030597138	0.0429570859905588
MA1182.2	36405	0.890906439433022	0.0506547806158786
MA1183.2	36405	0.891686528072232	0.0490863473638487
MA1184.2	36405	0.898614457902991	0.0499863109208953
MA1185.2	36405	0.895992325535179	0.0489895892175204
MA1186.2	36405	0.896115589608868	0.0366122386847519
MA1187.2	36405	0.887143979799606	0.0498627897993306
MA1189.2	36405	0.867111227275408	0.0358033327470093
MA1190.2	36405	0.893934095320933	0.0491683959537395
MA1191.2	36405	0.899068098921626	0.0514716910923864
MA1192.2	36405	0.879888269562755	0.0419079796544993
MA1193.2	36405	0.878166109095039	0.0354742964935163
MA1194.2	36405	0.883332272077368	0.0329321079740364
MA1195.2	36405	0.855142404098984	0.0353002631128218
MA1196.2	36405	0.876175134558443	0.0347920425995315
MA1353.2	36405	0.865078933206255	0.0565082647651121
MA1355.2	36405	0.876402394408126	0.0509426201808161
MA1397.2	36405	0.903141677304195	0.0436557172407358
MA1398.3	36405	0.882425052306008	0.0452204566638681
MA1400.2	36405	0.85128071448499	0.0383812459421144
MA1401.2	36405	0.885077609977154	0.0514823342349025
MA1408.2	36405	0.891206047949469	0.039989370979381
MA1681.2	36405	0.875534647152658	0.0455281675176046
MA1793.2	36405	0.962383689040905	0.0345353838530139
MA1802.2	36405	0.952861104897905	0.0366569884342919
MA1812.2	36405	0.847782950286633	0.0684345175281867
MA1825.2	36405	0.923315695511103	0.0652658259343547
MA2031.2	36405	0.913231050616149	0.0536165572835003
MA2032.2	36405	0.871510151028026	0.0644090747775872
MA1207.2	36405	0.849733999792798	0.0404803374982115
MA1208.2	36405	0.895691637538712	0.0366917943580648
MA1365.3	36405	0.925823767473734	0.0470893207319412
MA1366.2	36405	0.930841729135347	0.042528124272251
MA1367.2	36405	0.926166303686347	0.0439419493453363
MA1368.3	36405	0.803420455230748	0.042088778964342
MA1661.2	36405	0.90532353571152	0.0441410081278996
MA1662.2	36405	0.879599183668495	0.0455811259589378
MA1733.2	36405	0.908006148762292	0.0343227822733654
MA2039.2	36405	0.785804260939509	0.0694623110748262
MA2040.2	36405	0.785928889376912	0.0697248715419531
