[SHORT TFBS MATRIX]
MA0004.1	31383	0.825741499704223	0.0753203460007519
MA0006.1	31383	0.881313303569595	0.0702856047357682
MA0019.1	31383	0.79583172698781	0.0449822545874962
MA0029.1	31383	0.719215855991627	0.0606922248274444
MA0030.1	31383	0.742993243459538	0.0647697592174579
MA0031.1	31383	0.798645511734353	0.0729835073210654
MA0040.1	31383	0.771287272427769	0.0701667647037706
MA0051.1	31383	0.725428209640241	0.050072705408081
MA0059.1	31383	0.769087172544187	0.0536556950130787
MA0066.1	31383	0.720212982633476	0.0364722365997801
MA0069.1	31383	0.744986716702042	0.0420535862419287
MA0070.1	31383	0.7592456265751	0.0574037334628709
MA0071.1	31383	0.792206613438849	0.0600157686460365
MA0072.1	31383	0.73546394443149	0.0569644953713815
MA0073.1	31383	0.770627158281912	0.0546550085862537
MA0074.1	31383	0.731325886345652	0.0431097927666618
MA0077.1	31383	0.81788938215831	0.0581283660338923
MA0084.1	31383	0.840611198291102	0.0688655950346809
MA0091.1	31383	0.785743596394955	0.0516682076766809
MA0092.1	31383	0.856972881466222	0.0446527735239056
MA0101.1	31383	0.839313264749582	0.0503090703841259
MA0107.1	31383	0.790597962760846	0.05796900034428
MA0108.2	31383	0.789848609881729	0.0660716000954802
MA0111.1	31383	0.845968810777547	0.034820810381523
MA0115.1	31383	0.649563232743703	0.048748618701605
MA0116.1	31383	0.800151602969936	0.0465236492116709
MA0119.1	31383	0.709425290364548	0.053527970302429
MA0125.1	31383	0.821993268686643	0.0697676416005852
MA0130.1	31383	0.935686484213112	0.0521330614458517
MA0135.1	31383	0.736991599643092	0.0748189112974636
MA0139.1	31383	0.758009534246393	0.0463553126000402
MA0142.1	31383	0.719728931767411	0.0602927277324242
MA0149.1	31383	0.658849515929694	0.0579576464158451
MA0138.2	31383	0.668312043073302	0.0411709948716137
MA0002.2	31383	0.828570446802143	0.0485988966735958
MA0065.2	31383	0.788632755903024	0.0404844845512008
MA0151.1	31383	0.844681526908755	0.0937766054194595
MA0155.1	31383	0.830802057857314	0.0448474268366277
MA0159.1	31383	0.777246968421443	0.0366110347725038
MA0163.1	31383	0.771689432562242	0.0544494761183224
MA0164.1	31383	0.79583622725794	0.0789224429588751
MA0259.1	31383	0.859419188415938	0.0649533584939478
MA0145.2	31383	0.813664119003334	0.0442640824563928
MA0146.2	31383	0.818701635180748	0.0662437199013835
MA0468.1	31383	0.766175924379972	0.0641776537741541
MA0476.1	31383	0.78718450724736	0.0649238717069923
MA0478.1	31383	0.791641570267039	0.0586723639190517
MA0479.1	31383	0.788156236609239	0.0618619922007309
MA0483.1	31383	0.809312603906806	0.0545529736665633
MA0488.1	31383	0.76715899962885	0.0612096253948913
MA0492.1	31383	0.767801745840166	0.0598907374596251
MA0494.1	31383	0.771599191250206	0.0365069084745609
MA0497.1	31383	0.765108979493632	0.0660409804115429
MA0501.1	31383	0.72098105283315	0.0505009309751312
MA0504.1	31383	0.80207825119243	0.0414794704508754
MA0515.1	31383	0.833405194479767	0.0596122189888941
MA0517.1	31383	0.748409462942936	0.0606625727276607
MA0518.1	31383	0.80425803677814	0.0555023879206378
MA0519.1	31383	0.817803932182748	0.0574836015290554
MA0520.1	31383	0.779142168253911	0.0596087689375346
MA0523.1	31383	0.787689136748505	0.0545044611305646
MA0527.1	31383	0.746970918734429	0.056682971946873
MA0076.2	31383	0.828889821988209	0.0624583756881905
MA0258.2	31383	0.776782992939822	0.0436666131220423
MA0150.2	31383	0.722514235052338	0.0490439493041396
MA0137.3	31383	0.794687523174411	0.061104990031356
MA0144.2	31383	0.827999224006652	0.0564828538470947
MA0140.2	31383	0.736229124184178	0.0541407017833074
MA0591.1	31383	0.742817852373419	0.0464993065538168
MA0593.1	31383	0.788368994490415	0.0734115571269638
MA0595.1	31383	0.824422693949327	0.050054495564843
MA0596.1	31383	0.805211588068499	0.0516654872996428
MA0599.1	31383	0.904098124919223	0.0730857417893565
MA0601.1	31383	0.740840198931661	0.0995873758132241
MA0602.1	31383	0.738079310288458	0.0754709818661419
MA0603.1	31383	0.786688791079408	0.065700617670396
MA0604.1	31383	0.813741339322352	0.0621199335864791
MA0608.1	31383	0.801911081241353	0.059159090684701
MA0610.1	31383	0.757404299765969	0.0641220492764727
MA0613.1	31383	0.786428949379435	0.0826753395343972
MA0614.1	31383	0.815681451185869	0.0760398462321269
MA0615.1	31383	0.794424772634947	0.0488378847286319
MA0618.1	31383	0.812086759869311	0.0681409706999483
MA0619.1	31383	0.801443017011121	0.0898080545997195
MA0621.1	31383	0.711558934880469	0.0975625334308911
MA0622.1	31383	0.784127138675751	0.0813938206050062
MA0626.1	31383	0.807403249201939	0.0629354730199721
MA0628.1	31383	0.727227563737987	0.0831095443483919
MA0629.1	31383	0.769194635660115	0.046375110358538
MA0630.1	31383	0.814738158900163	0.0844762066949639
MA0631.1	31383	0.70053534440209	0.0490952762283741
MA0634.1	31383	0.795566480350402	0.0728054397081285
MA0007.3	31383	0.699626748586063	0.0470245769136823
MA0635.1	31383	0.829659375819884	0.0608448070402176
MA0636.1	31383	0.745647164127665	0.0621896190097833
MA0638.1	31383	0.736247406180354	0.0502378419216644
MA0639.1	31383	0.753507802797536	0.0644638786371291
MA0641.1	31383	0.756662901874778	0.0599965209172615
MA0027.2	31383	0.830429373377088	0.0741404428470768
MA0643.1	31383	0.788496496835794	0.0533419026493316
MA0645.1	31383	0.826736186597223	0.0616609380077865
MA0475.2	31383	0.806511567672618	0.0610432102218728
MA0042.2	31383	0.812878134009626	0.0741452141907583
MA0033.2	31383	0.847170725624094	0.0721431906985601
MA0646.1	31383	0.77992358978808	0.0461322119574977
MA0647.1	31383	0.719409457741927	0.0572748761388478
MA0648.1	31383	0.795579980056202	0.0623361187453882
MA0649.1	31383	0.784977468240397	0.0608405053514337
MA0131.2	31383	0.793280821296687	0.0590134756387438
MA0046.2	31383	0.694639111557075	0.0722133520194686
MA0153.2	31383	0.686284282375558	0.0719660604583078
MA0486.2	31383	0.709993192814411	0.0582734510953426
MA0652.1	31383	0.688181366959499	0.0515544037534197
MA0653.1	31383	0.66134513048039	0.0525618446551069
MA0654.1	31383	0.799801531121957	0.0848836003302407
MA0655.1	31383	0.737111386727561	0.0670009580563066
MA0656.1	31383	0.710558552813659	0.069543669746796
MA0657.1	31383	0.7212536573052	0.0507681660088496
MA0658.1	31383	0.776077192218688	0.0659952293733359
MA0660.1	31383	0.70797243190366	0.072204001253224
MA0661.1	31383	0.802516770238289	0.0648430418653273
MA0662.1	31383	0.82143382270567	0.0730026652372616
MA0663.1	31383	0.742834703477443	0.0602559989879691
MA0664.1	31383	0.763850676069631	0.0619810871097456
MA0665.1	31383	0.782079381101135	0.0519700825678021
MA0667.1	31383	0.76187585316548	0.0568606827911995
MA0669.1	31383	0.764616148378176	0.0525164299973416
MA0670.1	31383	0.810044950207093	0.0719145441748075
MA0671.1	31383	0.905865845331414	0.0468536330526477
MA0048.2	31383	0.797098139730675	0.0606331177561742
MA0672.1	31383	0.834989055951758	0.0505677023270136
MA0673.1	31383	0.86984994714402	0.0440031985890965
MA0674.1	31383	0.827193683051935	0.0698017874645073
MA0675.1	31383	0.829884039089283	0.0787132775276788
MA0676.1	31383	0.803904046178805	0.0613930452833781
MA0677.1	31383	0.719587862336322	0.0476314280533052
MA0678.1	31383	0.764418102647034	0.0534182639975187
MA0068.2	31383	0.773981262143245	0.0748628898933547
MA0683.1	31383	0.649157136875043	0.0689006603320179
MA0512.2	31383	0.697062381389334	0.0497500232012789
MA0686.1	31383	0.779576100306271	0.0536814067321222
MA0687.1	31383	0.778528214630309	0.0490323160917457
MA0083.3	31383	0.656767822462319	0.0529395593719786
MA0009.2	31383	0.675948085047759	0.0450321667596969
MA0688.1	31383	0.791637579637088	0.0483675465638682
MA0689.1	31383	0.771592436431159	0.0507225296733539
MA0691.1	31383	0.763332083206487	0.0622602967767929
MA0692.1	31383	0.793334576909912	0.0590765504212547
MA0694.1	31383	0.767016996076058	0.051665845038181
MA0695.1	31383	0.794785658916957	0.0490235510221631
MA0696.1	31383	0.749273593443431	0.051280786044288
MA0698.1	31383	0.764459492828719	0.0524408766607867
MA0699.1	31383	0.814774909165236	0.0662686654414395
MA0704.1	31383	0.815241870810626	0.0734677578625184
MA0705.1	31383	0.832627626330776	0.0683766884284421
MA0706.1	31383	0.807938621226648	0.0665767360293711
MA0709.1	31383	0.803774673858341	0.0828626445001033
MA0710.1	31383	0.812178544945735	0.0705655767143203
MA0124.2	31383	0.800457544886346	0.05646677192791
MA0711.1	31383	0.822042480309676	0.0601149230047294
MA0132.2	31383	0.819354931528311	0.0803830460104301
MA0713.1	31383	0.731948512234557	0.0766519146414471
MA0714.1	31383	0.816783099420342	0.0609671109788079
MA0715.1	31383	0.696662435146406	0.0850096610770378
MA0716.1	31383	0.807237193631267	0.0848598055204506
MA0717.1	31383	0.821034864754097	0.0769286552491263
MA0718.1	31383	0.797072407237957	0.0785383117382707
MA0719.1	31383	0.920014963390033	0.0462684592513763
MA0720.1	31383	0.809572718947752	0.0839716723900021
MA0721.1	31383	0.815455729406692	0.0792142534191815
MA0722.1	31383	0.821273756513554	0.0704505764948485
MA0724.1	31383	0.786679504384324	0.0681828189750945
MA0725.1	31383	0.792920513851145	0.0822551389433561
MA0726.1	31383	0.777779219937668	0.0824204806600137
MA0112.3	31383	0.688614770953039	0.0456316259472134
MA0141.3	31383	0.741742990967742	0.0582460105270458
MA0017.2	31383	0.776358135434473	0.0551087499900431
MA0113.3	31383	0.697935327980647	0.0508776127781576
MA0727.1	31383	0.694353286816946	0.0509651506524382
MA0728.1	31383	0.684034373386571	0.0464964004496734
MA0729.1	31383	0.667990706979606	0.0433675072255456
MA0730.1	31383	0.686643898278161	0.0438159607772876
MA0731.1	31383	0.643388968541001	0.0477936520801145
MA0472.2	31383	0.78344950622414	0.0596638152097241
MA0732.1	31383	0.754497548791704	0.0681349261410935
MA0733.1	31383	0.757475575923087	0.0569315674384158
MA0735.1	31383	0.677347911321847	0.0469781261231314
MA0736.1	31383	0.763579174790243	0.0493772304703324
MA0737.1	31383	0.718860435379526	0.0432172525958087
MA0738.1	31383	0.875232222769922	0.0479149461711435
MA0739.1	31383	0.836145962600755	0.0487482859501842
MA0741.1	31383	0.847798252823504	0.0770010934968604
MA0747.1	31383	0.851052745390705	0.0617487052586013
MA0749.1	31383	0.675855860787375	0.0467621365463143
MA0751.1	31383	0.782579308390699	0.0477946411373856
MA0088.2	31383	0.724388444597871	0.0467839739235118
MA0752.1	31383	0.652577652538769	0.0493893286622156
MA0755.1	31383	0.725571906342392	0.0695961289007572
MA0757.1	31383	0.682629665291658	0.0761247137729586
MA0758.1	31383	0.659539799196092	0.0513477526216462
MA0760.1	31383	0.809914359983908	0.0570499791329709
MA0098.3	31383	0.823792166787329	0.0591606502087702
MA0762.1	31383	0.78183641280495	0.0573593091468639
MA0763.1	31383	0.815257591839344	0.0544456861741099
MA0767.1	31383	0.80994958788722	0.0470616990594204
MA0770.1	31383	0.724189193268097	0.0569198082220833
MA0771.1	31383	0.757183580297617	0.0515209549090123
MA0772.1	31383	0.725735052854259	0.0602393760712207
MA0773.1	31383	0.715699519097782	0.0755424127069967
MA0498.2	31383	0.898725552414687	0.0614545210621481
MA0774.1	31383	0.833022746303454	0.0637562644994971
MA0775.1	31383	0.860942476857587	0.0569657828707891
MA0776.1	31383	0.716287321907272	0.0484832218702063
MA0777.1	31383	0.686636585112414	0.044940399611165
MA0105.4	31383	0.68450429542448	0.0556525574861129
MA0778.1	31383	0.717589030395284	0.057264319818137
MA0779.1	31383	0.729241089139544	0.0371850340504272
MA0780.1	31383	0.687321804876092	0.0799705908637552
MA0781.1	31383	0.701626189793644	0.0397123884242521
MA0783.1	31383	0.694210146877147	0.0550901827297161
MA0785.1	31383	0.743469034946724	0.0728504951294164
MA0786.1	31383	0.73804065597614	0.0776358403759291
MA0787.1	31383	0.729532369172327	0.0755817259997583
MA0788.1	31383	0.723114158899482	0.0749824287530673
MA0789.1	31383	0.750940806687939	0.0789059525259691
MA0790.1	31383	0.686284143376458	0.0792118893428265
MA0791.1	31383	0.667745380231058	0.0768079206980675
MA0792.1	31383	0.775857096851259	0.075510330969531
MA0793.1	31383	0.762389896171557	0.0703457490156044
MA0794.1	31383	0.733005046958589	0.0471379009247436
MA0600.2	31383	0.6935753155261	0.0552520754064383
MA0795.1	31383	0.727175923933795	0.0549278489549944
MA0796.1	31383	0.667504614715018	0.0584537070461366
MA0797.1	31383	0.703216224035761	0.0540593434806843
MA0510.2	31383	0.687876122075941	0.0546368265109726
MA0511.2	31383	0.802856919217221	0.0526953169076137
MA0800.1	31383	0.756501920856288	0.0502475159184279
MA0801.1	31383	0.825504491941044	0.0532398900615558
MA0802.1	31383	0.770898957067183	0.0527522042945646
MA0803.1	31383	0.802212437698161	0.0566415291781066
MA0804.1	31383	0.659048256742444	0.0436238230156724
MA0805.1	31383	0.79872554206497	0.0587663089332947
MA0806.1	31383	0.832351192419825	0.0517392435587282
MA0807.1	31383	0.843315593228644	0.0499810266896158
MA0808.1	31383	0.837203674890453	0.0589198593134741
MA0810.1	31383	0.846558629627767	0.0559020159688819
MA0811.1	31383	0.83086274871598	0.0533681815818856
MA0812.1	31383	0.822157653370363	0.0604230789665308
MA0813.1	31383	0.784883738145701	0.0614583735762644
MA0524.2	31383	0.826913055521704	0.0527523946631852
MA0815.1	31383	0.777094361857714	0.0642450526312588
MA0816.1	31383	0.807629727087862	0.0585140233925728
MA0461.2	31383	0.795818950867041	0.0516763625632464
MA0464.2	31383	0.778236032127038	0.0663633469864245
MA0817.1	31383	0.73105451973289	0.0570596330729555
MA0820.1	31383	0.832336453658794	0.0535181650310588
MA0822.1	31383	0.698787994093044	0.0569263461633859
MA0823.1	31383	0.773491829106557	0.068949225135318
MA0058.3	31383	0.789327493130572	0.0679606529343883
MA0825.1	31383	0.801675470213871	0.0647878940310974
MA0826.1	31383	0.744577024967079	0.0565926243107506
MA0827.1	31383	0.792329579848821	0.0487446392307154
MA0832.1	31383	0.710536501447037	0.0539944684544283
MA0834.1	31383	0.700557467202745	0.0678926583765591
MA0838.1	31383	0.747236867886961	0.0535142264054879
MA0839.1	31383	0.712651666945905	0.0473603273451329
MA0840.1	31383	0.728133162969372	0.070592038307285
MA0117.2	31383	0.787044749488849	0.0511496567774809
MA0841.1	31383	0.724917914746983	0.0599053574282416
MA0843.1	31383	0.742605544882352	0.0611807570845807
MA0844.1	31383	0.729918221162789	0.0476645409869051
MA0845.1	31383	0.75993742119831	0.0728950387403679
MA0032.2	31383	0.788129226189082	0.0728604025634599
MA0846.1	31383	0.781631951828802	0.0729818441199021
MA0848.1	31383	0.834302079351764	0.0708974989013017
MA0849.1	31383	0.817920639969584	0.073154247870138
MA0850.1	31383	0.88192193298381	0.0547693555871075
MA0851.1	31383	0.744351873174697	0.0705643540759846
MA0853.1	31383	0.70985026247526	0.0604876222163568
MA0854.1	31383	0.71050452643365	0.0640431715857611
MA0855.1	31383	0.693671560761263	0.049936877801654
MA0856.1	31383	0.704271358712998	0.0493877577460612
MA0857.1	31383	0.654837351432833	0.0489871075982999
MA0858.1	31383	0.676439256887567	0.0464280392195455
MA0859.1	31383	0.673864843865736	0.0479795777873616
MA0860.1	31383	0.66826524112318	0.0457452861771228
MA0525.2	31383	0.674918829152463	0.0427777460244193
MA0106.3	31383	0.686447681591941	0.041783394103968
MA0861.1	31383	0.720338773948788	0.0430214481393863
MA0862.1	31383	0.78613968556061	0.0575987119762162
MA0863.1	31383	0.705108120340162	0.0428110369164759
MA0024.3	31383	0.742869559234601	0.0503228798138393
MA0866.1	31383	0.661958122230025	0.0592820541674056
MA0870.1	31383	0.663896285915886	0.0590805087000771
MA0872.1	31383	0.770784022112758	0.0659557237353887
MA0028.2	31383	0.781513890574773	0.0672710870478422
MA0873.1	31383	0.752722467970838	0.0562538973897358
MA0874.1	31383	0.701889490604373	0.0602667096623253
MA0875.1	31383	0.839222793452569	0.0739742492854224
MA0876.1	31383	0.848426020660969	0.0712204022723502
MA0880.1	31383	0.83058231583915	0.0760607702609633
MA0881.1	31383	0.83373110181532	0.0730105083664502
MA0882.1	31383	0.830612285430281	0.0751069467171858
MA0883.1	31383	0.755387834158801	0.0511676440050591
MA0886.1	31383	0.785868725967692	0.0733970660751565
MA0887.1	31383	0.820456199803301	0.0623039997229698
MA0888.1	31383	0.817615637246887	0.0629418813663964
MA0889.1	31383	0.782269494304962	0.0710481881999817
MA0890.1	31383	0.793246830125463	0.0763105304081278
MA0891.1	31383	0.816745141679245	0.055262963428941
MA0892.1	31383	0.835251803929102	0.0598972165819078
MA0894.1	31383	0.786920409480537	0.0790440799890871
MA0895.1	31383	0.806003364248387	0.0566989693355951
MA0896.1	31383	0.73042034558114	0.0512234118611485
MA0897.1	31383	0.706966101282757	0.0553868853920945
MA0898.1	31383	0.704302914032381	0.0557547019257232
MA0899.1	31383	0.784402313664033	0.0751736609632192
MA0903.1	31383	0.834062964764928	0.0695571726634151
MA0905.1	31383	0.793184454371456	0.0660785903670907
MA0906.1	31383	0.743322879913084	0.0588635372159607
MA0907.1	31383	0.74173769570299	0.0617074019915952
MA0908.1	31383	0.776256252436225	0.0660658673493874
MA0911.1	31383	0.766671141763589	0.0565968718769652
MA0914.1	31383	0.834628559881989	0.0564544979355287
MA0852.2	31383	0.759979379227099	0.0632098468376517
MA0036.3	31383	0.782813158044426	0.0703319088198227
MA1106.1	31383	0.80046569178742	0.0657259339084662
MA0147.3	31383	0.775134275744036	0.063689452326426
MA0100.3	31383	0.836818099894377	0.0615518782701109
MA0104.4	31383	0.756049973717007	0.0621558285624092
MA1109.1	31383	0.794936189736515	0.053251866031141
MA0161.2	31383	0.802089637565865	0.0634919755267305
MA0060.3	31383	0.796498787377688	0.0709688175493
MA1111.1	31383	0.788363454284135	0.062541094765157
MA0014.3	31383	0.787034269725892	0.0535634427672552
MA1114.1	31383	0.731595345898409	0.05291737300896
MA1115.1	31383	0.767251767155203	0.0781384136065987
MA1116.1	31383	0.853569629823903	0.0660795245881555
MA1117.1	31383	0.786682829352382	0.0567195572278389
MA1118.1	31383	0.761245422346254	0.0573967816423895
MA1119.1	31383	0.711367566922964	0.053192246780147
MA0442.2	31383	0.815806134532844	0.0706697947391471
MA1120.1	31383	0.796107207297636	0.0698165062835194
MA1121.1	31383	0.768535834208208	0.0563297462838036
MA1122.1	31383	0.819282122150688	0.0711589086848776
MA0750.2	31383	0.805195945493016	0.0643041948081531
MA0103.3	31383	0.839271164869355	0.0600532961819038
MA1124.1	31383	0.673708214710402	0.0608809146121767
MA1125.1	31383	0.73375011234232	0.117738575267972
MA1154.1	31383	0.715127079200918	0.0412579436079971
MA1155.1	31383	0.706967092670406	0.048438842868159
MA0099.3	31383	0.779781562743474	0.0621250105150393
MA1126.1	31383	0.724825132446064	0.0567392246603176
MA1127.1	31383	0.726188462469583	0.0683140303609092
MA1128.1	31383	0.76910815573964	0.06129516386402
MA1129.1	31383	0.737699461932857	0.0670275508421979
MA1130.1	31383	0.774733745627133	0.0623120446077615
MA1131.1	31383	0.751042491270895	0.067035289499741
MA1132.1	31383	0.790508564535882	0.0563564508749306
MA1133.1	31383	0.745330744249425	0.063150257375868
MA1134.1	31383	0.758805424285442	0.0621391972438076
MA1135.1	31383	0.772327500198741	0.0639546774194106
MA1136.1	31383	0.754344103917889	0.0646379679531317
MA1137.1	31383	0.767579051531678	0.0590356854970255
MA1138.1	31383	0.766282025143706	0.066107022528733
MA1139.1	31383	0.720694741146255	0.0705696432436396
MA1141.1	31383	0.760656755596081	0.0608506000013534
MA1142.1	31383	0.804051300856269	0.0583122684390805
MA1143.1	31383	0.785117937355581	0.0610680110118912
MA1144.1	31383	0.768505576267274	0.063834267832862
MA1145.1	31383	0.731293762449639	0.0648696659610479
MA1146.1	31383	0.734063818992274	0.0398753057121404
MA1147.1	31383	0.749360578515685	0.0397876474669753
MA1148.1	31383	0.736461443046226	0.0397041154524296
MA1149.1	31383	0.767680161248104	0.0404182784198767
MA1150.1	31383	0.798334219461807	0.0515466868455872
MA1151.1	31383	0.805008144351743	0.0476751944568162
MA1152.1	31383	0.830964586615515	0.0703392034597462
MA1153.1	31383	0.828252451710239	0.06102769649784
MA1418.1	31383	0.676073797080547	0.0497125315524252
MA1419.1	31383	0.673412650908093	0.0502314540838233
MA1420.1	31383	0.721681226251153	0.0445908753337676
MA1421.1	31383	0.741006481127277	0.0553905804903186
MA1463.1	31383	0.732004404545125	0.0851860334130195
MA1464.1	31383	0.771039323146064	0.0685346054084706
MA1466.1	31383	0.711240474936532	0.0488336676688583
MA1468.1	31383	0.826023408922216	0.0436900153271606
MA1101.2	31383	0.682013161121099	0.0519083101551205
MA1470.1	31383	0.671638515112792	0.0476212785781469
MA1471.1	31383	0.772852822705649	0.0765003862518862
MA1473.1	31383	0.757109519213591	0.0681864417789202
MA1474.1	31383	0.77038812845692	0.0509467141621174
MA1475.1	31383	0.75614880610296	0.0609260384562095
MA1478.1	31383	0.779288718769019	0.0545622289994835
MA1479.1	31383	0.748408321537436	0.0568072220198108
MA1480.1	31383	0.771262661134005	0.0578088765883243
MA1481.1	31383	0.819601035045693	0.0786264207752454
MA1484.1	31383	0.826601098945676	0.058890141563184
MA1485.1	31383	0.743422626345033	0.0497632157083426
MA1489.1	31383	0.728471624765	0.0866162024750078
MA1493.1	31383	0.774979263637146	0.0480596111045592
MA1494.1	31383	0.702086849930507	0.0474588360328844
MA1495.1	31383	0.835876561482026	0.0677715379215304
MA1496.1	31383	0.867712135536886	0.0529072437027027
MA1497.1	31383	0.817253767999862	0.0572804909547338
MA1499.1	31383	0.817340046532432	0.0762074680599809
MA1500.1	31383	0.858440409370989	0.0561791214896837
MA1501.1	31383	0.807440895648542	0.0523402952279945
MA1502.1	31383	0.83028737536115	0.0702834416684689
MA1503.1	31383	0.755547891522032	0.0628971605886673
MA1504.1	31383	0.84483363727219	0.074737228013299
MA1505.1	31383	0.839522941402868	0.0633153944599537
MA1506.1	31383	0.742883599659541	0.0582134564358902
MA1507.1	31383	0.837715054486479	0.0754607920729777
MA1508.1	31383	0.80254125069634	0.059827428250488
MA1509.1	31383	0.762513294215512	0.0518313538343571
MA1512.1	31383	0.843256766578279	0.071766654667996
MA1513.1	31383	0.826421795113715	0.111337845444091
MA1514.1	31383	0.756933897333214	0.0552789385521133
MA1515.1	31383	0.870511235298951	0.0727936052160203
MA1516.1	31383	0.821097120655293	0.0696953778635299
MA1517.1	31383	0.85774370795838	0.0680795381241874
MA1519.1	31383	0.790112724496865	0.0817042145826365
MA1520.1	31383	0.727130156656364	0.0445898971925794
MA1521.1	31383	0.736048125647289	0.0446362084002051
MA1522.1	31383	0.843440816706504	0.0857920339598344
MA1523.1	31383	0.819542599627251	0.0518823837906449
MA1527.1	31383	0.713546875916543	0.0553297713390316
MA1528.1	31383	0.727037624786327	0.0545913229530866
MA1529.1	31383	0.709865831769643	0.0509480976918584
MA1530.1	31383	0.821022401211185	0.0646019042685965
MA1531.1	31383	0.747757618995804	0.0421383053456962
MA1533.1	31383	0.762844368771358	0.0368109857424556
MA1534.1	31383	0.81249953102642	0.0580830271535488
MA1535.1	31383	0.875737437315212	0.0572448823511745
MA1536.1	31383	0.921131540059876	0.0419511687949226
MA1537.1	31383	0.729050751909432	0.0457226526292059
MA1538.1	31383	0.710786700991409	0.0453172470291709
MA1539.1	31383	0.69540098106413	0.0462850568446703
MA1541.1	31383	0.723058851241633	0.0446111182104237
MA1542.1	31383	0.810239093901342	0.0497675658978849
MA1544.1	31383	0.718772208589946	0.0515556155935526
MA1545.1	31383	0.759282377549529	0.0507066814701319
MA1546.1	31383	0.728433558485125	0.0400897496427087
MA1548.1	31383	0.805752284063364	0.073575577102987
MA1549.1	31383	0.801291668862362	0.0630474873839921
MA1550.1	31383	0.728344145718083	0.0456476056072147
MA1552.1	31383	0.730379693227619	0.0430423661647046
MA1553.1	31383	0.716058599153104	0.0441440487493253
MA1554.1	31383	0.864020116082396	0.0423249468605773
MA1555.1	31383	0.738193075586167	0.0447984975679003
MA1556.1	31383	0.734090188021757	0.0469714276568701
MA1557.1	31383	0.757200557400448	0.0497374818360348
MA1558.1	31383	0.842993855054021	0.0552485028973525
MA1559.1	31383	0.803936932703183	0.0547293304519351
MA1560.1	31383	0.77196036677978	0.0657974166089674
MA1561.1	31383	0.738069471369282	0.0535857008244671
MA1562.1	31383	0.749490434581931	0.0583542462931137
MA1564.1	31383	0.843195972736795	0.0764393463982765
MA1565.1	31383	0.786539601121286	0.048100914846379
MA1568.1	31383	0.787826021699744	0.0413620033341943
MA1569.1	31383	0.841559481255059	0.0706025850207862
MA1570.1	31383	0.832294511577474	0.0528345872390303
MA1571.1	31383	0.723388450919427	0.0499663447421936
MA1572.1	31383	0.731032674136809	0.049826043687636
MA1574.1	31383	0.775969432068171	0.0415276760374462
MA1575.1	31383	0.714013853703974	0.0436178650650354
MA1576.1	31383	0.717037745413392	0.0389647921395181
MA1577.1	31383	0.793010266610645	0.0923541415469513
MA1578.1	31383	0.837965062435341	0.0716534077548405
MA1579.1	31383	0.795655569801495	0.0606779407423117
MA1580.1	31383	0.746953087177147	0.0644259765704254
MA1581.1	31383	0.79396968851779	0.0539433010879538
MA1583.1	31383	0.790120193719799	0.0601416900640677
MA1584.1	31383	0.750054416811807	0.0528024379340069
MA1585.1	31383	0.763308714168814	0.0546107425866742
MA1587.1	31383	0.750338520261346	0.0478638243020773
MA1588.1	31383	0.7016970505715	0.0483382542651318
MA1589.1	31383	0.663204873850637	0.0382673666603577
MA1592.1	31383	0.753472626869645	0.0440419061161917
MA1593.1	31383	0.771077490839786	0.0568328969542419
MA1594.1	31383	0.661436643780082	0.0360101931657827
MA1596.1	31383	0.738291545681098	0.0612587568801767
MA1597.1	31383	0.68160578972106	0.0442382918522769
MA1599.1	31383	0.738651671469346	0.0584956418606489
MA1600.1	31383	0.707280801895544	0.0396177432565803
MA1602.1	31383	0.760716333590402	0.0486230174421176
MA1603.1	31383	0.726109139263582	0.0628922695321202
MA1604.1	31383	0.765852382032033	0.0585940349298847
MA1606.1	31383	0.773241850563443	0.0801778484949851
MA1607.1	31383	0.737263706283112	0.075203380600626
MA1608.1	31383	0.784271590094804	0.0657573729381618
MA1615.1	31383	0.790057308352247	0.0635343492016546
MA1616.1	31383	0.745501439699147	0.0488909756592494
MA1618.1	31383	0.786375552946121	0.0585152248569156
MA1619.1	31383	0.793990263469271	0.063083868337289
MA1620.1	31383	0.799248037397767	0.0570040670828578
MA1621.1	31383	0.797960219889659	0.054789518724532
MA1623.1	31383	0.750132866226594	0.0739376326016125
MA1624.1	31383	0.772183872776682	0.0645734407615003
MA1625.1	31383	0.756632500249351	0.0663925462552067
MA1627.1	31383	0.799505185506756	0.0695865837380043
MA1628.1	31383	0.840632330882372	0.059699852224927
MA1629.1	31383	0.777830669420739	0.0537355407998413
MA1100.2	31383	0.844894532605057	0.0550262650071946
MA0605.2	31383	0.709529279790101	0.0718701586415879
MA0462.2	31383	0.757263053340861	0.0700498331815796
MA0463.2	31383	0.715357534553209	0.0467182088984919
MA0864.2	31383	0.729088652730574	0.0463257362835997
MA0469.3	31383	0.66501196502407	0.0451218812612393
MA0470.2	31383	0.720252623227457	0.0477758013199521
MA0612.2	31383	0.796450512688775	0.0765393379897808
MA0766.2	31383	0.815470369144769	0.0613402894386048
MA0038.2	31383	0.768035122957151	0.0546033958860704
MA0893.2	31383	0.861367431825942	0.0599823904907524
MA1099.2	31383	0.821291606037739	0.0728478415108597
MA0616.2	31383	0.775301929820845	0.0719363741919042
MA0900.2	31383	0.794227186166545	0.0794129977192602
MA0158.2	31383	0.832082321116639	0.06302523699105
MA0594.2	31383	0.83191792412772	0.0501572781936501
MA0902.2	31383	0.839301744469885	0.0689309106221484
MA0904.2	31383	0.819555074033314	0.0681299304596589
MA0485.2	31383	0.744803594877267	0.0644490756562473
MA0912.2	31383	0.78405985833421	0.0698285626418405
MA0910.2	31383	0.826436147691175	0.0685748736343747
MA0913.2	31383	0.774942640786155	0.0748325668873871
MA1140.2	31383	0.691496673940264	0.0668542404293306
MA0701.2	31383	0.792506643460223	0.0773089730715754
MA0702.2	31383	0.75261203441813	0.0885225993397872
MA0703.2	31383	0.698064761273591	0.0939605150118808
MA0623.2	31383	0.763129288850407	0.053749133426161
MA0842.2	31383	0.752973361771669	0.0516546830266988
MA0682.2	31383	0.807524539907787	0.0676283503401152
MA0075.3	31383	0.769554131248057	0.0880973693569324
MA0867.2	31383	0.832412692446201	0.0638128221556223
MA0868.2	31383	0.796599432904492	0.0657103268007333
MA0746.2	31383	0.831028546581209	0.075575218735467
MA0632.2	31383	0.807705983348333	0.0720920009010095
MA0871.2	31383	0.764660502724285	0.065803656790302
MA0753.2	31383	0.776069272589152	0.0781426175858083
MA0122.3	31383	0.742733145170259	0.0629447075409827
MA1707.1	31383	0.767856188188172	0.0584760351760039
MA1708.1	31383	0.834885151422701	0.0574416288818081
MA1709.1	31383	0.738951921494138	0.0618300505131035
MA1710.1	31383	0.849852541091474	0.0528763373932258
MA1711.1	31383	0.723991149333732	0.0477774546631084
MA1712.1	31383	0.765912868643767	0.0540718977790238
MA1713.1	31383	0.772222906064809	0.0804185795014422
MA1714.1	31383	0.717685271511064	0.0387620982749856
MA1715.1	31383	0.707718964486729	0.0452293749420513
MA1716.1	31383	0.717534594608597	0.0460245434484622
MA1717.1	31383	0.762556733328796	0.050423857630633
MA1718.1	31383	0.632122703254689	0.0462180443828833
MA1719.1	31383	0.718267112723597	0.0472233430694857
MA1720.1	31383	0.722233117905731	0.0495922609839951
MA1721.1	31383	0.742029597785467	0.072898001094453
MA1722.1	31383	0.684186682672537	0.0387770837547943
MA1723.1	31383	0.781607589571068	0.0530284667768247
MA1724.1	31383	0.763985084903292	0.0563510058270946
MA1631.1	31383	0.80699595291758	0.0590044047488049
MA1632.1	31383	0.749132797577872	0.0696795051329541
MA1634.1	31383	0.75873542021081	0.0705224804935263
MA1635.1	31383	0.820706585893201	0.0761958065362328
MA1636.1	31383	0.730940212024828	0.0584353816248508
MA1637.1	31383	0.765164929853486	0.0604038197736045
MA1638.1	31383	0.833406926680373	0.0599134572108011
MA1639.1	31383	0.748649019422499	0.0673107415571997
MA1640.1	31383	0.71861760193829	0.0694730381815615
MA1641.1	31383	0.786353949650299	0.0625204351134201
MA1642.1	31383	0.801450808268239	0.0561186094158528
MA1643.1	31383	0.682687734372325	0.0493184098814749
MA1644.1	31383	0.794089488693116	0.0724651838837391
MA1645.1	31383	0.785215899193336	0.0523268762543289
MA1646.1	31383	0.81232807885186	0.0573271025148693
MA1648.1	31383	0.838401130041636	0.0625814268943211
MA1649.1	31383	0.810433240373927	0.0618291772434185
MA1650.1	31383	0.790625849532027	0.0783062239504656
MA1651.1	31383	0.70491213755664	0.0541614456388294
MA1652.1	31383	0.791887595016504	0.0560648613695349
MA1653.1	31383	0.817251975276836	0.0886547162801124
MA1654.1	31383	0.680437424656951	0.0356532401612927
MA1655.1	31383	0.793540999716708	0.0553814880941845
MA1656.1	31383	0.772032965892968	0.0544870339137837
MA1657.1	31383	0.732703622608201	0.0648639578344192
MA1683.1	31383	0.776603141948407	0.075739996809903
MA1725.1	31383	0.778350635918688	0.0515420970040214
MA1726.1	31383	0.761161576690442	0.0538788909068034
MA1727.1	31383	0.762796292489935	0.059906472230369
MA1728.1	31383	0.806298259391942	0.0573558038344714
MA1729.1	31383	0.730154906284182	0.0533950048171092
MA1730.1	31383	0.762389953272542	0.0486388678762849
MA1731.1	31383	0.774824864821961	0.0448301305667071
MA0833.2	31383	0.732909126229214	0.0591305272800791
MA0835.2	31383	0.757479019303965	0.0688420736802528
MA0465.2	31383	0.747647133052618	0.0740341060989916
MA0102.4	31383	0.730105544777001	0.0606902149196399
MA0836.2	31383	0.744237787302743	0.0617202683966825
MA0018.4	31383	0.756524971721753	0.076525612130965
MA1102.2	31383	0.807673955663518	0.0717241143612973
MA0471.2	31383	0.822149790397463	0.0651691688019057
MA0154.4	31383	0.74920932538337	0.0551160121762939
MA0162.4	31383	0.784027668429972	0.078698828121762
MA0598.3	31383	0.776587014215473	0.0592829406653363
MA0473.3	31383	0.780671833780417	0.059105984298586
MA0640.2	31383	0.793117125330877	0.0576603303925361
MA0592.3	31383	0.746404805547425	0.0566630807281328
MA0761.2	31383	0.787115498323863	0.0598611865812643
MA0477.2	31383	0.748577030773418	0.0671521568317426
MA0148.4	31383	0.750064327761645	0.0733677744144852
MA0047.3	31383	0.773442464288251	0.0755393332276604
MA1103.2	31383	0.77418430313236	0.0763543940387208
MA0481.3	31383	0.778711340939466	0.0770451107641058
MA0062.3	31383	0.780028755753636	0.0585432352376053
MA0035.4	31383	0.774708475250503	0.0673098154247609
MA0482.2	31383	0.769439640947554	0.0627766243237448
MA1104.2	31383	0.744142022730232	0.0682054978598283
MA1105.2	31383	0.754118571432666	0.0588880073503248
MA0043.3	31383	0.740272833074506	0.0650901196727259
MA0114.4	31383	0.749512584880116	0.0589707553224202
MA0484.2	31383	0.754923096972251	0.0579069992755508
MA0901.2	31383	0.724660037083239	0.0824911536513655
MA0490.2	31383	0.733753957516186	0.0688593748263885
MA0491.2	31383	0.737315324614564	0.0677587933522999
MA0039.4	31383	0.849792493362989	0.079829174028373
MA1107.2	31383	0.770484871858195	0.0677533130818482
MA0700.2	31383	0.762783335524256	0.080154796429919
MA0495.3	31383	0.715501777905778	0.0558156700115093
MA0496.3	31383	0.716186975765581	0.0547976615193495
MA0052.4	31383	0.721547387403915	0.0771135032016149
MA0620.3	31383	0.722378471144478	0.0589580781331385
MA1108.2	31383	0.829968199420917	0.0693505919672744
MA0499.2	31383	0.795263204651655	0.0536400522577909
MA0500.2	31383	0.791434187749827	0.0709423936290516
MA0056.2	31383	0.785011034397566	0.0532304627551541
MA0089.2	31383	0.713558432135276	0.0522110668418078
MA0025.2	31383	0.736339749544629	0.0708914684803483
MA0502.2	31383	0.777963848431	0.0642097483883625
MA0063.2	31383	0.80285467248641	0.0607776357539054
MA1112.2	31383	0.785737835697746	0.0630026897693282
MA0679.2	31383	0.677148057217357	0.0804735056287074
MA0712.2	31383	0.784233509160958	0.0640576694005934
MA1113.2	31383	0.727246021097777	0.0740835867361065
MA0681.2	31383	0.655744787847576	0.0915901876771104
MA0782.2	31383	0.743271063421166	0.0577211048528163
MA0627.2	31383	0.727583126912274	0.0772365312823409
MA0508.3	31383	0.812701953430811	0.0663930535470601
MA0684.2	31383	0.791651220031061	0.0598473110449885
MA0743.2	31383	0.732203459451248	0.0508616751939771
MA0744.2	31383	0.736722819818172	0.0502390690229714
MA0745.2	31383	0.780462936140214	0.0549573098550966
MA0143.4	31383	0.791064531471584	0.0683219808116608
MA0081.2	31383	0.751821543358219	0.0524984085199647
MA0829.2	31383	0.737985121581156	0.0559821399723093
MA0522.3	31383	0.839062008622386	0.0614655285177009
MA0830.2	31383	0.8052731214501	0.0587951729056952
MA0769.2	31383	0.795413201513434	0.0678440676624965
MA0090.3	31383	0.759457253754437	0.0577491830950749
MA0809.2	31383	0.778232389211674	0.0585875202837326
MA0003.4	31383	0.783326065958607	0.0612620753335709
MA0814.2	31383	0.791100073843495	0.0638466826323541
MA1123.2	31383	0.785348275779663	0.056984559106946
MA0093.3	31383	0.743047267946038	0.0584060841538405
MA0748.2	31383	0.791157775303508	0.066486467979757
MA0528.2	31383	0.823042697394789	0.0710298387003529
MA0609.2	31383	0.701504768719234	0.06685988565416
MA1684.1	31383	0.922188137205855	0.075468137577942
MA1928.1	31383	0.769475627053577	0.0672526850205233
MA1929.1	31383	0.667694896922192	0.0403071515753867
MA1930.1	31383	0.659220663879558	0.0390223296443365
MA1931.1	31383	0.714109178706677	0.0513226678588937
MA1932.1	31383	0.708201616435848	0.0448537323968175
MA1933.1	31383	0.724538495389175	0.0469818081807524
MA1934.1	31383	0.755753403668329	0.0469882141719429
MA1935.1	31383	0.804840634414024	0.0456870196044355
MA1936.1	31383	0.814927622083313	0.0408897043990124
MA1937.1	31383	0.770628728854118	0.0437875783280626
MA1938.1	31383	0.737832487618308	0.0423346885766598
MA1939.1	31383	0.714590015972149	0.0410218890607848
MA1940.1	31383	0.739107642363083	0.048038351155261
MA1941.1	31383	0.741979915961067	0.0462488548718826
MA1942.1	31383	0.769841077983076	0.0481463540473761
MA1943.1	31383	0.741171835764694	0.0451627960420012
MA1944.1	31383	0.757433407985866	0.0443395522431881
MA1945.1	31383	0.75117574855906	0.047959668622434
MA1946.1	31383	0.789563309433873	0.0430021575148153
MA1947.1	31383	0.805453583909056	0.0441011696613922
MA1948.1	31383	0.7611678617852	0.0422672565956884
MA1949.1	31383	0.728231172513573	0.0446221380832034
MA1950.1	31383	0.768966465505456	0.0524297884803191
MA1951.1	31383	0.697426585547855	0.06184069350219
MA1952.1	31383	0.78337881086458	0.0531115864428124
MA1953.1	31383	0.774807406981771	0.0491174211679747
MA1954.1	31383	0.769761613320232	0.0522070535583235
MA1955.1	31383	0.763942923132377	0.0511717959277918
MA1956.1	31383	0.753044701708545	0.0503363073108379
MA1957.1	31383	0.726810026174468	0.0488298416822925
MA1958.1	31383	0.698761720781877	0.0459517091171395
MA1959.1	31383	0.884675039712324	0.0891773772371145
MA1960.1	31383	0.753693606567884	0.0534740722628842
MA1961.1	31383	0.853402854697761	0.0901119730380895
MA1962.1	31383	0.69625398005196	0.0596685014396974
MA1963.1	31383	0.725368249223902	0.0803384120836795
MA1964.1	31383	0.847264845019827	0.0585872749035164
MA1965.1	31383	0.876555307824933	0.0817471833860251
MA1966.1	31383	0.763953751773819	0.0477138097863313
MA1967.1	31383	0.702188231786215	0.0487632953465426
MA1968.1	31383	0.77846758497672	0.0508670529045691
MA1969.1	31383	0.695751148597017	0.037202515017466
MA1970.1	31383	0.753304475535028	0.0701098324010682
MA1971.1	31383	0.781947095936564	0.0502180973336405
MA1972.1	31383	0.802591651340214	0.0470740360733054
MA1973.1	31383	0.712721901770808	0.0463999438451855
MA1974.1	31383	0.691263287033597	0.0632612136656955
MA1975.1	31383	0.745912709137271	0.0446926545893247
MA1976.1	31383	0.727486950638363	0.0474002828051263
MA1977.1	31383	0.734453322878648	0.0393636538186577
MA1978.1	31383	0.702401169544794	0.0610723464618473
MA1979.1	31383	0.781386397233249	0.0520545506246824
MA1980.1	31383	0.750373732807905	0.0427192883720645
MA1981.1	31383	0.770298540437721	0.0579745741567165
MA1982.1	31383	0.770194377348287	0.0482769670856042
MA1983.1	31383	0.642421852541689	0.0404941391803574
MA1984.1	31383	0.776954786991021	0.044626110278848
MA1985.1	31383	0.728427878623231	0.048479282343362
MA1986.1	31383	0.816984945628448	0.0701860574023819
MA1987.1	31383	0.766981877349237	0.045058021549375
MA1988.1	31383	0.784696327702135	0.068727167588007
MA1989.1	31383	0.747169695395103	0.0620074620989272
MA1990.1	31383	0.763508168532466	0.0502118601806446
MA1991.1	31383	0.773343595630294	0.0537412226923124
MA1992.1	31383	0.784718770483691	0.0545855601798263
MA1993.1	31383	0.833487991427135	0.0730850305860062
MA1994.1	31383	0.770624277097219	0.0583643020672368
MA1995.1	31383	0.787500292715272	0.0550505607115824
MA1996.1	31383	0.823314650854587	0.0656570695823806
MA1997.1	31383	0.834405644647693	0.0742094533483864
MA1998.1	31383	0.766418365453884	0.0512347666128313
MA1999.1	31383	0.739505717670085	0.04703491932287
MA2001.1	31383	0.782983967038913	0.0613578522990248
MA2002.1	31383	0.846912121260222	0.0517256487564847
MA2003.1	31383	0.854819044315158	0.0439289833025798
MA0037.4	31383	0.769248130494015	0.0667631667975762
MA0041.2	31383	0.735325823463627	0.0702005302291381
MA0050.3	31383	0.72362408131659	0.0659886096326758
MA0067.2	31383	0.750809598146292	0.0372792692221815
MA0078.2	31383	0.753252327708734	0.0611532831079374
MA0079.5	31383	0.865514386848096	0.0963734100141876
MA0080.6	31383	0.737473936051692	0.0551938447742635
MA0087.2	31383	0.777363124670154	0.0547140211792759
MA0095.3	31383	0.769371450963336	0.0653658662904305
MA0136.3	31383	0.813022185193552	0.0597794371446631
MA0152.2	31383	0.748996390940505	0.0643024684653738
MA0156.3	31383	0.776855335918318	0.0629584750798814
MA0157.3	31383	0.783531523019313	0.0726832434473569
MA0160.2	31383	0.813172966632051	0.0538351200320333
MA0466.3	31383	0.704287879526009	0.0512920431613976
MA0467.2	31383	0.79399280924671	0.0751745344002409
MA0474.3	31383	0.791227652697176	0.0576365163760394
MA0480.2	31383	0.796533164489146	0.0691363983283565
MA0489.2	31383	0.768838167165791	0.0681560719740652
MA0493.2	31383	0.895888200898434	0.0863562642532282
MA0505.2	31383	0.743781715904123	0.0543424341154094
MA0506.2	31383	0.746975426550405	0.081184392992477
MA0507.2	31383	0.684081775079755	0.0728720605297585
MA0509.3	31383	0.675646865094388	0.0552986168849818
MA0514.2	31383	0.804598053786575	0.0672873227372886
MA0516.3	31383	0.879357367116268	0.0872019829003409
MA0521.2	31383	0.806164414199669	0.069516837696401
MA0526.4	31383	0.721461771900605	0.0631802337240751
MA0606.2	31383	0.773411795941304	0.0650799664770265
MA0607.2	31383	0.741661560914039	0.0532347591212346
MA0611.2	31383	0.691195746174245	0.0663245877954864
MA0624.2	31383	0.794103201808774	0.0672487439854687
MA0625.2	31383	0.885515444177175	0.0489195963194363
MA0633.2	31383	0.835217314785121	0.0773582778982535
MA0642.2	31383	0.830295580639766	0.0694582026169299
MA0644.2	31383	0.81219527238907	0.0773111724180726
MA0650.3	31383	0.766258529885903	0.0742983065128274
MA0651.2	31383	0.704414376970031	0.0571043948493885
MA0659.3	31383	0.710713243830689	0.0521975275230487
MA0666.2	31383	0.810247449708742	0.0777171530807081
MA0668.2	31383	0.782967727264974	0.0509239115599875
MA0680.2	31383	0.66670050644428	0.0846303234648165
MA0685.2	31383	0.880598040059395	0.0890914358562837
MA0690.2	31383	0.756617812668988	0.0494301849335381
MA0693.3	31383	0.801772284767478	0.0682940007991336
MA0697.2	31383	0.789612698134425	0.0591170322668935
MA0707.2	31383	0.844484164495293	0.0723810894921723
MA0708.2	31383	0.81958203895381	0.0743691626374097
MA0723.2	31383	0.869047232598896	0.0628671595098532
MA0734.3	31383	0.780680267619338	0.0513370220658551
MA0740.2	31383	0.885381657701448	0.0840866709485437
MA0742.2	31383	0.864675142364435	0.0926985935233274
MA0754.2	31383	0.728704891109143	0.0618392418731945
MA0756.2	31383	0.756450789403953	0.0579997049792414
MA0759.2	31383	0.783930065143594	0.0670740442815533
MA0764.3	31383	0.811877906182446	0.0625531538074643
MA0765.3	31383	0.782222008927366	0.0663365430427214
MA0768.2	31383	0.750924161074087	0.059618616717415
MA0784.2	31383	0.673072043948323	0.0688995420966872
MA0798.3	31383	0.680444505402499	0.0534469219241509
MA0799.2	31383	0.688921904616081	0.0519441522593138
MA0818.2	31383	0.758463691948639	0.0529339181445079
MA0819.2	31383	0.808326584535759	0.0565944561171821
MA0821.2	31383	0.788967433022901	0.0617777618417483
MA0828.2	31383	0.694033761766557	0.0593948785435879
MA0831.3	31383	0.730136076973155	0.0650582265535368
MA0837.2	31383	0.708086354239868	0.0509448059844686
MA0847.3	31383	0.771892003825326	0.0669566474507316
MA0865.2	31383	0.777655592393783	0.0503917488971343
MA0869.2	31383	0.802279295013595	0.0569761543908929
MA0877.3	31383	0.790768763886254	0.063545351079344
MA0878.3	31383	0.764360867465468	0.0676513591184785
MA0879.2	31383	0.851555115887931	0.0665745691729683
MA0884.2	31383	0.724077070549881	0.0658907551295061
MA0885.2	31383	0.755449289667221	0.0648227690090271
MA0909.3	31383	0.76909751987357	0.0840817140382627
MA1110.2	31383	0.844100434640619	0.0635622996295983
MA1467.2	31383	0.807589283255459	0.0588049085209056
MA1472.2	31383	0.793443603708083	0.0593846490916678
MA1476.2	31383	0.755610060017274	0.0657563325339498
MA1483.2	31383	0.791793984909232	0.057621664326562
MA1487.2	31383	0.756519419515765	0.0661627773166934
MA1491.2	31383	0.705044794906499	0.0442845857137191
MA1498.2	31383	0.847677609627445	0.0657430556637407
MA1511.2	31383	0.873648186513633	0.0881435529071735
MA1518.2	31383	0.687214227733613	0.0590783048077095
MA1524.2	31383	0.755248435680304	0.0498037933973001
MA1525.2	31383	0.81771398725986	0.0606105843871506
MA1532.2	31383	0.722431061761574	0.0423013204094487
MA1547.2	31383	0.800453245138974	0.0660371565711064
MA1563.2	31383	0.871634143451287	0.0591280141024166
MA1566.2	31383	0.774958257592281	0.0502473082916819
MA1567.2	31383	0.784990375670156	0.0508585653286421
MA1573.2	31383	0.705944922243521	0.0626586098744225
MA1601.2	31383	0.753517071021373	0.0469406354360886
MA1630.2	31383	0.830026496496857	0.0860291584447061
MA1633.2	31383	0.760613454140795	0.0656120981200165
MA1647.2	31383	0.733782280509814	0.0491783674865332
MA0597.2	31383	0.815105708520981	0.0587606030875607
MA1540.2	31383	0.706353877907108	0.0517347256147614
