[SHORT TFBS MATRIX]
MA0004.1	31383	0.825741499704223	0.0753203460007519
MA0069.1	31383	0.744986716702042	0.0420535862419287
MA0071.1	31383	0.792206613438849	0.0600157686460365
MA0074.1	31383	0.731325886345652	0.0431097927666618
MA0101.1	31383	0.839313264749582	0.0503090703841259
MA0107.1	31383	0.790597962760846	0.05796900034428
MA0111.1	31383	0.845968810777547	0.034820810381523
MA0115.1	31383	0.649563232743703	0.048748618701605
MA0116.1	31383	0.800151602969936	0.0465236492116709
MA0119.1	31383	0.709425290364548	0.053527970302429
MA0130.1	31383	0.935686484213112	0.0521330614458517
MA0142.1	31383	0.719728931767411	0.0602927277324242
MA0149.1	31383	0.658849515929694	0.0579576464158451
MA0151.1	31383	0.844681526908755	0.0937766054194595
MA0155.1	31383	0.830802057857314	0.0448474268366277
MA0159.1	31383	0.777246968421443	0.0366110347725038
MA0163.1	31383	0.771689432562242	0.0544494761183224
MA0145.2	31383	0.813664119003334	0.0442640824563928
MA0468.1	31383	0.766175924379972	0.0641776537741541
MA0515.1	31383	0.833405194479767	0.0596122189888941
MA0258.2	31383	0.776782992939822	0.0436666131220423
MA0595.1	31383	0.824422693949327	0.050054495564843
MA0596.1	31383	0.805211588068499	0.0516654872996428
MA0599.1	31383	0.904098124919223	0.0730857417893565
MA0604.1	31383	0.813741339322352	0.0621199335864791
MA0608.1	31383	0.801911081241353	0.059159090684701
MA0613.1	31383	0.786428949379435	0.0826753395343972
MA0614.1	31383	0.815681451185869	0.0760398462321269
MA0636.1	31383	0.745647164127665	0.0621896190097833
MA0641.1	31383	0.756662901874778	0.0599965209172615
MA0042.2	31383	0.812878134009626	0.0741452141907583
MA0033.2	31383	0.847170725624094	0.0721431906985601
MA0153.2	31383	0.686284282375558	0.0719660604583078
MA0486.2	31383	0.709993192814411	0.0582734510953426
MA0653.1	31383	0.66134513048039	0.0525618446551069
MA0655.1	31383	0.737111386727561	0.0670009580563066
MA0660.1	31383	0.70797243190366	0.072204001253224
MA0663.1	31383	0.742834703477443	0.0602559989879691
MA0665.1	31383	0.782079381101135	0.0519700825678021
MA0667.1	31383	0.76187585316548	0.0568606827911995
MA0669.1	31383	0.764616148378176	0.0525164299973416
MA0676.1	31383	0.803904046178805	0.0613930452833781
MA0678.1	31383	0.764418102647034	0.0534182639975187
MA0068.2	31383	0.773981262143245	0.0748628898933547
MA0512.2	31383	0.697062381389334	0.0497500232012789
MA0083.3	31383	0.656767822462319	0.0529395593719786
MA0009.2	31383	0.675948085047759	0.0450321667596969
MA0689.1	31383	0.771592436431159	0.0507225296733539
MA0691.1	31383	0.763332083206487	0.0622602967767929
MA0696.1	31383	0.749273593443431	0.051280786044288
MA0713.1	31383	0.731948512234557	0.0766519146414471
MA0715.1	31383	0.696662435146406	0.0850096610770378
MA0724.1	31383	0.786679504384324	0.0681828189750945
MA0728.1	31383	0.684034373386571	0.0464964004496734
MA0729.1	31383	0.667990706979606	0.0433675072255456
MA0730.1	31383	0.686643898278161	0.0438159607772876
MA0731.1	31383	0.643388968541001	0.0477936520801145
MA0472.2	31383	0.78344950622414	0.0596638152097241
MA0736.1	31383	0.763579174790243	0.0493772304703324
MA0737.1	31383	0.718860435379526	0.0432172525958087
MA0741.1	31383	0.847798252823504	0.0770010934968604
MA0088.2	31383	0.724388444597871	0.0467839739235118
MA0758.1	31383	0.659539799196092	0.0513477526216462
MA0770.1	31383	0.724189193268097	0.0569198082220833
MA0771.1	31383	0.757183580297617	0.0515209549090123
MA0773.1	31383	0.715699519097782	0.0755424127069967
MA0774.1	31383	0.833022746303454	0.0637562644994971
MA0776.1	31383	0.716287321907272	0.0484832218702063
MA0777.1	31383	0.686636585112414	0.044940399611165
MA0105.4	31383	0.68450429542448	0.0556525574861129
MA0780.1	31383	0.687321804876092	0.0799705908637552
MA0783.1	31383	0.694210146877147	0.0550901827297161
MA0787.1	31383	0.729532369172327	0.0755817259997583
MA0788.1	31383	0.723114158899482	0.0749824287530673
MA0789.1	31383	0.750940806687939	0.0789059525259691
MA0792.1	31383	0.775857096851259	0.075510330969531
MA0794.1	31383	0.733005046958589	0.0471379009247436
MA0795.1	31383	0.727175923933795	0.0549278489549944
MA0796.1	31383	0.667504614715018	0.0584537070461366
MA0797.1	31383	0.703216224035761	0.0540593434806843
MA0511.2	31383	0.802856919217221	0.0526953169076137
MA0801.1	31383	0.825504491941044	0.0532398900615558
MA0803.1	31383	0.802212437698161	0.0566415291781066
MA0805.1	31383	0.79872554206497	0.0587663089332947
MA0806.1	31383	0.832351192419825	0.0517392435587282
MA0807.1	31383	0.843315593228644	0.0499810266896158
MA0808.1	31383	0.837203674890453	0.0589198593134741
MA0813.1	31383	0.784883738145701	0.0614583735762644
MA0815.1	31383	0.777094361857714	0.0642450526312588
MA0816.1	31383	0.807629727087862	0.0585140233925728
MA0822.1	31383	0.698787994093044	0.0569263461633859
MA0823.1	31383	0.773491829106557	0.068949225135318
MA0826.1	31383	0.744577024967079	0.0565926243107506
MA0827.1	31383	0.792329579848821	0.0487446392307154
MA0838.1	31383	0.747236867886961	0.0535142264054879
MA0845.1	31383	0.75993742119831	0.0728950387403679
MA0032.2	31383	0.788129226189082	0.0728604025634599
MA0848.1	31383	0.834302079351764	0.0708974989013017
MA0849.1	31383	0.817920639969584	0.073154247870138
MA0850.1	31383	0.88192193298381	0.0547693555871075
MA0855.1	31383	0.693671560761263	0.049936877801654
MA0856.1	31383	0.704271358712998	0.0493877577460612
MA0857.1	31383	0.654837351432833	0.0489871075982999
MA0858.1	31383	0.676439256887567	0.0464280392195455
MA0860.1	31383	0.66826524112318	0.0457452861771228
MA0525.2	31383	0.674918829152463	0.0427777460244193
MA0106.3	31383	0.686447681591941	0.041783394103968
MA0862.1	31383	0.78613968556061	0.0575987119762162
MA0863.1	31383	0.705108120340162	0.0428110369164759
MA0024.3	31383	0.742869559234601	0.0503228798138393
MA0866.1	31383	0.661958122230025	0.0592820541674056
MA0870.1	31383	0.663896285915886	0.0590805087000771
MA0872.1	31383	0.770784022112758	0.0659557237353887
MA1124.1	31383	0.673708214710402	0.0608809146121767
MA1155.1	31383	0.706967092670406	0.048438842868159
MA1127.1	31383	0.726188462469583	0.0683140303609092
MA1129.1	31383	0.737699461932857	0.0670275508421979
MA1136.1	31383	0.754344103917889	0.0646379679531317
MA1420.1	31383	0.721681226251153	0.0445908753337676
MA1421.1	31383	0.741006481127277	0.0553905804903186
MA1468.1	31383	0.826023408922216	0.0436900153271606
MA1485.1	31383	0.743422626345033	0.0497632157083426
MA1489.1	31383	0.728471624765	0.0866162024750078
MA1493.1	31383	0.774979263637146	0.0480596111045592
MA1509.1	31383	0.762513294215512	0.0518313538343571
MA1538.1	31383	0.710786700991409	0.0453172470291709
MA1539.1	31383	0.69540098106413	0.0462850568446703
MA1555.1	31383	0.738193075586167	0.0447984975679003
MA1556.1	31383	0.734090188021757	0.0469714276568701
MA1557.1	31383	0.757200557400448	0.0497374818360348
MA1570.1	31383	0.832294511577474	0.0528345872390303
MA1571.1	31383	0.723388450919427	0.0499663447421936
MA1572.1	31383	0.731032674136809	0.049826043687636
MA1580.1	31383	0.746953087177147	0.0644259765704254
MA1587.1	31383	0.750338520261346	0.0478638243020773
MA1588.1	31383	0.7016970505715	0.0483382542651318
MA1594.1	31383	0.661436643780082	0.0360101931657827
MA1596.1	31383	0.738291545681098	0.0612587568801767
MA1597.1	31383	0.68160578972106	0.0442382918522769
MA0158.2	31383	0.832082321116639	0.06302523699105
MA0912.2	31383	0.78405985833421	0.0698285626418405
MA0623.2	31383	0.763129288850407	0.053749133426161
MA2093.1	31383	0.850983410027431	0.0612555922149305
MA2094.1	31383	0.765228386355602	0.0390479162026956
MA2095.1	31383	0.761894778483937	0.0615855475900879
MA2096.1	31383	0.808573839309833	0.0541733853274571
MA1715.1	31383	0.707718964486729	0.0452293749420513
MA2097.1	31383	0.740434736975891	0.0529657942459908
MA2098.1	31383	0.79694840327382	0.0655349836534456
MA2099.1	31383	0.849107963745715	0.0626434283830742
MA1718.1	31383	0.632122703254689	0.0462180443828833
MA2100.1	31383	0.619523623917336	0.0447365390738743
MA2101.1	31383	0.741604171446952	0.0559666590767329
MA1684.1	31383	0.922188137205855	0.075468137577942
MA2102.1	31383	0.743245895715311	0.0652021611956371
MA1931.1	31383	0.714109178706677	0.0513226678588937
MA1957.1	31383	0.726810026174468	0.0488298416822925
MA1962.1	31383	0.69625398005196	0.0596685014396974
MA1972.1	31383	0.802591651340214	0.0470740360733054
MA1980.1	31383	0.750373732807905	0.0427192883720645
MA1985.1	31383	0.728427878623231	0.048479282343362
MA2117.1	31383	0.80152435090111	0.0756253300074012
MA2118.1	31383	0.78224265629314	0.0752617939861614
MA2119.1	31383	0.834013389955673	0.0715353254735777
MA2120.1	31383	0.796458422191816	0.0456559586492474
MA2121.1	31383	0.794264645166658	0.0661970533989079
MA2122.1	31383	0.755858436487645	0.055982388340704
MA2123.1	31383	0.812809237843959	0.0542361985942547
MA2124.1	31383	0.759909597520298	0.106656639663076
MA2125.1	31383	0.821514289107345	0.0601843250297626
MA2126.1	31383	0.802944262491873	0.0705938765057502
MA0079.5	31383	0.865514386848096	0.0963734100141876
MA0509.3	31383	0.675646865094388	0.0552986168849818
MA0516.3	31383	0.879357367116268	0.0872019829003409
MA0607.2	31383	0.741661560914039	0.0532347591212346
MA0685.2	31383	0.880598040059395	0.0890914358562837
MA0740.2	31383	0.885381657701448	0.0840866709485437
MA0742.2	31383	0.864675142364435	0.0926985935233274
MA0798.3	31383	0.680444505402499	0.0534469219241509
MA0818.2	31383	0.758463691948639	0.0529339181445079
MA0821.2	31383	0.788967433022901	0.0617777618417483
MA0831.3	31383	0.730136076973155	0.0650582265535368
MA0878.3	31383	0.764360867465468	0.0676513591184785
MA0884.2	31383	0.724077070549881	0.0658907551295061
MA1511.2	31383	0.873648186513633	0.0881435529071735
MA1532.2	31383	0.722431061761574	0.0423013204094487
MA1547.2	31383	0.800453245138974	0.0660371565711064
MA1563.2	31383	0.871634143451287	0.0591280141024166
MA1573.2	31383	0.705944922243521	0.0626586098744225
MA1601.2	31383	0.753517071021373	0.0469406354360886
MA1633.2	31383	0.760613454140795	0.0656120981200165
MA2323.1	31383	0.656664557638075	0.0560146761050432
MA2324.1	31383	0.833605630589275	0.0637838597435487
MA2325.1	31383	0.788162063031827	0.0568848876119958
MA2326.1	31383	0.890354128637952	0.075942552274068
MA2327.1	31383	0.779341323921251	0.0798089938373455
MA2328.1	31383	0.807647032276204	0.0944368277736202
MA2329.1	31383	0.802834346730742	0.0679436186523547
MA2330.1	31383	0.774900243327417	0.0634224879526906
MA2331.1	31383	0.6487448298205	0.0391896575931328
MA2332.1	31383	0.800128071351515	0.0645737740014635
MA2333.1	31383	0.768695416383982	0.0881484041831352
MA2334.1	31383	0.713836062108506	0.0476830885388666
MA2335.1	31383	0.608910913783986	0.0507018871440137
MA2336.1	31383	0.827307181586421	0.0654610106249926
MA2337.1	31383	0.88246150296218	0.0700893249596721
MA2338.1	31383	0.822300748859808	0.065195077327158
MA2339.1	31383	0.806193142601925	0.063552700996513
MA2340.1	31383	0.776085717309388	0.0624163653587413
MA2341.1	31383	0.860553072482387	0.0593406233708918
MA0619.2	31383	0.822719420534165	0.0924028794267851
MA0006.2	31383	0.900013967480167	0.0776265999295563
MA0854.2	31383	0.759327664561631	0.0825205518964589
MA0634.2	31383	0.834510145342916	0.082917921815575
MA0853.2	31383	0.728115711602738	0.0650475924442556
MA0690.3	31383	0.768422143274959	0.0502489431508482
MA0007.4	31383	0.705228124871182	0.0475577322368234
MA1463.2	31383	0.744391461147951	0.0884908175199646
MA0601.2	31383	0.798524035053654	0.103192730190825
MA0602.2	31383	0.765147271024957	0.0862353814187006
MA0259.2	31383	0.882768750338522	0.0805930582811557
MA1464.2	31383	0.783169284229685	0.0729903688433306
MA0603.2	31383	0.792740705809689	0.067922756490111
MA0874.2	31383	0.751769339485981	0.0720108664847219
MA1100.3	31383	0.858379663099834	0.056631491128009
MA1631.2	31383	0.822409886520423	0.0602445977705353
MA1632.2	31383	0.759458811121238	0.0718942797417645
MA1988.2	31383	0.806894788312691	0.0750292721092453
MA0605.3	31383	0.720599910284584	0.0749167565610636
MA0833.3	31383	0.748883240591789	0.0615336649031392
MA1466.2	31383	0.712287436915664	0.0490173821799238
MA0834.2	31383	0.708648677767001	0.0727184503230639
MA0461.3	31383	0.812784305120506	0.0567189877336741
MA1467.3	31383	0.827029696003152	0.0656205068755487
MA0591.2	31383	0.752143353483661	0.0493485479071797
MA0496.4	31383	0.751915272579357	0.0602469548485067
MA1101.3	31383	0.731540632224717	0.0576527746671739
MA1470.2	31383	0.677930995125873	0.0477811135602271
MA0877.4	31383	0.82857315819469	0.0681349489557425
MA0635.2	31383	0.870730690087071	0.0676035539961357
MA0875.2	31383	0.851171909784494	0.0806062675518323
MA1471.2	31383	0.794651258455114	0.0774487889963439
MA1634.2	31383	0.802631635422968	0.0774830435666553
MA0462.3	31383	0.803041321608488	0.0771621483705585
MA0489.3	31383	0.775036405960554	0.0715755741450804
MA0488.2	31383	0.781188635990128	0.0649034423229121
MA0835.3	31383	0.807073365630934	0.0756890558168029
MA1989.2	31383	0.772666546977907	0.0659461581136147
MA0463.3	31383	0.728031178970675	0.0482617515416068
MA1472.3	31383	0.80307175638092	0.0629835938151038
MA1635.2	31383	0.835533801119215	0.0880419115876942
MA0817.2	31383	0.74270456731173	0.057297152180015
MA0464.3	31383	0.79006778866856	0.0697586961894845
MA1928.2	31383	0.796838856901513	0.0782835399156527
MA0876.2	31383	0.865918128091798	0.0789191972109498
MA0465.3	31383	0.769968061672622	0.0759520582450961
MA1473.2	31383	0.778364565126218	0.0748398660954857
MA0102.5	31383	0.747616741375369	0.0618319069995039
MA0466.4	31383	0.714400532844865	0.0533990577233315
MA0836.3	31383	0.781333599744089	0.0686832554923731
MA0837.3	31383	0.717252848337693	0.0532209925159211
MA1636.2	31383	0.750089222734369	0.0610029798527078
MA0819.3	31383	0.827347603144769	0.0642596864032367
MA0018.5	31383	0.779161334624412	0.0810935532351366
MA0638.2	31383	0.743957415451675	0.0516372214451861
MA0839.2	31383	0.716589796348396	0.0481876293448314
MA1474.2	31383	0.78616941024264	0.0525587412382055
MA1475.2	31383	0.786393870853554	0.0649670188806439
MA0840.2	31383	0.732120882728999	0.0736285499384317
MA0609.3	31383	0.722742613947063	0.0723227608778015
MA0467.3	31383	0.80540717715349	0.0824228935561633
MA0139.2	31383	0.783548280804942	0.0500739651438042
MA1929.2	31383	0.671488490489601	0.0408681067065475
MA1930.2	31383	0.663349914646179	0.0398936519476864
MA1102.3	31383	0.833219816634211	0.0705067898200709
MA0754.3	31383	0.737583728816499	0.0625977565882607
MA0650.4	31383	0.787011796182548	0.0750061759632713
MA0901.3	31383	0.757955121450017	0.0832874492525874
MA0755.2	31383	0.734360713486328	0.0701586766348982
MA0639.2	31383	0.758047088766111	0.0656663186294476
MA0019.2	31383	0.807692105887198	0.0462773508541705
MA0879.3	31383	0.86097496586419	0.0704069443031868
MA0885.3	31383	0.765960835109226	0.0662627292099527
MA0880.2	31383	0.839007798979229	0.0804426044757299
MA0881.2	31383	0.843542891821195	0.0778735221558905
MA1476.3	31383	0.766005748094571	0.067176536182294
MA0882.2	31383	0.843109390889116	0.079529819900761
MA0883.2	31383	0.784483968176601	0.0577384775460647
MA1603.2	31383	0.761855238325199	0.0739934633390557
MA0610.2	31383	0.816252293663745	0.0672257455937438
MA1707.2	31383	0.793994436993366	0.0591956666065825
MA1478.2	31383	0.901324244725993	0.0575790805142685
MA1479.2	31383	0.761428985659175	0.0569126636375987
MA1480.2	31383	0.776642726235772	0.0595780070764858
MA1481.2	31383	0.832249058032185	0.0852173065894149
MA0611.3	31383	0.704730292917276	0.0698432944768783
MA0864.3	31383	0.744965677002322	0.0494636876705353
MA0469.4	31383	0.66930023321998	0.0466036166925928
MA0756.3	31383	0.766262112633687	0.0612623549108872
MA0470.3	31383	0.727337895887155	0.0489292670857009
MA0471.3	31383	0.847651338065742	0.0659957923509045
MA0865.3	31383	0.818341659666055	0.0602531781671302
MA0154.5	31383	0.761183207434686	0.0573540495037526
MA1604.2	31383	0.786517661619737	0.0626263379538458
MA1637.2	31383	0.785891627289022	0.0649688829635027
MA0162.5	31383	0.808370392886588	0.0755859818113681
MA0732.2	31383	0.765912313305843	0.0735445865466582
MA0733.2	31383	0.787980263230231	0.067813825025851
MA0598.4	31383	0.823196166605563	0.0641782888430684
MA0473.4	31383	0.808244163337063	0.0642896469222111
MA1483.3	31383	0.813208446459305	0.0605576417575057
MA0640.3	31383	0.822772995217905	0.0623475140569368
MA0136.4	31383	0.838459517293937	0.0631906251857348
MA0028.3	31383	0.786908252709299	0.0681350736953341
MA0800.2	31383	0.790775354493706	0.0533275460963982
MA1708.2	31383	0.852926393616285	0.059580063746257
MA1495.2	31383	0.851157789310295	0.0748644172478854
MA1932.2	31383	0.712567041484239	0.045446145205785
MA0779.2	31383	0.73181530436519	0.037910564210941
MA0014.4	31383	0.806032054499946	0.0587824940772412
MA0781.2	31383	0.705660562463656	0.0405130537135904
MA0686.2	31383	0.787031769177968	0.0548322731728264
MA1933.2	31383	0.724824730605887	0.0486017314861052
MA0828.3	31383	0.71223475467375	0.063985716108546
MA0843.2	31383	0.748709999119397	0.0633700666267317
MA0759.3	31383	0.792094516247482	0.0684857751315308
MA0076.3	31383	0.838570171688328	0.0653684855519857
MA0612.3	31383	0.81087036317977	0.086830715264358
MA0886.2	31383	0.810879434150184	0.0888850165300869
MA0027.3	31383	0.848862074351179	0.0814748585759141
MA0642.3	31383	0.836738358131312	0.0719559997640074
MA0760.2	31383	0.818301143283015	0.0580545148351982
MA1934.2	31383	0.766973386125968	0.0489516855861916
MA0820.2	31383	0.895508645404043	0.0623556193193229
MA1935.2	31383	0.853902158163384	0.0491902085062078
MA1936.2	31383	0.824210326880479	0.0429232355576706
MA0480.3	31383	0.809506876107	0.0721973198807424
MA1937.2	31383	0.784064879706002	0.0457817568992299
MA0058.4	31383	0.816362997208894	0.08086747996518
MA1938.2	31383	0.740099620789048	0.0427053920177387
MA0048.3	31383	0.812269316331916	0.0624508801065847
MA1939.2	31383	0.716415410198329	0.0413260167791808
MA0474.4	31383	0.80232739745811	0.0605839781525818
MA0112.4	31383	0.693733862741754	0.0475013589508372
MA0592.4	31383	0.767563832273888	0.0607402160901675
MA0141.4	31383	0.74748474016847	0.0592508006596712
MA0643.2	31383	0.799539616579207	0.0548671359422967
MA0644.3	31383	0.817387199155037	0.0794066567989248
MA0098.4	31383	0.831839618934808	0.0598627563571198
MA1484.2	31383	0.831101303020192	0.0596179300657731
MA0761.3	31383	0.81218061712492	0.0633843145626203
MA0762.2	31383	0.804111421246964	0.0597600779747731
MA1940.2	31383	0.747688285999305	0.0504894456713271
MA1941.2	31383	0.753483264082832	0.048679796815037
MA1942.2	31383	0.807392829001946	0.054751616547698
MA1943.2	31383	0.75522137076705	0.0462975637997718
MA0763.2	31383	0.824253626498685	0.0552450238543523
MA0764.4	31383	0.819318393055494	0.0630569185469367
MA0765.4	31383	0.787068621178522	0.0671500565656612
MA1944.2	31383	0.763333417519182	0.0465013656750567
MA1945.2	31383	0.758526948601302	0.0484035107471871
MA1946.2	31383	0.798492751849471	0.0436636559216066
MA1947.2	31383	0.829080132846674	0.0463590821722854
MA1948.2	31383	0.770196001887121	0.0438444710683755
MA0900.3	31383	0.806464555422574	0.0897192556677926
MA0645.2	31383	0.835060042381678	0.0633774707674851
MA0887.2	31383	0.853476876207339	0.0777731533036252
MA0888.2	31383	0.852882522516588	0.0772162612913203
MA0156.4	31383	0.787189417114486	0.0659427178698376
MA0475.3	31383	0.814984014684625	0.0617883678945143
MA1949.2	31383	0.736226553917737	0.0453318153252236
MA1950.2	31383	0.787555448647983	0.0558009763968266
MA0476.2	31383	0.786054404832781	0.0744424506009588
MA1951.2	31383	0.698628926162727	0.0627762454745143
MA0099.4	31383	0.787557948777539	0.063891688228972
MA1126.2	31383	0.750537687705882	0.0662818121298126
MA1134.2	31383	0.77216212293635	0.0661422207705846
MA1140.3	31383	0.702594151797805	0.068399897433048
MA0490.3	31383	0.741459181202292	0.0702175269818894
MA1141.2	31383	0.77805634889958	0.0657090866842109
MA0492.2	31383	0.780979556574847	0.0631487207481542
MA0491.3	31383	0.742471864084036	0.0695230789721091
MA1135.2	31383	0.779085910785741	0.066536533034787
MA0477.3	31383	0.754925678095261	0.0691272640290582
MA1128.2	31383	0.783135794010771	0.0648164936104122
MA1137.2	31383	0.78510097944905	0.0630299813279394
MA1142.2	31383	0.829978001465392	0.0599485112351671
MA1143.2	31383	0.796354939661556	0.0631071319048539
MA0478.2	31383	0.798122828517235	0.0601797164943829
MA1130.2	31383	0.786535675087806	0.0654558388577464
MA1131.2	31383	0.756063814133589	0.069556760256658
MA1138.2	31383	0.773159557627341	0.0680872659255296
MA1139.2	31383	0.727524355803801	0.0733556863450793
MA1144.2	31383	0.776743479826524	0.0660285080625538
MA1145.2	31383	0.751857050771346	0.0710115063062165
MA0148.5	31383	0.76903115828802	0.0746106425221084
MA0047.4	31383	0.79623697047524	0.0769463295667324
MA1683.2	31383	0.798055726259161	0.0779186048531015
MA0846.2	31383	0.790495721052242	0.0717418853656055
MA0031.2	31383	0.808037172309232	0.0743449690465969
MA0847.4	31383	0.777210597967449	0.0715837682288031
MA0041.3	31383	0.751635498610523	0.07184080133563
MA1487.3	31383	0.76287528923869	0.0691653437339208
MA1606.2	31383	0.809741449225049	0.0814615549242571
MA0030.2	31383	0.777833767787464	0.071338761912027
MA0479.2	31383	0.799074709291292	0.068932153561571
MA1952.2	31383	0.808859998094925	0.056006105600711
MA0682.3	31383	0.824044247657659	0.0723357436080976
MA0851.2	31383	0.784087908162895	0.0762307234399329
MA0852.3	31383	0.811337675625217	0.0745978472136833
MA1103.3	31383	0.798676893849996	0.0792765486412295
MA1607.2	31383	0.751035383168038	0.0760447918675619
MA1953.2	31383	0.777396712364038	0.049352833925884
MA1954.2	31383	0.772040981449743	0.0531469865448128
MA1955.2	31383	0.766158791307726	0.0515705051114859
MA1956.2	31383	0.758144900626142	0.0516017703088441
MA0157.4	31383	0.806875176772821	0.0761050867783838
MA0481.4	31383	0.801838378225352	0.0781918345552507
MA0593.2	31383	0.805719493084266	0.0746253151936804
MA0040.2	31383	0.778117562806419	0.0705029252797033
MA0062.4	31383	0.791163278493977	0.0608551982219198
MA0035.5	31383	0.807767845284308	0.0701092944941102
MA0140.3	31383	0.742119638385048	0.0555908749751287
MA0036.4	31383	0.801158796723621	0.0745226693347979
MA0037.5	31383	0.782316804462172	0.0690057595821339
MA0482.3	31383	0.79108224496466	0.0646828630074998
MA0766.3	31383	0.829642788399518	0.0645138681434712
MA1104.3	31383	0.782012749446763	0.0701425527012309
MA0889.2	31383	0.807849219382734	0.0832584652575374
MA0890.2	31383	0.820791944920201	0.0880528960044206
MA0646.2	31383	0.785690065007999	0.0469679197352624
MA0143.5	31383	0.820905592146326	0.0714526944187982
MA0767.2	31383	0.825771015209921	0.0501406612164744
MA0038.3	31383	0.77165952305387	0.0557519201180257
MA0483.2	31383	0.81587127933803	0.0553994756711457
MA1990.2	31383	0.772006921415989	0.0523791836921626
MA0734.4	31383	0.794192695268799	0.0544459135726134
MA1491.3	31383	0.704077752232689	0.04546827742205
MA0735.2	31383	0.680679113507939	0.0470049528445413
MA0615.2	31383	0.859773816036818	0.0644869562021489
MA0647.2	31383	0.731706831473352	0.0588865062344769
MA1105.3	31383	0.787935322199061	0.0616031907063109
MA0648.2	31383	0.827054216016363	0.0768262035966068
MA0891.2	31383	0.84728600942706	0.0680395609747251
MA0892.2	31383	0.872828683389228	0.0673175187685388
MA0893.3	31383	0.872481105942882	0.0620137808790007
MA0092.2	31383	0.862753536996442	0.046031159621269
MA0522.4	31383	0.853734895041261	0.0638852536552499
MA1638.2	31383	0.855245054885663	0.0665519059498431
MA1099.3	31383	0.835906432458745	0.0759611950638614
MA0616.3	31383	0.791892345382056	0.0733125928504892
MA0894.2	31383	0.816847413571515	0.0917090462657377
MA0649.2	31383	0.800502529854556	0.0617029329147913
MA0739.2	31383	0.848475479862766	0.0497810504057938
MA0738.2	31383	0.922470137069114	0.0527830175033924
MA1106.2	31383	0.824927458525895	0.0710093160300417
MA0131.3	31383	0.831533270083317	0.0636599101760209
MA0043.4	31383	0.754984626017665	0.0699232211898944
MA0895.2	31383	0.8346835852913	0.0668928792236025
MA0896.2	31383	0.766075660338899	0.064074185659741
MA0897.2	31383	0.716613866027478	0.0592142996566525
MA0898.2	31383	0.766797678512272	0.0652714391292954
MA1991.2	31383	0.776444668397231	0.057709967595023
MA0046.3	31383	0.698984354633372	0.0726435484996518
MA1494.2	31383	0.70435577230629	0.048011385881311
MA0114.5	31383	0.765285264741242	0.0617839829235444
MA0484.3	31383	0.769853227488464	0.0606345080753061
MA0899.2	31383	0.79770119463325	0.0776073794924393
MA0911.2	31383	0.792638222289665	0.0592347003651389
MA1496.2	31383	0.873714363847092	0.0546781844341738
MA1497.2	31383	0.848543350363921	0.0624935879712975
MA1498.3	31383	0.875566262823096	0.0723113965378493
MA0594.3	31383	0.853668549635574	0.0526042466793907
MA0902.3	31383	0.857949283202259	0.0804332492193463
MA1566.3	31383	0.788625210201889	0.0523668179180127
MA0903.2	31383	0.863387156580792	0.0771986806575563
MA1499.2	31383	0.834333496038702	0.0826082137023446
MA0904.3	31383	0.833320525886696	0.0797321652275091
MA1500.2	31383	0.867064848626473	0.0579530667827027
MA1501.2	31383	0.833559933765056	0.0605728979612587
MA1502.2	31383	0.841072833605401	0.0725607555448252
MA1503.2	31383	0.762248654857037	0.0638645962580042
MA0905.2	31383	0.798325630771204	0.0663860463250633
MA0651.3	31383	0.706587480347919	0.0576785689078434
MA0906.2	31383	0.744517908280749	0.0594721685275809
MA0907.2	31383	0.747364238065969	0.0649914724862383
MA1504.2	31383	0.855523900484215	0.0778955547278593
MA1505.2	31383	0.867540684373456	0.0690478398438377
MA0485.3	31383	0.747884258822542	0.0655574287274665
MA1506.2	31383	0.743782277349196	0.0589419634630436
MA0908.2	31383	0.781908639100559	0.0663608874562175
MA0873.2	31383	0.755286477180566	0.0575286420034684
MA1958.2	31383	0.703919116104189	0.0493369961906205
MA0909.4	31383	0.784581432169914	0.0867367335376287
MA1507.2	31383	0.84919934506904	0.0801917402841426
MA0910.3	31383	0.841665531641073	0.0721528099219082
MA0913.3	31383	0.780041594115864	0.076647522046058
MA1508.2	31383	0.825870331130324	0.0646289981292625
MA1992.2	31383	0.820906940911794	0.0604572132392203
MA0050.4	31383	0.74610027780506	0.0700160360261897
MA0051.2	31383	0.735397056221468	0.0512160830467285
MA1418.2	31383	0.68801645008725	0.053331572576336
MA1419.2	31383	0.673344723593697	0.0511551168867993
MA0772.2	31383	0.727994570939942	0.0609043778601392
MA0652.2	31383	0.688716187679452	0.0521468269674277
MA1608.2	31383	0.800938600314765	0.0694138471210213
MA0914.2	31383	0.878202756960706	0.062170629612521
MA0654.2	31383	0.815877803140719	0.090467172312775
MA0656.2	31383	0.72426106111525	0.0736428290847692
MA1132.2	31383	0.819373477533987	0.0610023014788367
MA1133.2	31383	0.746073932411353	0.0636162908904467
MA0493.3	31383	0.898309655729912	0.0885815742142759
MA1512.2	31383	0.851096923201977	0.0712840872872379
MA0657.2	31383	0.726391489619015	0.0519040085148672
MA1513.2	31383	0.85585906606929	0.111578303052891
MA1514.2	31383	0.762819867162551	0.055183495639647
MA1515.2	31383	0.891383425127154	0.0785272587765262
MA1516.2	31383	0.822310007045603	0.0745216322559113
MA0039.5	31383	0.867395022979236	0.081152018672663
MA1517.2	31383	0.866536956478007	0.0687377870201023
MA1959.2	31383	0.88817759871641	0.0915976035040438
MA1107.3	31383	0.794642569387876	0.0696200034422602
MA0618.2	31383	0.827681520246425	0.0684111411981446
MA0699.2	31383	0.847301866143822	0.0746577265746004
MA0768.3	31383	0.789110102562028	0.0669695901575294
MA1518.3	31383	0.726126617349722	0.0651829148366473
MA0700.3	31383	0.804606420985647	0.088279511245392
MA0135.2	31383	0.741406014491975	0.0773443741408926
MA0704.2	31383	0.840731346801978	0.0772693774169457
MA1519.2	31383	0.799839994617014	0.0828842561425834
MA0658.2	31383	0.788232110133516	0.0711466151712615
MA0705.2	31383	0.851336055320834	0.07600886282862
MA0701.3	31383	0.800800244857254	0.078726235427956
MA0702.3	31383	0.759861335793084	0.0928843951645959
MA0703.3	31383	0.718360807738546	0.096978020030092
MA1520.2	31383	0.735362025235464	0.0460233949283188
MA0501.2	31383	0.750874562874791	0.0528103074335764
MA0841.2	31383	0.724470332255447	0.0632488717593041
MA1521.2	31383	0.740079534655925	0.0461006573287988
MA0117.3	31383	0.790240657192434	0.0526168649455471
MA0495.4	31383	0.7397413785781	0.056601670473451
MA0659.4	31383	0.726084111546267	0.0539772534019339
MA0089.3	31383	0.73601197829554	0.0549164542638194
MA0059.2	31383	0.770659406641042	0.0558568841030497
MA0147.4	31383	0.794435608556065	0.0664037479394063
MA1522.2	31383	0.86056109287027	0.0862578197907506
MA0029.2	31383	0.73662667700076	0.0619370847293902
MA0052.5	31383	0.739877317726501	0.0794421308056757
MA0497.2	31383	0.776502890479267	0.0686390211150103
MA0498.3	31383	0.923351909800505	0.0641505250618077
MA1639.2	31383	0.762265578633786	0.0693877245155493
MA1640.2	31383	0.748636560864587	0.0757398747169042
MA0775.2	31383	0.872266057982926	0.0598016854270884
MA0661.2	31383	0.82295353509628	0.0717059844531717
MA0706.2	31383	0.830241049957732	0.068555355974552
MA1960.2	31383	0.75684207646653	0.0539380574663899
MA0620.4	31383	0.744707799942064	0.0643987986435625
MA0621.2	31383	0.73247226728627	0.106297403127266
MA0662.2	31383	0.843357055594125	0.0794557317622462
MA0622.2	31383	0.775382638158663	0.100830065696541
MA0664.2	31383	0.800297783891739	0.0682975685520022
MA0825.2	31383	0.825279991310102	0.073583319138929
MA0707.3	31383	0.862770202925944	0.0776711723816369
MA1523.2	31383	0.861294898961936	0.0593230846644705
MA1524.3	31383	0.77418004930806	0.0546606514633473
MA0666.3	31383	0.829079391692442	0.0823343001498817
MA0708.3	31383	0.837879154241953	0.0783845703718892
MA0709.2	31383	0.814406048403407	0.0889365181481343
MA1108.3	31383	0.841864707817858	0.074669983516021
MA0100.4	31383	0.848727387717545	0.0675245903842323
MA0104.5	31383	0.777335941633316	0.0651972158624777
MA1641.2	31383	0.796737574411385	0.0660366474780672
MA0499.3	31383	0.809165920531074	0.0560957783910356
MA0500.3	31383	0.816803269692128	0.0747888421238218
MA0056.3	31383	0.806554092728154	0.0571965032815575
MA1109.2	31383	0.82149674319771	0.0581796899047349
MA1993.2	31383	0.839043356681869	0.0856847692962935
MA0668.3	31383	0.819412108849455	0.05798226913258
MA1642.2	31383	0.831774463261974	0.0645859161506511
MA0606.3	31383	0.805891839949914	0.0678732252252755
MA0624.3	31383	0.860919012800726	0.0759521523850583
MA0152.3	31383	0.798195131150992	0.0708848932435199
MA0625.3	31383	0.921368092387393	0.0514520676898977
MA1525.3	31383	0.832492509353465	0.0611574409570692
MA0150.3	31383	0.748188547019631	0.0537981067091563
MA0670.2	31383	0.82759774400153	0.0830211761290962
MA1643.2	31383	0.688608856937568	0.0507595405326223
MA0161.3	31383	0.824312859292064	0.0674331457742677
MA1527.2	31383	0.718189980895122	0.0561428865942554
MA0025.3	31383	0.754518211854271	0.0740551267662664
MA0671.2	31383	0.920937568710762	0.0491543873138501
MA1528.2	31383	0.73602785329353	0.0560882412891236
MA0778.2	31383	0.729587720982187	0.0602166428359799
MA0060.4	31383	0.816220464978023	0.0729110051906549
MA0502.3	31383	0.803509451838043	0.0672896099850493
MA1644.2	31383	0.827584243421515	0.0764587065463646
MA1529.2	31383	0.722146855758413	0.0531147362636536
MA1994.2	31383	0.802793587024148	0.0691270139932059
MA1645.2	31383	0.808316826637832	0.0555095085773108
MA0672.2	31383	0.847336370128729	0.0537152000893371
MA2003.2	31383	0.867234164047077	0.0463525557339479
MA0063.3	31383	0.819027558602007	0.0648880124070374
MA0673.2	31383	0.877829894112991	0.0451004892643798
MA0124.3	31383	0.834966341267528	0.0602033015845059
MA0122.4	31383	0.760906399723386	0.0630113600718952
MA0674.2	31383	0.831825936513445	0.0725199925691615
MA0675.2	31383	0.860218403260364	0.0814076692252147
MA1530.2	31383	0.833646989527793	0.0656667743771075
MA0125.2	31383	0.843550063848026	0.0786381027592082
MA0710.2	31383	0.832152901174393	0.0773760388308674
MA0626.2	31383	0.812827459261833	0.0649128124349956
MA1995.2	31383	0.802532507806989	0.0585013689499108
MA1531.2	31383	0.748556323918135	0.0422273245487005
MA1996.2	31383	0.848901942179694	0.0725114698401605
MA0494.2	31383	0.782727709984241	0.0381153281989186
MA1110.3	31383	0.858113335958238	0.068272832188169
MA1146.2	31383	0.742016806797859	0.0417185512653504
MA1533.2	31383	0.77105429703122	0.0384169865108724
MA1534.2	31383	0.829623036110007	0.0596476543528658
MA1535.2	31383	0.898071386044245	0.0626558948686325
MA0504.2	31383	0.804035708321371	0.0420518614391855
MA1536.2	31383	0.933096874241116	0.0434744004317859
MA0164.2	31383	0.801535787579103	0.0845558344633013
MA0017.3	31383	0.787743293909207	0.0561454313870831
MA1537.2	31383	0.732478618329216	0.046592989480618
MA1111.2	31383	0.820984536851998	0.0663221945657207
MA0677.2	31383	0.721393835169096	0.0484125811255217
MA0113.4	31383	0.702039691489048	0.052578058874546
MA0727.2	31383	0.703066159872727	0.0526621051084866
MA1112.3	31383	0.801096165929258	0.0647657435217778
MA0160.3	31383	0.830492249775265	0.0556002638979733
MA1147.2	31383	0.757595668771912	0.0413282395097187
MA1540.3	31383	0.725224655148326	0.0550783424919514
MA0505.3	31383	0.776976162949838	0.0596232326184587
MA1541.2	31383	0.737071698265197	0.0462443738468424
MA0506.3	31383	0.76030444751486	0.0831361937339923
MA0842.3	31383	0.764542645770057	0.0524589786981741
MA1997.2	31383	0.843466565517539	0.0832150557012815
MA0679.3	31383	0.728183484255669	0.0810837289536376
MA0757.2	31383	0.691503394022338	0.0768809056421567
MA1542.2	31383	0.824136279890503	0.0522615660121645
MA1646.2	31383	0.826551653120432	0.060105934803937
MA0711.2	31383	0.844625719937405	0.0660230747917315
MA0712.3	31383	0.812776693600199	0.0717501950403369
MA1544.2	31383	0.733815485385491	0.0556755619388339
MA1545.2	31383	0.786223977981547	0.0599044475425908
MA1961.2	31383	0.861330932474406	0.0908166486791532
MA0067.3	31383	0.754188247229904	0.0378782100199033
MA1546.2	31383	0.734016239701239	0.0413396354008242
MA0680.3	31383	0.690435013955233	0.0851929177193975
MA0070.2	31383	0.78154913681079	0.0599267795229279
MA1113.3	31383	0.741680560398559	0.0773983263502583
MA1114.2	31383	0.747573546054427	0.0561781003957491
MA0132.3	31383	0.831235019743443	0.0887109879275579
MA0681.3	31383	0.672827788850248	0.0892266031094233
MA0714.2	31383	0.845660219296432	0.0669339055186123
MA0782.3	31383	0.759701563601001	0.0606166823053538
MA1615.2	31383	0.816570809529937	0.0658798955020253
MA1548.2	31383	0.820791373202426	0.0761306815968976
MA0784.3	31383	0.679796515070991	0.070385289543248
MA0785.2	31383	0.77033593157638	0.0744089912674477
MA0507.3	31383	0.691447371373676	0.0732656412947747
MA0627.3	31383	0.747435764236037	0.0783046878837065
MA0786.2	31383	0.758479624563504	0.0789288912098378
MA0790.2	31383	0.703705975629192	0.0835738345019579
MA0683.2	31383	0.654984868706385	0.0694564515988865
MA0791.2	31383	0.697819635718706	0.0843903373379899
MA1115.2	31383	0.80727041984701	0.0797703736614425
MA0628.2	31383	0.766683740473412	0.097297490837001
MA1549.2	31383	0.821192703550219	0.0685641416512571
MA0793.2	31383	0.766896781257474	0.0710124567515048
MA1148.2	31383	0.739043616400556	0.0399618864010379
MA1550.2	31383	0.73352401822489	0.0462473396231869
MA0066.2	31383	0.724329253952379	0.0372406044729981
MA0065.3	31383	0.806567535103426	0.0428350384420479
MA0508.4	31383	0.840806232169383	0.0723323451066761
MA1998.2	31383	0.794841649486498	0.0560836433632556
MA1616.2	31383	0.757128111574941	0.0511301019325002
MA1647.3	31383	0.766692676804325	0.0559046095649288
MA1999.2	31383	0.758311106221489	0.0502742620628386
MA1723.2	31383	0.798793645462175	0.0542680420112919
MA0716.2	31383	0.830891449729841	0.0890219059729794
MA0075.4	31383	0.776381829892048	0.0892731067088024
MA1618.2	31383	0.794214616615829	0.0598939193519156
MA1619.2	31383	0.806392832113993	0.0662275759585052
MA1620.2	31383	0.814178813420463	0.060501162017063
MA1149.2	31383	0.771718702824262	0.041020257041683
MA1552.2	31383	0.739247843939411	0.0439292748160765
MA0859.2	31383	0.678946108480059	0.0483806285451671
MA1553.2	31383	0.724146353726707	0.0452042203272563
MA0718.2	31383	0.83557506348217	0.0878263525200047
MA0717.2	31383	0.840440157774763	0.0825250367139303
MA1116.2	31383	0.871885217773155	0.0736885720629848
MA1117.2	31383	0.820631958052148	0.0654189417138692
MA0138.3	31383	0.67450535516722	0.0422553781270895
MA0600.3	31383	0.700123272695638	0.0581688901811528
MA0799.3	31383	0.698498610920638	0.0558362886430587
MA0510.3	31383	0.691482517187953	0.0572296274434009
MA1724.2	31383	0.783480571040422	0.0592975328562182
MA1554.2	31383	0.873334654482637	0.0435896206181087
MA0629.2	31383	0.818165477059776	0.0531899997437568
MA0719.2	31383	0.932240952953797	0.0468215189955102
MA0072.2	31383	0.749338362038061	0.0594841769982904
MA1150.2	31383	0.804232368901786	0.0523128858154754
MA1151.2	31383	0.820421042119293	0.0482516459324864
MA0073.2	31383	0.772190149929453	0.0547990362681381
MA0002.3	31383	0.841999249068081	0.0509996556218347
MA0684.3	31383	0.810163927530303	0.0614644004589297
MA1963.2	31383	0.760763673743546	0.0850198907771218
MA0743.3	31383	0.765538445485579	0.0544896614846474
MA0744.3	31383	0.765480865820959	0.0542985372171121
MA0630.2	31383	0.834678960522807	0.089860600258967
MA0720.2	31383	0.826614515832685	0.0904344748026364
MA1118.2	31383	0.78380485101592	0.0611739619816354
MA1119.2	31383	0.741237384641866	0.0581837245814918
MA0631.2	31383	0.730096404728783	0.0529184966931059
MA2001.2	31383	0.818039480730334	0.0686745966094474
MA1964.2	31383	0.871716479046876	0.0636683729713838
MA1153.2	31383	0.844405838701992	0.0636499249842743
MA1558.2	31383	0.863123214619569	0.0603758724243471
MA0745.3	31383	0.812184018684483	0.0607982863640324
MA1559.2	31383	0.815233809060259	0.0568105218540296
MA1560.2	31383	0.785079755213598	0.0672241744953889
MA0442.3	31383	0.850301404514697	0.0805722526781283
MA0869.3	31383	0.814269652666553	0.0623671245047035
MA1561.2	31383	0.742077111782448	0.0548968208423461
MA1120.2	31383	0.814951345605391	0.0742585882981924
MA1562.2	31383	0.759922496633496	0.0605571230234854
MA1152.2	31383	0.873444834563688	0.0717883430297372
MA0078.3	31383	0.757768198617499	0.0632679044384903
MA0514.3	31383	0.819235524371018	0.0715386414304995
MA0867.3	31383	0.844721353431535	0.0689038837010143
MA0087.3	31383	0.804528741718581	0.0615880076316422
MA0868.3	31383	0.836414036926179	0.0756280967671203
MA0077.2	31383	0.824938188878514	0.0603021759036532
MA0746.3	31383	0.837307937953325	0.0776981350850917
MA1965.2	31383	0.905882898872226	0.0874337924231254
MA0747.2	31383	0.859087749181913	0.0623793339163439
MA1564.2	31383	0.859781498862755	0.0789864726712682
MA0080.7	31383	0.753794329903299	0.0566248422136773
MA0081.3	31383	0.767273676035583	0.0540242182034237
MA0687.2	31383	0.78521344973821	0.0492720198995509
MA0829.3	31383	0.752223986277402	0.059333010057687
MA0084.2	31383	0.867591466489719	0.0707406195909005
MA0137.4	31383	0.816254409139243	0.063884138347701
MA0517.2	31383	0.767307454714727	0.0614727170576211
MA1623.2	31383	0.764578731927342	0.0778357670276816
MA0144.3	31383	0.838928087000698	0.059396018228285
MA0518.2	31383	0.823944135788544	0.0601037598294571
MA1624.2	31383	0.784031837014727	0.0663996578993598
MA0519.2	31383	0.835609722477347	0.0589622466855202
MA1625.2	31383	0.778347528050312	0.069574016662014
MA0520.2	31383	0.801823930490874	0.0651590586326264
MA0091.2	31383	0.795927022575975	0.0540927741695555
MA0108.3	31383	0.826596648000341	0.0943741824968845
MA0802.2	31383	0.787499888019102	0.053465186386121
MA1565.2	31383	0.804011784366849	0.0518032286852131
MA0804.2	31383	0.677468173857492	0.0447693964123841
MA0688.2	31383	0.814890902763924	0.0501352895337501
MA1567.3	31383	0.796165048544015	0.0526534726881433
MA0521.3	31383	0.843663525218033	0.0820423002680894
MA1648.2	31383	0.854679280056075	0.0647958172269482
MA0832.2	31383	0.729061992381491	0.0588044851229264
MA1568.2	31383	0.800876078325841	0.0435065632892682
MA0830.3	31383	0.835470527616852	0.061244290705553
MA0769.3	31383	0.8229588686385	0.074024030482867
MA0523.2	31383	0.816911577472701	0.0610084678393477
MA0632.3	31383	0.833066169078993	0.0758768221042546
MA0090.4	31383	0.770589937346761	0.0622710436221055
MA1121.2	31383	0.818157475495645	0.065275582889569
MA0809.3	31383	0.796989588908017	0.0629133527664837
MA0810.2	31383	0.861811573034122	0.0593482932386396
MA0003.5	31383	0.808508633386598	0.0669563103623264
MA0811.2	31383	0.845079483299529	0.0573462047991161
MA0812.2	31383	0.833801017630495	0.0681182700455611
MA0524.3	31383	0.841893130068185	0.056939960874957
MA0814.3	31383	0.814138276350573	0.0654815378062862
MA1569.2	31383	0.855910151477227	0.0758546345192622
MA1966.2	31383	0.777089092188698	0.0499798963344811
MA1967.2	31383	0.708424012745545	0.0505278343535338
MA1968.2	31383	0.787307690604435	0.0526496464928761
MA1122.2	31383	0.83261473859111	0.0716600300715731
MA0692.2	31383	0.819602613263458	0.0626360749107513
MA0871.3	31383	0.776683695749078	0.0699004897437347
MA0597.3	31383	0.841529982763432	0.058889911257373
MA1969.2	31383	0.714417340818727	0.0399589727405777
MA1574.2	31383	0.781743042867322	0.0421048348355383
MA1575.2	31383	0.722711151919857	0.0449269451336252
MA1576.2	31383	0.720161009329325	0.0396070224745057
MA1577.2	31383	0.802386513266868	0.10364058941622
MA0861.2	31383	0.71864295129637	0.045592117400542
MA1970.2	31383	0.77401666583256	0.0715757235508864
MA1123.3	31383	0.807055377603056	0.0603302749705933
MA0633.3	31383	0.839598414310155	0.0854450006217679
MA0721.2	31383	0.833660644386413	0.0850639938138078
MA0093.4	31383	0.752477316419613	0.0619695117334698
MA0526.5	31383	0.729771994925824	0.0658372824176437
MA0722.2	31383	0.829996241715643	0.0735862675715683
MA0723.3	31383	0.880093560934469	0.0691143786676958
MA0693.4	31383	0.820084606833943	0.0699174154383404
MA1578.2	31383	0.878776353209011	0.0823793744844929
MA0725.2	31383	0.793654095663569	0.0837855903836013
MA0726.2	31383	0.78408584669291	0.0838656439085773
MA1627.2	31383	0.819089202218061	0.0693619312725595
MA0844.2	31383	0.753798495730946	0.052382766691146
MA0095.4	31383	0.794492354283493	0.0692901718692603
MA0748.3	31383	0.828669228136907	0.067591075030718
MA0749.2	31383	0.68113020347151	0.0478258209976896
MA1971.2	31383	0.80958555522843	0.0582235135683229
MA1649.2	31383	0.836929522901467	0.0693801429507073
MA1650.2	31383	0.816355666199359	0.0761911929074577
MA0698.2	31383	0.766146972291357	0.0539682618609651
MA1579.2	31383	0.82830465562606	0.0643497978526903
MA0527.2	31383	0.759352414915747	0.0638249410731121
MA1581.2	31383	0.810918038477365	0.0573962713144658
MA0750.3	31383	0.82147651778998	0.0673366170983124
MA0694.2	31383	0.790798347151031	0.0572892118157967
MA0695.2	31383	0.846277209468442	0.0561615625505219
MA0103.4	31383	0.872924791519799	0.0663376332558592
MA2002.2	31383	0.871567178754411	0.0556360624658028
MA1651.2	31383	0.725609560807852	0.0579421670487468
MA1583.2	31383	0.817476975246772	0.0667683753098762
MA0146.3	31383	0.842101961203578	0.0658624492381106
MA1628.2	31383	0.863958173027229	0.064390504892499
MA1629.2	31383	0.810527944860793	0.0590035975115014
MA0697.3	31383	0.852365100063662	0.0707684681023088
MA0751.2	31383	0.784090823076655	0.0491771043758307
MA1584.2	31383	0.750957551695522	0.0527005741308012
MA1709.2	31383	0.759554650155418	0.0647489951212993
MA1585.2	31383	0.769114157630534	0.0572556039838943
MA1973.2	31383	0.720081843010149	0.0499995806358063
MA1652.2	31383	0.821138194766144	0.0609478176619543
MA1589.2	31383	0.677172046451068	0.039645427113468
MA1653.2	31383	0.829109555009375	0.0903515022641331
MA1654.2	31383	0.690821032715241	0.0373128927606034
MA1725.2	31383	0.797019500938582	0.0565458343816658
MA1974.2	31383	0.716861013460183	0.0659512020728601
MA1975.2	31383	0.756482964458777	0.0464004341564
MA1710.2	31383	0.85819061107266	0.0542340941525934
MA0528.3	31383	0.866010116599382	0.0757561704026856
MA1592.2	31383	0.766263894483881	0.0470143052868942
MA1630.3	31383	0.835293603245533	0.0883214753942884
MA1154.2	31383	0.725214698170093	0.0426355718899303
MA1593.2	31383	0.809280912210823	0.0634725641946186
MA1976.2	31383	0.736414066571953	0.0489570179910247
MA1977.2	31383	0.761392692236644	0.0427987224584912
MA1726.2	31383	0.792236736422994	0.059214562437832
MA1655.2	31383	0.815806421960402	0.0586006712670259
MA1711.2	31383	0.723712495676722	0.0478493773374276
MA1978.2	31383	0.700772207397656	0.0616046112921572
MA1125.2	31383	0.762124780394382	0.121026137893713
MA0752.2	31383	0.656780556672023	0.0499427219347233
MA1979.2	31383	0.7891275594301	0.0538586017896712
MA1727.2	31383	0.816135934211481	0.0753651496935152
MA1656.2	31383	0.78675176198337	0.0560144356575252
MA1712.2	31383	0.772674895823785	0.0557307549788686
MA1981.2	31383	0.78682003831027	0.0557750906865925
MA1728.2	31383	0.832374350775034	0.0613477846317549
MA1982.2	31383	0.772369340947967	0.0487886002250158
MA1983.2	31383	0.651997118711307	0.0418227460304986
MA1713.2	31383	0.79048903054185	0.0800971126407904
MA1657.2	31383	0.752530235996744	0.0675437435060145
MA1984.2	31383	0.778739381816632	0.0463388860670904
MA1714.2	31383	0.722629816481734	0.0393845001706328
MA1729.2	31383	0.758127708833347	0.0563369219364585
MA1599.2	31383	0.76617375051796	0.0646966058634357
MA1600.2	31383	0.725599576628039	0.0438430200208283
MA1986.2	31383	0.830084574289958	0.0713063103014934
MA1987.2	31383	0.774677396076039	0.0458626783513096
MA1730.2	31383	0.803664990368809	0.0557017354039451
MA0753.3	31383	0.799567423507904	0.0808134106902425
MA1716.2	31383	0.731891678431605	0.04747902420091
MA1731.2	31383	0.841079601599923	0.0556696179451386
MA1717.2	31383	0.794364345417373	0.0570276021216551
MA1719.2	31383	0.727903705274683	0.0494331522891035
MA1720.2	31383	0.739646661566805	0.0526498922168218
MA1721.2	31383	0.759414773617401	0.0746138360649608
MA1602.2	31383	0.763286589349339	0.049233664404729
MA1722.2	31383	0.687304053322457	0.0391098856278578
