[SHORT TFBS MATRIX]
MA0004.1	39500	0.860761194797838	0.067536674089561
MA0006.1	39500	0.913020988742428	0.0644406328984966
MA0019.1	39500	0.8260772195234	0.0439030455784041
MA0029.1	39500	0.74970718652446	0.0576412178278925
MA0030.1	39500	0.776234420451029	0.0609050916836529
MA0031.1	39500	0.834689184711227	0.0690194232525778
MA0040.1	39500	0.805798257214292	0.0674319394526637
MA0041.1	39500	0.840408013007961	0.0657211501093675
MA0051.1	39500	0.753184941255626	0.0473786216760973
MA0057.1	39500	0.909979169689303	0.0383583765382644
MA0059.1	39500	0.797410668557776	0.0494861945024579
MA0066.1	39500	0.741107467730224	0.0340674466192241
MA0067.1	39500	0.926632100347954	0.0389067658065004
MA0069.1	39500	0.76802316204128	0.039248776526861
MA0070.1	39500	0.784674625915823	0.0536350185725047
MA0071.1	39500	0.823596180248344	0.0543135147374373
MA0072.1	39500	0.76503378448546	0.0534811234112187
MA0073.1	39500	0.795535093326515	0.0476779378729646
MA0074.1	39500	0.755843164563743	0.0392580530572947
MA0077.1	39500	0.844138371949712	0.0531820897517438
MA0078.1	39500	0.875130178201292	0.0568534349136153
MA0084.1	39500	0.874871037759199	0.0624419693594487
MA0087.1	39500	0.864297879797475	0.0750496264277871
MA0091.1	39500	0.813017630878553	0.0477798994643846
MA0092.1	39500	0.880760208189651	0.0388050177179208
MA0101.1	39500	0.869723627835168	0.0447453741456398
MA0107.1	39500	0.826261398279409	0.053404918800326
MA0108.2	39500	0.820014523252298	0.0576040417773416
MA0109.1	39500	0.944472752283051	0.0292651121134482
MA0111.1	39500	0.866446042057145	0.0312986921204431
MA0115.1	39500	0.674225039398647	0.0445949675489313
MA0116.1	39500	0.82618805053791	0.0432821009207263
MA0119.1	39500	0.738836982000565	0.0500067695262556
MA0125.1	39500	0.857157068519315	0.0649171402146444
MA0130.1	39500	0.962334833888671	0.0376203793091209
MA0135.1	39500	0.777532307410889	0.0741319651862981
MA0139.1	39500	0.779241846829573	0.0434216871116143
MA0142.1	39500	0.749368200203323	0.0569157782158883
MA0149.1	39500	0.688718931088185	0.0550921642523579
MA0138.2	39500	0.69010346587434	0.0394422362434858
MA0002.2	39500	0.85240031556779	0.0435628812793475
MA0065.2	39500	0.811519671574861	0.0374214495148993
MA0151.1	39500	0.890971994580307	0.0882829730875604
MA0152.1	39500	0.903257586442241	0.0543560987704798
MA0155.1	39500	0.856931692399101	0.0417853299637078
MA0159.1	39500	0.797424779672262	0.0338241567048573
MA0160.1	39500	0.893600384272	0.0445606637596805
MA0163.1	39500	0.800303152115057	0.0509689678675135
MA0164.1	39500	0.830094927078366	0.0710145635306324
MA0259.1	39500	0.890067180979471	0.0599554792337931
MA0146.2	39500	0.8549164689901	0.0643446411929122
MA0467.1	39500	0.817894496032546	0.0473446660035177
MA0468.1	39500	0.799978385991217	0.0628751083807529
MA0476.1	39500	0.819975280378096	0.0612391077290884
MA0478.1	39500	0.822597721959016	0.0562153631886474
MA0479.1	39500	0.820178495339455	0.0568233953221878
MA0480.1	39500	0.831387358976135	0.0562362505976278
MA0483.1	39500	0.837016582505812	0.0513073623892331
MA0488.1	39500	0.794931734446868	0.0550515381214792
MA0489.1	39500	0.801340445209882	0.0547615550172632
MA0492.1	39500	0.795145524014204	0.0539291455585324
MA0493.1	39500	0.865662043177542	0.0506474771320943
MA0494.1	39500	0.793814994294419	0.0348427737374759
MA0497.1	39500	0.803023960971177	0.0652079440112852
MA0501.1	39500	0.745576892384957	0.0478344941208125
MA0503.1	39500	0.853418569070841	0.041949840656678
MA0504.1	39500	0.823646742138557	0.0379595124979624
MA0505.1	39500	0.778773867847832	0.0460194481563201
MA0506.1	39500	0.843447126226286	0.0706583586123646
MA0507.1	39500	0.7798806016938	0.0713659385770529
MA0513.1	39500	0.806552807468413	0.0454299794856342
MA0514.1	39500	0.873554301939926	0.0501890171680753
MA0515.1	39500	0.863375925141884	0.0525040082172176
MA0517.1	39500	0.782193277216364	0.0553912316383229
MA0518.1	39500	0.832692165865268	0.0494024064941602
MA0519.1	39500	0.846983217700833	0.0509763576169982
MA0520.1	39500	0.80935948452768	0.0539334939759689
MA0521.1	39500	0.863792686545998	0.0540052325531582
MA0523.1	39500	0.813359524347555	0.0499522235906942
MA0527.1	39500	0.772366776709575	0.0542366712379132
MA0076.2	39500	0.852665756231687	0.0549285773449537
MA0258.2	39500	0.8003067575394	0.0407414426669388
MA0050.2	39500	0.746517777371722	0.0596625564066619
MA0150.2	39500	0.747009133819749	0.0461877556286094
MA0137.3	39500	0.825638958529152	0.0550899871709071
MA0144.2	39500	0.857612714254993	0.0496474146248346
MA0140.2	39500	0.762600528806653	0.0501793173286829
MA0095.2	39500	0.796848800067015	0.0595949402319386
MA0591.1	39500	0.766697074991438	0.0434645055905144
MA0593.1	39500	0.825503552337691	0.0677142670964888
MA0595.1	39500	0.852330630473685	0.0463512120175189
MA0596.1	39500	0.834401368397293	0.0482249671427326
MA0597.1	39500	0.921580436282643	0.0303354354995523
MA0599.1	39500	0.927129342972765	0.0613176077316157
MA0601.1	39500	0.794048665838933	0.0938235202501653
MA0602.1	39500	0.782044523018173	0.0746775990474861
MA0603.1	39500	0.817161199882834	0.0592031690703887
MA0604.1	39500	0.839026509859779	0.0560413361297619
MA0606.1	39500	0.871160377224715	0.0523199537040188
MA0607.1	39500	0.857806268337066	0.0536751983636967
MA0608.1	39500	0.830925186694856	0.0540609400125309
MA0610.1	39500	0.787080610832655	0.0625483789235938
MA0611.1	39500	0.847734126214952	0.0738491645505547
MA0613.1	39500	0.826161424797146	0.0782707259895455
MA0614.1	39500	0.853256334295854	0.0706465584957566
MA0615.1	39500	0.816839858046356	0.0436634769978073
MA0618.1	39500	0.846100737977952	0.0645710690961329
MA0619.1	39500	0.849207721462817	0.0848006262952214
MA0621.1	39500	0.76267501907951	0.0944814326825233
MA0622.1	39500	0.82346836536405	0.0727867322642437
MA0624.1	39500	0.879844039847225	0.0504347211815983
MA0625.1	39500	0.861833958410431	0.0533581937118759
MA0626.1	39500	0.840379026598051	0.0566337863954339
MA0628.1	39500	0.771344459084692	0.081551608359981
MA0629.1	39500	0.793493753913039	0.0436682504135171
MA0630.1	39500	0.857771925443399	0.077120063659596
MA0631.1	39500	0.73005574258848	0.0477558022755506
MA0633.1	39500	0.805835779247272	0.0626495762152307
MA0634.1	39500	0.83278350648743	0.0675478318461155
MA0007.3	39500	0.725218036086345	0.0436291342771566
MA0635.1	39500	0.863212659288526	0.054301333879458
MA0636.1	39500	0.775302666563017	0.0571674143697898
MA0637.1	39500	0.782450611303199	0.0370287475913638
MA0638.1	39500	0.760156364333305	0.0455321397479282
MA0639.1	39500	0.781526876097073	0.0605212217749061
MA0641.1	39500	0.779683045360163	0.0526435169007318
MA0136.2	39500	0.864290998149523	0.0449167327944651
MA0027.2	39500	0.865783264286183	0.0669847663762484
MA0642.1	39500	0.864452323480966	0.0498609775050019
MA0643.1	39500	0.817815930932253	0.0508700545434576
MA0644.1	39500	0.844351114111787	0.065220129288528
MA0645.1	39500	0.851105143334937	0.0534484188200139
MA0475.2	39500	0.82910474971243	0.0533953213480777
MA0042.2	39500	0.849504877914129	0.069756109346412
MA0033.2	39500	0.88241184390253	0.0681698866798715
MA0157.2	39500	0.823491328941357	0.0669323099027688
MA0646.1	39500	0.804637795630578	0.0418779979314604
MA0647.1	39500	0.748793380194351	0.0538406055092792
MA0648.1	39500	0.83305199250259	0.0591026794726812
MA0649.1	39500	0.814299786513652	0.0553580073545326
MA0131.2	39500	0.818675139425994	0.0567998911763363
MA0046.2	39500	0.732156373132029	0.0713903998563143
MA0153.2	39500	0.722750602912238	0.0708723181768345
MA0651.1	39500	0.791106425352691	0.0572701000636008
MA0486.2	39500	0.738583706867227	0.0542837101586214
MA0652.1	39500	0.716020520021463	0.0482916364024492
MA0653.1	39500	0.689432496468329	0.0500600534189166
MA0654.1	39500	0.841555118560938	0.0798321730012378
MA0655.1	39500	0.770418487328704	0.0640513275539679
MA0656.1	39500	0.738662388457122	0.0615499349778458
MA0657.1	39500	0.73898456680793	0.0439003684578914
MA0658.1	39500	0.807379982358763	0.0624100527780483
MA0660.1	39500	0.747383262252654	0.0740916061626651
MA0661.1	39500	0.835588062091301	0.0605220968099449
MA0662.1	39500	0.858031583000921	0.0668862085876417
MA0663.1	39500	0.773005161110998	0.0559423746011123
MA0664.1	39500	0.795110462585316	0.0565217938753814
MA0665.1	39500	0.808408775530393	0.047380676662789
MA0666.1	39500	0.861488413552325	0.0645998515402267
MA0667.1	39500	0.790487522231846	0.0525102982788737
MA0668.1	39500	0.850058139922865	0.0382230999418324
MA0669.1	39500	0.792908627514428	0.0497954324887886
MA0670.1	39500	0.84368077316453	0.0636137791713014
MA0671.1	39500	0.930204192576743	0.0360767469335786
MA0048.2	39500	0.828807525443327	0.0554735175391537
MA0672.1	39500	0.862664687941519	0.0462437086543202
MA0673.1	39500	0.895002335262462	0.0397703457444112
MA0674.1	39500	0.863618825338566	0.0667897211125227
MA0675.1	39500	0.870158898744308	0.0717231299304877
MA0676.1	39500	0.834739921596289	0.0573350152963963
MA0677.1	39500	0.744382155854731	0.0439383941545852
MA0678.1	39500	0.793352109947457	0.0519616063547076
MA0068.2	39500	0.815675048429546	0.0695665089945222
MA0680.1	39500	0.719184149363511	0.0783343456732026
MA0683.1	39500	0.685955360102408	0.0683136880019624
MA0512.2	39500	0.72297749530337	0.0458635352901167
MA0685.1	39500	0.791280645855482	0.0616381778658842
MA0686.1	39500	0.801423939333428	0.0472991717096903
MA0687.1	39500	0.803948234308802	0.0452125377464053
MA0083.3	39500	0.683751386334148	0.0492391140476722
MA0009.2	39500	0.700361216402142	0.0427387429502174
MA0688.1	39500	0.819558625694355	0.0450194319386007
MA0689.1	39500	0.800431344852393	0.0471685521981636
MA0690.1	39500	0.799744529506584	0.0495346556726789
MA0691.1	39500	0.795974806575647	0.0568268534886976
MA0145.3	39500	0.802833736741503	0.0469110248298973
MA0692.1	39500	0.821709917631005	0.0536499654854171
MA0694.1	39500	0.796144876910058	0.0476850098333156
MA0695.1	39500	0.822162551060559	0.0442616381045422
MA0696.1	39500	0.773983924424801	0.0485858102211742
MA0697.1	39500	0.785927768023015	0.0475404078739185
MA0698.1	39500	0.793665819687587	0.0497653828803428
MA0699.1	39500	0.846686530376054	0.0608880433902378
MA0704.1	39500	0.85177391719556	0.0671694670916534
MA0705.1	39500	0.863473109886248	0.0635461596987932
MA0706.1	39500	0.841705107687251	0.0616900202675986
MA0707.1	39500	0.857855699364432	0.0643348153986734
MA0708.1	39500	0.839362594601802	0.0726700205409295
MA0709.1	39500	0.845293580519882	0.0774604952510727
MA0710.1	39500	0.849632942602291	0.0642946760111651
MA0124.2	39500	0.832374103440685	0.0532486665095069
MA0711.1	39500	0.858490156045612	0.0593974042360682
MA0132.2	39500	0.861498108161601	0.0766732565605572
MA0713.1	39500	0.771733938711451	0.0754710801900205
MA0714.1	39500	0.853127876275698	0.0574309771829351
MA0715.1	39500	0.742195066899056	0.0847456399164265
MA0716.1	39500	0.850229599811279	0.0778867541286397
MA0717.1	39500	0.859273254456214	0.0705751644249232
MA0718.1	39500	0.837258041653618	0.0722650808433278
MA0719.1	39500	0.946723997900151	0.0356312004759562
MA0720.1	39500	0.851510474042869	0.077043929788394
MA0721.1	39500	0.855404357983205	0.0732258755279856
MA0722.1	39500	0.857727303505571	0.0656538914527057
MA0723.1	39500	0.856617008667066	0.0633874151813885
MA0724.1	39500	0.82156590092732	0.0641974853718025
MA0725.1	39500	0.83623130373397	0.0776884950783086
MA0726.1	39500	0.820568216585633	0.0783779863653707
MA0112.3	39500	0.715215496263378	0.0437409764394786
MA0141.3	39500	0.771675919398563	0.0552988481952401
MA0017.2	39500	0.809711075355278	0.0524939791650413
MA0113.3	39500	0.724738234191061	0.0469207069712366
MA0727.1	39500	0.721210056172751	0.0470546387875512
MA0728.1	39500	0.713143995616255	0.0475118973314291
MA0729.1	39500	0.694550384817345	0.042572910408239
MA0730.1	39500	0.710775248817181	0.0409374387705961
MA0731.1	39500	0.667688960920233	0.04518154233879
MA0472.2	39500	0.807642136370109	0.0548164321505615
MA0732.1	39500	0.780039746501701	0.0627250906557646
MA0733.1	39500	0.779726642103237	0.0504833739544482
MA0735.1	39500	0.701355315753895	0.0444251624099488
MA0736.1	39500	0.787916374769181	0.0457781867403901
MA0737.1	39500	0.742582441108417	0.0409303498040175
MA0738.1	39500	0.904719208013415	0.0418667561549386
MA0739.1	39500	0.864493165990281	0.0434198259013445
MA0740.1	39500	0.817587760422229	0.0585863269538618
MA0741.1	39500	0.870237410675528	0.0666963387214109
MA0742.1	39500	0.80939761988063	0.0507413069361845
MA0747.1	39500	0.870038193334939	0.0524569613526342
MA0749.1	39500	0.700719006459788	0.0437848688529372
MA0751.1	39500	0.806039592673982	0.0450444799294989
MA0088.2	39500	0.746619255079931	0.0425829605671124
MA0752.1	39500	0.678769145695866	0.0473142828220991
MA0754.1	39500	0.77455564288576	0.068988450903512
MA0755.1	39500	0.759388205114161	0.0670793892983051
MA0756.1	39500	0.728327985444219	0.0698690785796971
MA0757.1	39500	0.723678235340947	0.0748490744342711
MA0758.1	39500	0.691227423644313	0.0490168971387839
MA0759.1	39500	0.82733918869816	0.0549296760012247
MA0760.1	39500	0.831193978963591	0.0500828678219304
MA0474.2	39500	0.848476821234398	0.0505357532789615
MA0098.3	39500	0.846182059922868	0.0513460279234253
MA0762.1	39500	0.805045642274169	0.0496473970057594
MA0763.1	39500	0.835678942359884	0.0480324886179366
MA0156.2	39500	0.840542278406261	0.0521037727959063
MA0767.1	39500	0.835156684438386	0.0425568398252491
MA0768.1	39500	0.744941276434275	0.0524264229725588
MA0770.1	39500	0.75191891627685	0.0532298794454156
MA0771.1	39500	0.781838428553174	0.0477315688694295
MA0772.1	39500	0.760268198039531	0.0564383245503303
MA0773.1	39500	0.757133246652632	0.0774447836017796
MA0498.2	39500	0.925674856889573	0.0538668959228137
MA0774.1	39500	0.861451762747761	0.0562006392474262
MA0775.1	39500	0.88694072285991	0.0513296858057928
MA0776.1	39500	0.742721073395825	0.0456346454806949
MA0777.1	39500	0.711769443245017	0.0427211764651276
MA0105.4	39500	0.721762916463621	0.054935353739754
MA0778.1	39500	0.755468652509403	0.0558223028879761
MA0779.1	39500	0.748269365149571	0.034279990897931
MA0780.1	39500	0.729436874288462	0.078628344475165
MA0781.1	39500	0.722362456070052	0.0369412872610669
MA0783.1	39500	0.723260506488664	0.0518844899059288
MA0784.1	39500	0.733630658036416	0.0706499737714003
MA0785.1	39500	0.780654065138126	0.0703056646172594
MA0786.1	39500	0.777099061421169	0.0749830266686377
MA0787.1	39500	0.767473144263391	0.073088348927663
MA0788.1	39500	0.761915464827078	0.0732811314905442
MA0789.1	39500	0.788628371224836	0.0764188275184095
MA0790.1	39500	0.72900288287746	0.0779153827482297
MA0791.1	39500	0.709011918914603	0.0753554758459817
MA0792.1	39500	0.813010173647348	0.0716511435366142
MA0793.1	39500	0.799868047244138	0.06687421912494
MA0794.1	39500	0.758834121856723	0.0441767158394926
MA0600.2	39500	0.71676451376392	0.0513649128526402
MA0795.1	39500	0.752591377616881	0.0501969138740285
MA0796.1	39500	0.697263732673895	0.0549345900160705
MA0797.1	39500	0.731125850913229	0.0505466057230349
MA0799.1	39500	0.765609246714104	0.0466501498972371
MA0510.2	39500	0.710976797735507	0.0511584126442362
MA0511.2	39500	0.830750781833928	0.0481831069057227
MA0800.1	39500	0.785949361380729	0.0470289999534872
MA0801.1	39500	0.856762152341658	0.0506774956206809
MA0802.1	39500	0.802215867024598	0.0497926594823676
MA0803.1	39500	0.83487382192178	0.0545171846546418
MA0804.1	39500	0.683259724943372	0.0419486915810042
MA0805.1	39500	0.83310532976298	0.0562448703232321
MA0806.1	39500	0.862475810314124	0.0486898955205723
MA0807.1	39500	0.872002691304384	0.0457951581002383
MA0808.1	39500	0.870267208662024	0.0545842924403762
MA0810.1	39500	0.873017798642272	0.0503523956979111
MA0811.1	39500	0.857186087898834	0.048470972910483
MA0812.1	39500	0.853214158304509	0.0545096109066944
MA0813.1	39500	0.81571109347833	0.0576705925062397
MA0524.2	39500	0.853281155207482	0.0482093187506036
MA0815.1	39500	0.809051175922995	0.0604884836286849
MA0816.1	39500	0.837568055843165	0.052634161388088
MA0461.2	39500	0.823744418454842	0.0489615112239371
MA0464.2	39500	0.809236766832421	0.0607474326037423
MA0817.1	39500	0.7609415924618	0.0559128609792819
MA0818.1	39500	0.793289121405622	0.051330330997247
MA0819.1	39500	0.808269058166067	0.0470939727328375
MA0820.1	39500	0.86398834538752	0.0494274478420499
MA0821.1	39500	0.747987556366802	0.0529597051453211
MA0822.1	39500	0.730111451536917	0.0549256681420874
MA0823.1	39500	0.805222789545121	0.0622597393657311
MA0058.3	39500	0.823254060640818	0.0607256651773951
MA0825.1	39500	0.834685641784174	0.0581670156549436
MA0826.1	39500	0.77414738998085	0.0551904096898376
MA0827.1	39500	0.81922392899844	0.0469616582538394
MA0828.1	39500	0.780839486915468	0.0551824329505042
MA0832.1	39500	0.738093849657048	0.0497347038367042
MA0834.1	39500	0.7279035798427	0.0601296386529152
MA0466.2	39500	0.811639012411958	0.0506413007317389
MA0837.1	39500	0.819699796370563	0.0497408058875169
MA0838.1	39500	0.775314995634798	0.0512783012284395
MA0839.1	39500	0.737056168771184	0.0436514188652628
MA0840.1	39500	0.756519194492991	0.0625774183026892
MA0117.2	39500	0.813039019191718	0.047957140624308
MA0841.1	39500	0.756342185798659	0.0577644681437332
MA0843.1	39500	0.770623929730333	0.0588912365274896
MA0844.1	39500	0.753970330070496	0.0437907140353027
MA0845.1	39500	0.796464945194492	0.070175571395764
MA0032.2	39500	0.825645979638911	0.0692985582678237
MA0846.1	39500	0.818669350104138	0.0699134995489041
MA0848.1	39500	0.869702344625268	0.0658131481889198
MA0849.1	39500	0.853824274389665	0.0686903049617204
MA0850.1	39500	0.908427276839374	0.0493869498713193
MA0851.1	39500	0.780315018822732	0.0668039217009897
MA0853.1	39500	0.741092861843628	0.0582303534506244
MA0854.1	39500	0.743322162973827	0.0620557686548731
MA0855.1	39500	0.719794441838703	0.0460162702939596
MA0856.1	39500	0.729943747218117	0.0454234051990096
MA0857.1	39500	0.684077331096425	0.0476925329542619
MA0858.1	39500	0.700887647552625	0.0434448061405672
MA0859.1	39500	0.703756409057012	0.0480365758609361
MA0860.1	39500	0.695241534603443	0.0443324026058132
MA0525.2	39500	0.696673167606648	0.0408715890758001
MA0106.3	39500	0.707965407212494	0.0387886650671286
MA0861.1	39500	0.742485491017688	0.0401916895448342
MA0862.1	39500	0.812881168957493	0.0522304433703318
MA0863.1	39500	0.728825159161512	0.0401570781415215
MA0024.3	39500	0.769512055468939	0.0465474788675141
MA0865.1	39500	0.732476498785843	0.0474250766979859
MA0866.1	39500	0.691728738522443	0.0576966064442601
MA0869.1	39500	0.657004218734505	0.0605823912407742
MA0870.1	39500	0.692485239417116	0.0574206148394609
MA0872.1	39500	0.803831482163493	0.0618762350820007
MA0028.2	39500	0.805093264524083	0.05986890109815
MA0873.1	39500	0.783465041398979	0.053226451694166
MA0874.1	39500	0.73326031444837	0.0585939059398296
MA0875.1	39500	0.879590242343887	0.0687157949580657
MA0876.1	39500	0.886360897874449	0.0651687660108463
MA0879.1	39500	0.856406048758728	0.068459374294605
MA0880.1	39500	0.869791219972809	0.0706927692894227
MA0881.1	39500	0.871333763665852	0.0677588276107107
MA0882.1	39500	0.869367941795164	0.0696766221905327
MA0883.1	39500	0.7846527397083	0.0494310448222313
MA0884.1	39500	0.785219577186593	0.0604460780855357
MA0885.1	39500	0.860203038140451	0.0788072152492316
MA0886.1	39500	0.824133272366961	0.0685653027365618
MA0887.1	39500	0.853692674143113	0.0577473240843374
MA0888.1	39500	0.850838707865201	0.0583753571199738
MA0889.1	39500	0.817368513717893	0.0661268457397621
MA0890.1	39500	0.831663517793205	0.0713245470653731
MA0891.1	39500	0.850207448993231	0.0522172872056857
MA0892.1	39500	0.865785547634907	0.0553010297492262
MA0894.1	39500	0.82693549089569	0.0740358440775717
MA0895.1	39500	0.831934626711774	0.0518695372020332
MA0896.1	39500	0.758351551107014	0.0494369608068353
MA0897.1	39500	0.736087482209092	0.0542768790113347
MA0898.1	39500	0.73399908181268	0.0546757172343777
MA0899.1	39500	0.823636382721743	0.0692805750290508
MA0903.1	39500	0.870801221531324	0.0646470737284181
MA0905.1	39500	0.827669336198206	0.061730900891663
MA0906.1	39500	0.775349189789573	0.0556039543634384
MA0907.1	39500	0.777799435101914	0.0585942817279728
MA0908.1	39500	0.811689867406693	0.0618403276189868
MA0911.1	39500	0.797384583634568	0.0530840075661842
MA0914.1	39500	0.865954091883895	0.0537001555240494
MA0852.2	39500	0.792334466699334	0.0583801772473872
MA0036.3	39500	0.818842769661566	0.065692193352529
MA1106.1	39500	0.833424156291009	0.0592901744098421
MA0147.3	39500	0.807216849268392	0.0593139903400323
MA0100.3	39500	0.864457295426277	0.0552291359236113
MA0104.4	39500	0.787895901267129	0.057912820834617
MA1109.1	39500	0.82426379161685	0.0496955846170579
MA0161.2	39500	0.833756488241617	0.0576573397058672
MA0060.3	39500	0.818524988871808	0.063030468054198
MA1110.1	39500	0.795902894936291	0.0534240016452993
MA1111.1	39500	0.822265145634739	0.0586136096661076
MA0014.3	39500	0.812800735913038	0.0494780041811241
MA1114.1	39500	0.757502305229833	0.0487709319422153
MA1115.1	39500	0.808931455127136	0.0748734353090816
MA1116.1	39500	0.888221612805522	0.0625808863223279
MA1117.1	39500	0.824385102615101	0.0510193213544524
MA1118.1	39500	0.78857133748914	0.0522802195960624
MA1119.1	39500	0.737447115549229	0.0486492198104798
MA0442.2	39500	0.849467945348103	0.0634624688102827
MA1120.1	39500	0.829299271672125	0.0627150568159325
MA1121.1	39500	0.802065864166191	0.0524823102249822
MA1122.1	39500	0.84897586899389	0.0661268342454641
MA0750.2	39500	0.829631019154041	0.057971142139154
MA0103.3	39500	0.87362433660024	0.0586536888583451
MA1124.1	39500	0.709732447643514	0.0640643341685714
MA1125.1	39500	0.80181201164195	0.113635537454167
MA1154.1	39500	0.740337428242945	0.0392698069689363
MA1155.1	39500	0.731009383371017	0.0455365589265484
MA0037.3	39500	0.862737844030728	0.0626432433800033
MA0099.3	39500	0.811345325335912	0.0574032348979714
MA1126.1	39500	0.748815079445863	0.0503657412993322
MA1127.1	39500	0.75374514896036	0.0604449617581266
MA1128.1	39500	0.799612490715525	0.0566862228962854
MA1129.1	39500	0.765419271145185	0.0597649721857041
MA1130.1	39500	0.806213261960263	0.0574977645315799
MA1131.1	39500	0.777726690988313	0.0592133221688003
MA1132.1	39500	0.818180400524911	0.0520049053313026
MA1133.1	39500	0.770519595919825	0.0562496256809699
MA1134.1	39500	0.79033298765928	0.0583299182416527
MA1135.1	39500	0.805247028583115	0.0598012316307042
MA1136.1	39500	0.780393814057566	0.057585956210313
MA1137.1	39500	0.797273208238472	0.0550172040964394
MA1138.1	39500	0.800212473310347	0.0620067105180306
MA1139.1	39500	0.748724317244337	0.0625536861907245
MA1141.1	39500	0.791488087619803	0.0568005722830434
MA1142.1	39500	0.833333779976413	0.054005730453998
MA1143.1	39500	0.809999893654807	0.053503085086215
MA1144.1	39500	0.80151650451013	0.0595614523584907
MA1145.1	39500	0.756572874336598	0.0571426961962752
MA1146.1	39500	0.757674775859569	0.0367529147577097
MA1147.1	39500	0.773455628947086	0.0369679464857416
MA1148.1	39500	0.759182509624259	0.0363980675342785
MA1149.1	39500	0.790634311637172	0.0375373394930386
MA1150.1	39500	0.82639994157548	0.0476476952526182
MA1151.1	39500	0.831604104405155	0.0440753645955497
MA1152.1	39500	0.86715230540828	0.0623877966352248
MA0831.2	39500	0.852231208006735	0.0568354693133864
MA0693.2	39500	0.876934076805602	0.0521598076787269
MA1153.1	39500	0.855890631700095	0.0584361663414864
MA1418.1	39500	0.704930933821108	0.0466003192656264
MA1419.1	39500	0.70054771128951	0.0467868267550886
MA1420.1	39500	0.746351704161287	0.0416082161584356
MA1421.1	39500	0.767579579777355	0.0519262200665448
MA1463.1	39500	0.775411158593227	0.0819632062572688
MA1464.1	39500	0.803467193691562	0.0621110124122456
MA1466.1	39500	0.735557075515682	0.0450508941889138
MA1467.1	39500	0.830201487083387	0.0480438935926402
MA1468.1	39500	0.849982762145161	0.0404719513030292
MA1101.2	39500	0.709742116708808	0.0503285694518406
MA1470.1	39500	0.694960673557506	0.0439488930702395
MA1471.1	39500	0.814258910899549	0.0730298214446058
MA1472.1	39500	0.874579120210199	0.0453742026786515
MA1473.1	39500	0.793100794830023	0.0645074444325884
MA1474.1	39500	0.794828728434887	0.0463199160910377
MA1475.1	39500	0.780088917967538	0.0532084564898777
MA1476.1	39500	0.833346932069634	0.0857174941263625
MA1478.1	39500	0.805201114190054	0.0524208608857247
MA1479.1	39500	0.775038386514722	0.0552902137349255
MA1480.1	39500	0.804622648178879	0.0546163203077906
MA1481.1	39500	0.859310487826872	0.0732095819417692
MA1483.1	39500	0.789712754516333	0.0520742375966571
MA1484.1	39500	0.848280341557504	0.0517512971510596
MA1485.1	39500	0.770080545851308	0.0465251614980643
MA1487.1	39500	0.775264836337239	0.0604506415119502
MA1489.1	39500	0.765822784810127	0.0826516773388325
MA1491.1	39500	0.782659193838931	0.0444433934171532
MA1493.1	39500	0.801066972859093	0.0450981683669279
MA1494.1	39500	0.727753426902203	0.043801316034115
MA1495.1	39500	0.869390884767947	0.0609619816055179
MA1496.1	39500	0.895285927841312	0.0495294796177921
MA1497.1	39500	0.847795846174654	0.0533373485178147
MA1498.1	39500	0.875238299225725	0.0614382731941949
MA1499.1	39500	0.85553802818193	0.0737727056974095
MA1500.1	39500	0.88804771568594	0.0529039336535757
MA1501.1	39500	0.835832017364562	0.0506274248033078
MA1502.1	39500	0.867314894694795	0.0661673891630949
MA1503.1	39500	0.789075804853894	0.0594868445487369
MA1504.1	39500	0.882867577057004	0.070449102006858
MA1505.1	39500	0.87230238841266	0.058635857567795
MA1506.1	39500	0.774652629754939	0.0548728575941584
MA1507.1	39500	0.875410190334706	0.0724154391533194
MA1508.1	39500	0.831364574456642	0.052606202262256
MA1509.1	39500	0.792110512029269	0.048556563585543
MA1511.1	39500	0.86117032523454	0.055483767673008
MA1512.1	39500	0.864600352239428	0.0618345212951523
MA1513.1	39500	0.85889482347703	0.0999221590176587
MA1514.1	39500	0.782412969180982	0.0508469915279387
MA1515.1	39500	0.893842095442503	0.0619710110043285
MA1516.1	39500	0.845628453362748	0.0613158166513616
MA1517.1	39500	0.879815380976893	0.0580910365393218
MA1518.1	39500	0.88585066579606	0.0571569356108159
MA1519.1	39500	0.83030650251492	0.0778815416280565
MA1520.1	39500	0.750696886655313	0.0408967780574218
MA1521.1	39500	0.760436981632293	0.0410720902869603
MA1522.1	39500	0.877472734852787	0.0763708720481883
MA1523.1	39500	0.848166745808496	0.0473539568870697
MA1524.1	39500	0.841120105168736	0.0492865564786468
MA1525.1	39500	0.861921827302658	0.0533566132601989
MA1527.1	39500	0.743333149010025	0.0507188454345448
MA1528.1	39500	0.756715498571951	0.0496779868525419
MA1529.1	39500	0.736201057906343	0.0482853306841445
MA1530.1	39500	0.854784796061063	0.0607958947891704
MA1531.1	39500	0.773459590945522	0.0404730063953319
MA1532.1	39500	0.800980452484755	0.0354522395039322
MA1533.1	39500	0.785357626495435	0.0340018960889257
MA1534.1	39500	0.841146310158181	0.0528654805737033
MA1535.1	39500	0.910235243655487	0.0557637287887087
MA1536.1	39500	0.947002988364073	0.0356781038146848
MA1537.1	39500	0.753412600431225	0.042144968356413
MA1538.1	39500	0.73664529363889	0.0426824389084809
MA1539.1	39500	0.721954845982508	0.0435360877377331
MA1540.1	39500	0.845524455616859	0.047470267856692
MA1541.1	39500	0.748257419325204	0.0420644855516842
MA1542.1	39500	0.833801770073005	0.0445874886527251
MA1544.1	39500	0.747236677605668	0.0494308919484849
MA1545.1	39500	0.786714200095285	0.0473211625233432
MA1546.1	39500	0.748917020962975	0.0372790971467191
MA1547.1	39500	0.849312545860846	0.0718985639004252
MA1548.1	39500	0.846101234346454	0.0691761920851637
MA1549.1	39500	0.834000757858294	0.0584380690610927
MA1550.1	39500	0.752856451698947	0.0416595754803704
MA1552.1	39500	0.754539638290818	0.0400943274244687
MA1553.1	39500	0.741341484783155	0.0413217725057942
MA1554.1	39500	0.884409370925415	0.0375699602757567
MA1555.1	39500	0.763644363444469	0.0419915333721684
MA1556.1	39500	0.760126433863642	0.0439599039467441
MA1557.1	39500	0.781480924509207	0.0451018369574605
MA1558.1	39500	0.87528916510612	0.0524301238813231
MA1559.1	39500	0.835990088368921	0.0513088068127466
MA1560.1	39500	0.801855014474665	0.0593562017319177
MA1561.1	39500	0.765226078142917	0.0495247130783342
MA1562.1	39500	0.778994351473999	0.053797703582527
MA1563.1	39500	0.919527471754262	0.0328890832288007
MA1564.1	39500	0.864510799494748	0.06571996919346
MA1565.1	39500	0.815627810966808	0.0447516732512868
MA1566.1	39500	0.881860633833241	0.0386611885396801
MA1567.1	39500	0.853827983497197	0.0430757078613292
MA1568.1	39500	0.810544674125422	0.0384503593502115
MA1569.1	39500	0.875771773520222	0.0637290048332315
MA1570.1	39500	0.861013165278226	0.047354860524841
MA1571.1	39500	0.749277414217891	0.0464341570653441
MA1572.1	39500	0.756392961265176	0.0459145577170878
MA1573.1	39500	0.713724801937868	0.0565547813491826
MA1574.1	39500	0.798563320392853	0.037566544604386
MA1575.1	39500	0.738910714936274	0.0411999821959134
MA1576.1	39500	0.73790473486831	0.0364983418754604
MA1577.1	39500	0.842289242143445	0.0881829072203573
MA1578.1	39500	0.867279802332798	0.060456461393981
MA1579.1	39500	0.82666719061846	0.0554556139814511
MA1580.1	39500	0.777633448373422	0.0620854214899952
MA1581.1	39500	0.826062686789345	0.0517175366525454
MA1583.1	39500	0.821898650325478	0.0552192801972724
MA1584.1	39500	0.773771878490336	0.0494564784807267
MA1585.1	39500	0.790870091794313	0.0507318069165453
MA1587.1	39500	0.784996236531259	0.0556269671311827
MA1588.1	39500	0.727818374062158	0.0454254797192465
MA1589.1	39500	0.686567576606608	0.0374312113663902
MA1592.1	39500	0.775972245409121	0.0405496131412623
MA1593.1	39500	0.79652241687132	0.0517474653574903
MA1594.1	39500	0.680514129178042	0.0332160243873434
MA1596.1	39500	0.777409288795711	0.0720970343753793
MA1597.1	39500	0.706414116572867	0.0416958284801004
MA1599.1	39500	0.766157733833765	0.0538826240135
MA1600.1	39500	0.727192850702492	0.0369834354563006
MA1601.1	39500	0.83760105359451	0.0549469276797338
MA1602.1	39500	0.784395725244064	0.0444256710372709
MA1603.1	39500	0.757095564602855	0.0588458259135262
MA1604.1	39500	0.799367010840412	0.0553324917661963
MA1606.1	39500	0.81209635517488	0.0756867566178201
MA1607.1	39500	0.77502449442712	0.0707701543220615
MA1608.1	39500	0.817526818635957	0.0608715879131712
MA1615.1	39500	0.82567960571746	0.0607300552162729
MA1616.1	39500	0.774580473512625	0.0455196669305237
MA1618.1	39500	0.81783706953275	0.0542961925412501
MA1619.1	39500	0.827772963864983	0.0578337557880337
MA1620.1	39500	0.833218162544789	0.0544939433226602
MA1621.1	39500	0.831352546529221	0.052710266097327
MA1622.1	39500	0.790714578714767	0.0644417149524851
MA1623.1	39500	0.789596576597836	0.0688457197565607
MA1624.1	39500	0.804219183281567	0.0581774807244857
MA1625.1	39500	0.789646875613256	0.0596260610811413
MA1627.1	39500	0.828578830368324	0.0618545294931199
MA1628.1	39500	0.869596520409533	0.0544784155897407
MA1629.1	39500	0.804989841203803	0.0502249576999769
MA1630.1	39500	0.819270563930379	0.0652870848836427
MA1100.2	39500	0.874884035489804	0.0500182752789357
MA0605.2	39500	0.73777571754564	0.0635068429296859
MA0877.2	39500	0.884044104016126	0.0505446283374545
MA0462.2	39500	0.79031380386592	0.0652150177246701
MA0463.2	39500	0.739026150563682	0.0437715954224673
MA0878.2	39500	0.783688810190268	0.062776215110656
MA0864.2	39500	0.755239075991449	0.0439877495426262
MA0469.3	39500	0.693318417414942	0.0432127774676851
MA0470.2	39500	0.747086084710096	0.0447829771121007
MA0612.2	39500	0.834704197469075	0.0722689834425317
MA0847.2	39500	0.812691504021457	0.059867146396302
MA0766.2	39500	0.846466298856177	0.0567551762504834
MA0038.2	39500	0.796552195904677	0.050746000304979
MA0734.2	39500	0.764656531157309	0.0451814838104614
MA0893.2	39500	0.892217399621809	0.0551846094401329
MA1099.2	39500	0.851775440599439	0.0659834239221133
MA0616.2	39500	0.806657377074062	0.0648414215585508
MA0650.2	39500	0.793127674626249	0.0584482008598719
MA0900.2	39500	0.833451186253141	0.0757386608910248
MA0158.2	39500	0.864010157279251	0.0598599602315888
MA0594.2	39500	0.859308297865937	0.0466074874787248
MA0902.2	39500	0.874024466591279	0.0648572897971002
MA0904.2	39500	0.853858379135691	0.0635390445034701
MA0485.2	39500	0.779297468329835	0.0607913920847151
MA0909.2	39500	0.809375165654282	0.0488451609558677
MA0912.2	39500	0.818653667973368	0.0665146244048368
MA0910.2	39500	0.862713090576259	0.0644902852870745
MA0913.2	39500	0.814349584135267	0.06968052042592
MA1140.2	39500	0.719195952804384	0.0590343615189541
MA0701.2	39500	0.830509301665676	0.0720907673690535
MA0702.2	39500	0.797882287360261	0.0857811959990757
MA0703.2	39500	0.746722873316719	0.0926697648325194
MA0623.2	39500	0.792310631997966	0.0516674799342266
MA0842.2	39500	0.77932433666844	0.048643372488994
MA0682.2	39500	0.848425347455197	0.0673212316108285
MA0075.3	39500	0.813637141463128	0.0833999987124902
MA0867.2	39500	0.863803200109133	0.0568771357234698
MA0868.2	39500	0.828659233321189	0.0593145455338559
MA0079.4	39500	0.811929106234201	0.0637311266195291
MA0516.2	39500	0.788900480247736	0.0542563821165745
MA0746.2	39500	0.851984575152993	0.0655294744496303
MA0632.2	39500	0.835156679145304	0.0664045307436126
MA0871.2	39500	0.795253009082171	0.0597561025456832
MA0753.2	39500	0.803322158923362	0.0646679136613988
MA0122.3	39500	0.775838579282359	0.0609022711074289
MA1631.1	39500	0.840314935756465	0.0543636868134251
MA1632.1	39500	0.779983881416296	0.0631850937557285
MA1633.1	39500	0.767421436793419	0.0546050620496602
MA1634.1	39500	0.791936072840126	0.0655670272614321
MA1635.1	39500	0.858619550028886	0.0687185315928289
MA1636.1	39500	0.761370779958094	0.0568408767741664
MA1637.1	39500	0.799469144054198	0.0571025703887805
MA1638.1	39500	0.864153394821505	0.0588572002149071
MA1639.1	39500	0.78045734782417	0.0636703491159557
MA1640.1	39500	0.75360963011726	0.0662216002958217
MA1641.1	39500	0.818691621855742	0.0571235549511417
MA1642.1	39500	0.832494662632721	0.0517776346909867
MA1643.1	39500	0.711734425869191	0.0462413084375247
MA1644.1	39500	0.817398949507509	0.0642025126192981
MA1645.1	39500	0.812991107706068	0.0478708372798348
MA1646.1	39500	0.838654137655504	0.0514322196227442
MA1647.1	39500	0.84254047895184	0.0550232719353394
MA1648.1	39500	0.871495032415593	0.0557655132254819
MA1649.1	39500	0.840776052660044	0.0525009169957384
MA1650.1	39500	0.819607349013636	0.0741746177998019
MA1651.1	39500	0.733023894346231	0.0521079611567899
MA1652.1	39500	0.821589974103551	0.0518725776266861
MA1653.1	39500	0.85004209631018	0.0784776840108924
MA1654.1	39500	0.700379433970411	0.0340665344780477
MA1655.1	39500	0.82207427132342	0.0507398115497614
MA1656.1	39500	0.800814342959294	0.0498763506067351
MA1657.1	39500	0.766815382103633	0.0617602419153934
MA1683.1	39500	0.813735287945497	0.0718627478718819
MA0833.2	39500	0.763166306540895	0.0569229725802045
MA0835.2	39500	0.789831001671138	0.0640230497263301
MA0465.2	39500	0.785876354772378	0.0704911805879742
MA0102.4	39500	0.762962379466358	0.0591656787454472
MA0836.2	39500	0.776996127465663	0.0587733239049154
MA0018.4	39500	0.787198105518991	0.0683750530187443
MA1102.2	39500	0.839125160826959	0.0673669568513707
MA0471.2	39500	0.85174804722828	0.0576688822740407
MA0154.4	39500	0.781921865332376	0.052710051112697
MA0162.4	39500	0.811524950014462	0.0711553021395436
MA0598.3	39500	0.803163368964346	0.0518534000285658
MA0473.3	39500	0.807240371598971	0.0522953182972913
MA0640.2	39500	0.820104633220935	0.0506302131793838
MA0592.3	39500	0.776320968294833	0.0538803427597301
MA0761.2	39500	0.813736018021964	0.0521718236400322
MA0764.2	39500	0.883981715862402	0.0625844640680703
MA0765.2	39500	0.8528693587597	0.0549450870299267
MA0477.2	39500	0.782268393344788	0.0634989237672339
MA0148.4	39500	0.787229658845961	0.0694645541815962
MA0047.3	39500	0.810523820442903	0.0716252113137012
MA1103.2	39500	0.811750114833489	0.0719861368140503
MA0481.3	39500	0.816560096950388	0.0729630595483194
MA0062.3	39500	0.806419012672725	0.051642851710155
MA0035.4	39500	0.808065418673065	0.062967457740067
MA0482.2	39500	0.802814682838633	0.0579908021698499
MA1104.2	39500	0.779058987179384	0.0641257271286944
MA1105.2	39500	0.782555991619225	0.0549555829689057
MA0043.3	39500	0.771475662232721	0.0633050731297433
MA0114.4	39500	0.780279655075201	0.0540504990523039
MA0484.2	39500	0.785253811145633	0.0529958803269897
MA0901.2	39500	0.768093458222097	0.0789985898760767
MA0490.2	39500	0.76765629561506	0.0649470416897792
MA0491.2	39500	0.77119058145075	0.0641494673227166
MA0039.4	39500	0.879249097897245	0.069317112536483
MA1107.2	39500	0.79453758461185	0.0587116269934652
MA0700.2	39500	0.802271580994892	0.0755046322652211
MA0495.3	39500	0.74404143808256	0.0537531088802025
MA0659.2	39500	0.749395027763575	0.0515342887891568
MA0496.3	39500	0.746295150585188	0.0538167982031686
MA0052.4	39500	0.766477887179044	0.0790578905441512
MA0620.3	39500	0.751466455425917	0.0543744387060623
MA1108.2	39500	0.864054375066423	0.0623756353212495
MA0499.2	39500	0.825443645911543	0.0498015932916543
MA0500.2	39500	0.827914190913476	0.0635740104533481
MA0056.2	39500	0.819387678747696	0.0493002014094294
MA0089.2	39500	0.737893916825233	0.0491682490012988
MA0025.2	39500	0.770649704894218	0.069085188071773
MA0502.2	39500	0.802863807265463	0.057450367523787
MA0063.2	39500	0.833877154846106	0.0563752872935633
MA1112.2	39500	0.819450343484104	0.0577122360409236
MA0679.2	39500	0.71764409621703	0.0797661204401939
MA0712.2	39500	0.823222084399739	0.0628172367717149
MA1113.2	39500	0.764702656414457	0.0708825399629614
MA0681.2	39500	0.703762994377661	0.0909983216702763
MA0782.2	39500	0.770403333440626	0.052982451567552
MA0627.2	39500	0.768905910194723	0.0742602850044879
MA0508.3	39500	0.848230975475515	0.05904768885786
MA0509.2	39500	0.773779852061334	0.0515091559873129
MA0798.2	39500	0.773197093018579	0.050589075518868
MA0684.2	39500	0.823743367407769	0.0562280799871676
MA0743.2	39500	0.759346720344094	0.0474187809042998
MA0744.2	39500	0.762957322413319	0.0466564231766511
MA0745.2	39500	0.814791046936378	0.0536131071778416
MA0143.4	39500	0.823529029941834	0.0613264338633006
MA0080.5	39500	0.75152633420692	0.0485304513251573
MA0081.2	39500	0.778017609374783	0.0473400040667059
MA0829.2	39500	0.769051680643853	0.0546293566888401
MA0522.3	39500	0.871622680819086	0.0552369854821796
MA0830.2	39500	0.838830215377262	0.0546028980922892
MA0769.2	39500	0.825657684680926	0.0617530602166746
MA0090.3	39500	0.792779189104286	0.0538763903070774
MA0809.2	39500	0.811457702256582	0.0542430434337214
MA0003.4	39500	0.818361674546789	0.0570018537344781
MA0814.2	39500	0.824832070365566	0.0590302939109213
MA1123.2	39500	0.816860409366155	0.0524984712489115
MA0093.3	39500	0.772211604539378	0.0537824290374738
MA0526.3	39500	0.771833071867967	0.0547737086342514
MA0748.2	39500	0.821445971621724	0.0623184443168143
MA0528.2	39500	0.856335848748414	0.0637200065009001
MA0609.2	39500	0.727013842108591	0.0591605667403813
