[SHORT TFBS MATRIX]
MA0004.1	82166	0.853050156529556	0.065431435400081
MA0006.1	82166	0.901526433584477	0.0648273239028696
MA0019.1	82166	0.832408061772776	0.0447584405558839
MA0029.1	82166	0.76249065514634	0.0580024844598473
MA0030.1	82166	0.787082151251203	0.0602043570714477
MA0031.1	82166	0.846108932933408	0.0673326054746063
MA0040.1	82166	0.820397564181004	0.0672319681480075
MA0051.1	82166	0.756734789945535	0.0464753664765657
MA0059.1	82166	0.794764060028854	0.0491519597097146
MA0066.1	82166	0.742173167568667	0.0336219504567354
MA0069.1	82166	0.770983050962166	0.0389830605746207
MA0070.1	82166	0.792751863727163	0.0529212994754045
MA0071.1	82166	0.830067380600993	0.053797344203665
MA0072.1	82166	0.77385465933981	0.0526942497766406
MA0073.1	82166	0.790688242300858	0.0490115364159499
MA0074.1	82166	0.757029091986026	0.0389262165007789
MA0077.1	82166	0.851622207943605	0.0525093872006918
MA0084.1	82166	0.887842303489731	0.0610918932430966
MA0091.1	82166	0.816818699927213	0.0475039768699391
MA0092.1	82166	0.881574877642187	0.0388336097390634
MA0101.1	82166	0.86729808119114	0.0442790308446734
MA0107.1	82166	0.8216592395387	0.0540726986412144
MA0108.2	82166	0.827860346358217	0.0555854279472616
MA0111.1	82166	0.866932408193302	0.0326771722982777
MA0115.1	82166	0.676921450523918	0.0440800823705723
MA0116.1	82166	0.821519257750257	0.0453260585045284
MA0119.1	82166	0.73789980529301	0.0533673156418382
MA0125.1	82166	0.868324495733696	0.0643137933104837
MA0130.1	82166	0.960361241113291	0.0416145851715651
MA0135.1	82166	0.793819954986723	0.0742270095615473
MA0139.1	82166	0.769886153361602	0.045059851214198
MA0142.1	82166	0.760780578318245	0.0557701769866225
MA0149.1	82166	0.68192541473396	0.0574527915192261
MA0138.2	82166	0.685039297733044	0.0410902629257214
MA0002.2	82166	0.853162723071025	0.0438358625330469
MA0065.2	82166	0.809288817004355	0.0384800767451796
MA0151.1	82166	0.908110228296437	0.0870420233830525
MA0155.1	82166	0.849524412044016	0.044380891350069
MA0159.1	82166	0.795905644204833	0.0351579043725071
MA0163.1	82166	0.790339282240398	0.0559319890439796
MA0164.1	82166	0.834800154659201	0.0689551516780878
MA0259.1	82166	0.878725970915307	0.0618471890855955
MA0145.2	82166	0.829538272891566	0.0422760776281323
MA0146.2	82166	0.842554688310939	0.0712786283848311
MA0468.1	82166	0.811734522791875	0.0617957733812584
MA0476.1	82166	0.826478928521322	0.058786887978774
MA0478.1	82166	0.82737116191521	0.0558809600159302
MA0479.1	82166	0.82795408186507	0.0568009689439163
MA0483.1	82166	0.843024066739251	0.0509728854972731
MA0488.1	82166	0.801090573784358	0.0530989373802475
MA0492.1	82166	0.801533654618329	0.051805973300919
MA0494.1	82166	0.797771128985776	0.0358139068983621
MA0497.1	82166	0.819867691933439	0.0670324313045051
MA0501.1	82166	0.750624955494211	0.0464743408041824
MA0504.1	82166	0.81848681006366	0.0393518481809708
MA0515.1	82166	0.869444705511812	0.0513101845278305
MA0517.1	82166	0.788180368792552	0.0539729713711266
MA0518.1	82166	0.833052740280192	0.0490217102615998
MA0519.1	82166	0.848774347909951	0.0499541155453476
MA0520.1	82166	0.814582808254277	0.0527500900641869
MA0523.1	82166	0.819098660955243	0.0491515516089041
MA0527.1	82166	0.758062936496617	0.0541300699620621
MA0076.2	82166	0.83802918889222	0.054073804553863
MA0258.2	82166	0.798580085841648	0.0414014836978635
MA0150.2	82166	0.749408098002509	0.0457168233703117
MA0137.3	82166	0.826956664030118	0.0537138945697657
MA0144.2	82166	0.858676099103392	0.0482118116055799
MA0140.2	82166	0.768232208589339	0.0490808700183353
MA0591.1	82166	0.765085371436566	0.0445045256192573
MA0593.1	82166	0.836606826783331	0.0659305407518184
MA0595.1	82166	0.853056648577093	0.0489754781961594
MA0596.1	82166	0.837183478351547	0.0508730524898931
MA0599.1	82166	0.908005247647636	0.0674457081126927
MA0601.1	82166	0.814128593398346	0.0936122305777627
MA0602.1	82166	0.800586124075618	0.0764341915213328
MA0603.1	82166	0.812830844095196	0.0572525663336342
MA0604.1	82166	0.833442000064883	0.0523986943123877
MA0608.1	82166	0.824799423824305	0.053524451719638
MA0610.1	82166	0.798929807459651	0.0637995266241667
MA0613.1	82166	0.839838302202219	0.0771280797873107
MA0614.1	82166	0.865932088050209	0.0690624362383329
MA0615.1	82166	0.807850709480201	0.0437711919183476
MA0618.1	82166	0.856932105731967	0.0642021235691817
MA0619.1	82166	0.864066110508159	0.0834299198360907
MA0621.1	82166	0.782333513166399	0.094483007649532
MA0622.1	82166	0.81808514498451	0.0716541261426901
MA0626.1	82166	0.839714299629932	0.05542282242108
MA0628.1	82166	0.78899398519256	0.0813032595685944
MA0629.1	82166	0.798547737022586	0.0426849701889494
MA0630.1	82166	0.871952693181288	0.076090635679592
MA0631.1	82166	0.742019935295689	0.0505624235440388
MA0634.1	82166	0.844797958028214	0.0671406724823695
MA0007.3	82166	0.725127215547792	0.043461404711855
MA0635.1	82166	0.871158235149704	0.0531375941426155
MA0636.1	82166	0.772137500824962	0.0567463450939972
MA0638.1	82166	0.756172417769252	0.0438720896265843
MA0639.1	82166	0.791181780549126	0.0612546889251169
MA0641.1	82166	0.770504391941099	0.0501356206914641
MA0027.2	82166	0.875592148765389	0.0649559907975137
MA0643.1	82166	0.821599356883507	0.0512797634051218
MA0645.1	82166	0.839294747655689	0.0525847476461933
MA0475.2	82166	0.819028173340451	0.0505583357608907
MA0042.2	82166	0.860044510575445	0.0681406776428502
MA0033.2	82166	0.894344226011521	0.0673339945477328
MA0646.1	82166	0.80039476181863	0.0430511610599172
MA0647.1	82166	0.755714294430695	0.0537727274114836
MA0648.1	82166	0.842540470484002	0.0576947223825246
MA0649.1	82166	0.805824873908374	0.0579661749516136
MA0131.2	82166	0.801934079653444	0.0604545121268845
MA0046.2	82166	0.748163377186333	0.0715081464357193
MA0153.2	82166	0.737347292246255	0.0707109896238187
MA0486.2	82166	0.742861163596608	0.0538718785618135
MA0652.1	82166	0.71618649995542	0.0472360469118411
MA0653.1	82166	0.69226232330856	0.0493956583140541
MA0654.1	82166	0.855112520937873	0.0794578351158219
MA0655.1	82166	0.778788476297553	0.0623155489899542
MA0656.1	82166	0.739391540653554	0.0572252206364917
MA0657.1	82166	0.731086054694841	0.0431141963764435
MA0658.1	82166	0.817374480087774	0.0618796716366716
MA0660.1	82166	0.765877885301152	0.0773347367029843
MA0661.1	82166	0.844669358514425	0.059819877838913
MA0662.1	82166	0.869649998422741	0.066186176063789
MA0663.1	82166	0.773234693351618	0.0540219362708171
MA0664.1	82166	0.795589300255471	0.0543951462914256
MA0665.1	82166	0.80837240253616	0.0472057552850697
MA0667.1	82166	0.793258866624954	0.0519880527717569
MA0669.1	82166	0.800496619672903	0.0512070036777423
MA0670.1	82166	0.845415574349303	0.0642688464747885
MA0671.1	82166	0.927857224605537	0.0404934926425495
MA0048.2	82166	0.818941942444311	0.0570140199638107
MA0672.1	82166	0.865598774128865	0.0464166006908909
MA0673.1	82166	0.898632507766077	0.0406952976572874
MA0674.1	82166	0.875451121179203	0.0666222545887922
MA0675.1	82166	0.88290629590944	0.0707943659196281
MA0676.1	82166	0.843057421840327	0.0570710673849837
MA0677.1	82166	0.745027517261894	0.0433477247580076
MA0678.1	82166	0.803534257165417	0.0537450473204681
MA0068.2	82166	0.82801851278257	0.0686767751135627
MA0683.1	82166	0.700800795845911	0.0684896493388513
MA0512.2	82166	0.723518720785689	0.0452089263063954
MA0686.1	82166	0.794581363494597	0.0459671551001544
MA0687.1	82166	0.805524614939232	0.0441966114203646
MA0083.3	82166	0.690329887322983	0.0489417167620174
MA0009.2	82166	0.705593868492579	0.0429689956764548
MA0688.1	82166	0.823724683008846	0.044889889840806
MA0689.1	82166	0.804557502976421	0.0463462023191842
MA0691.1	82166	0.796932236434554	0.0561717514209129
MA0692.1	82166	0.821168537932151	0.0514794622736187
MA0694.1	82166	0.788247038279958	0.0507734942379231
MA0695.1	82166	0.81546038720436	0.0471554961431408
MA0696.1	82166	0.761861162223656	0.0522198044778367
MA0698.1	82166	0.798443015643162	0.0498239731507672
MA0699.1	82166	0.855752595633511	0.0594710177505953
MA0704.1	82166	0.863848956796207	0.0665119812280301
MA0705.1	82166	0.8696052767459	0.0625643068038055
MA0706.1	82166	0.852507673189372	0.0611430825187213
MA0709.1	82166	0.858118572836382	0.0765061962206262
MA0710.1	82166	0.861293920355191	0.0629227258403961
MA0124.2	82166	0.83836807968517	0.0526733964573069
MA0711.1	82166	0.868044275305676	0.0602772624820888
MA0132.2	82166	0.876202567003597	0.0755469306858908
MA0713.1	82166	0.788015989176534	0.0760763584654485
MA0714.1	82166	0.861746671488778	0.0575920024828973
MA0715.1	82166	0.761886417031063	0.0855109414506776
MA0716.1	82166	0.864404431645214	0.0769559312911853
MA0717.1	82166	0.870854455658984	0.0696349108398122
MA0718.1	82166	0.851133211741023	0.071662897386715
MA0719.1	82166	0.95063799903063	0.0357954171857131
MA0720.1	82166	0.864765632585646	0.075940051100051
MA0721.1	82166	0.868263411857511	0.0725011273053308
MA0722.1	82166	0.870388929138513	0.0649842523937153
MA0724.1	82166	0.833196677176649	0.0638489241136879
MA0725.1	82166	0.852253498506324	0.0778161193072957
MA0726.1	82166	0.836525752522434	0.0786163738746002
MA0112.3	82166	0.714996795731249	0.04587468508189
MA0141.3	82166	0.776766605719943	0.0555696695870915
MA0017.2	82166	0.813632969694818	0.0551586322993329
MA0113.3	82166	0.727810828376937	0.0461521598668449
MA0727.1	82166	0.723675471284513	0.046248854475486
MA0728.1	82166	0.720361889121927	0.0528311062178199
MA0729.1	82166	0.70193669472207	0.0452212520996206
MA0730.1	82166	0.710990897171673	0.042463290355605
MA0731.1	82166	0.671286983759495	0.0447671897211515
MA0472.2	82166	0.792676283603846	0.0568513630889966
MA0732.1	82166	0.761530186172298	0.0656114199977497
MA0733.1	82166	0.76608585354163	0.0540135797830117
MA0735.1	82166	0.693427769834226	0.0465777847648671
MA0736.1	82166	0.777439254674812	0.0487940660487475
MA0737.1	82166	0.737314333129548	0.0429041922202101
MA0738.1	82166	0.903366625412868	0.0435648422453266
MA0739.1	82166	0.864331715615825	0.0447297292635646
MA0741.1	82166	0.850535621896198	0.0708282966811929
MA0747.1	82166	0.857182966407989	0.0552364601597077
MA0749.1	82166	0.701358508161206	0.0429354442784809
MA0751.1	82166	0.795440437718886	0.048079538627008
MA0088.2	82166	0.748214942709063	0.0413234617882164
MA0752.1	82166	0.687117295061238	0.0480752814216214
MA0755.1	82166	0.772138194907949	0.068208245171609
MA0757.1	82166	0.742085048065689	0.0765312077048102
MA0758.1	82166	0.690871166138662	0.0483928816560791
MA0760.1	82166	0.82204702474601	0.0477661008635696
MA0098.3	82166	0.836883939124689	0.0490545503610939
MA0762.1	82166	0.799674767897897	0.0474258900124406
MA0763.1	82166	0.828112274883917	0.0442538730277353
MA0767.1	82166	0.830226396489027	0.0437462878451244
MA0770.1	82166	0.757074375264406	0.0527102714451781
MA0771.1	82166	0.783183495431199	0.0479398428405669
MA0772.1	82166	0.767018490775392	0.0555046638538504
MA0773.1	82166	0.777021174781572	0.0808585854023589
MA0498.2	82166	0.929603258511303	0.0533417704578133
MA0774.1	82166	0.862162685645282	0.055121074505159
MA0775.1	82166	0.889956159369712	0.0505670754969235
MA0776.1	82166	0.743512891350235	0.0445841758739813
MA0777.1	82166	0.711134834127394	0.0420125158964162
MA0105.4	82166	0.718081718427374	0.0593277942247118
MA0778.1	82166	0.750632390495661	0.0598457434143181
MA0779.1	82166	0.745138448154762	0.0352529295801748
MA0780.1	82166	0.746743267315957	0.0803127192332719
MA0781.1	82166	0.719973104105204	0.0384890304637098
MA0783.1	82166	0.728122154791143	0.0524558044746068
MA0785.1	82166	0.795905247552424	0.0699618443076943
MA0786.1	82166	0.793940196112027	0.0747951140755801
MA0787.1	82166	0.783356703353144	0.0728332128663565
MA0788.1	82166	0.77888621611976	0.0734921826930013
MA0789.1	82166	0.8041047239318	0.0758831480967393
MA0790.1	82166	0.747491431260616	0.0786464562875108
MA0791.1	82166	0.72623613503481	0.0758041797301513
MA0792.1	82166	0.827569593967122	0.0709989853191531
MA0793.1	82166	0.813031407474188	0.0659467691706929
MA0794.1	82166	0.75899408259802	0.0439093008037069
MA0600.2	82166	0.717234285925918	0.0471688559998858
MA0795.1	82166	0.75286640597537	0.0502908136469345
MA0796.1	82166	0.701745553333426	0.0552890553173337
MA0797.1	82166	0.735163246976292	0.0508548816394997
MA0510.2	82166	0.709275580125544	0.0474348589922776
MA0511.2	82166	0.830204837139752	0.0483138455885403
MA0800.1	82166	0.791092166189661	0.0470853573730344
MA0801.1	82166	0.859723252925957	0.0532457661265103
MA0802.1	82166	0.807196422356844	0.0498380756111834
MA0803.1	82166	0.837975193108072	0.0574278147190071
MA0804.1	82166	0.689537295270884	0.0420438168254501
MA0805.1	82166	0.837392286978987	0.0583195015153053
MA0806.1	82166	0.866019336730347	0.0507000295880984
MA0807.1	82166	0.874424673134825	0.0479760150144885
MA0808.1	82166	0.875613966774418	0.0541556854414728
MA0810.1	82166	0.858653593344994	0.0568023896203762
MA0811.1	82166	0.844443707380761	0.0544577736628687
MA0812.1	82166	0.841431240700794	0.0605718575847001
MA0813.1	82166	0.80097200850533	0.0631157646756245
MA0524.2	82166	0.840733458538956	0.054080134192938
MA0815.1	82166	0.792965402260443	0.0664035980609728
MA0816.1	82166	0.831727329979485	0.053214600006448
MA0461.2	82166	0.830993737151134	0.0506059253059639
MA0464.2	82166	0.803808672806928	0.060137179917005
MA0817.1	82166	0.772337407322127	0.0579132077053684
MA0820.1	82166	0.865033418759688	0.0514488403237318
MA0822.1	82166	0.723101956261712	0.0597547537074177
MA0823.1	82166	0.793740634080709	0.0647071963875228
MA0058.3	82166	0.818802156383386	0.0596470561943785
MA0825.1	82166	0.831028078806657	0.0570138218552858
MA0826.1	82166	0.784755078264955	0.0572676734913817
MA0827.1	82166	0.827872362506812	0.0486933275622202
MA0832.1	82166	0.737756415885341	0.0493635519781631
MA0834.1	82166	0.728738523877448	0.0560100688933815
MA0838.1	82166	0.780644753237768	0.0512015545733237
MA0839.1	82166	0.733094172180847	0.0432254314372649
MA0840.1	82166	0.759165141933686	0.0583424967631669
MA0117.2	82166	0.817874394294309	0.0473634527794742
MA0841.1	82166	0.762183952995505	0.0570456313274484
MA0843.1	82166	0.780704528631476	0.0603774218993881
MA0844.1	82166	0.751438157767613	0.0427312029129113
MA0845.1	82166	0.812597986418235	0.0712657157416934
MA0032.2	82166	0.841510184325867	0.0697495575838806
MA0846.1	82166	0.834569064871015	0.0700177917536147
MA0848.1	82166	0.880098806122404	0.064160451954247
MA0849.1	82166	0.863995998051244	0.0670865980686431
MA0850.1	82166	0.916020125874293	0.0481573255323363
MA0851.1	82166	0.794343215233618	0.0664949472508174
MA0853.1	82166	0.750128154583814	0.0579859094844487
MA0854.1	82166	0.754537231967709	0.0620103055953251
MA0855.1	82166	0.720262276388109	0.0453930900054616
MA0856.1	82166	0.730940358638887	0.0446093051878566
MA0857.1	82166	0.692609483876502	0.0506439747735276
MA0858.1	82166	0.703650586858433	0.0437537666537346
MA0859.1	82166	0.712721234066367	0.0523453737487267
MA0860.1	82166	0.698519936682317	0.0468860656586233
MA0525.2	82166	0.701896419718745	0.0411297898632631
MA0106.3	82166	0.710248284540739	0.0388823584962933
MA0861.1	82166	0.744572789161557	0.0407506145356474
MA0862.1	82166	0.811001156093678	0.0498422819015177
MA0863.1	82166	0.724799675985401	0.0405573183402281
MA0024.3	82166	0.760852915099902	0.0478023890544907
MA0866.1	82166	0.70242233714725	0.0574439200039912
MA0870.1	82166	0.702423560995488	0.0571639929049462
MA0872.1	82166	0.787271820461501	0.0680079422087814
MA0028.2	82166	0.79161005911663	0.0562950046453039
MA0873.1	82166	0.791317912693926	0.0529863621138004
MA0874.1	82166	0.743464689934813	0.0583500883628317
MA0875.1	82166	0.892254841257957	0.0667421029095029
MA0876.1	82166	0.896685674126393	0.0631500337266743
MA0880.1	82166	0.882233752237501	0.0701528708591019
MA0881.1	82166	0.883061111982194	0.0671747027007122
MA0882.1	82166	0.881770796715695	0.0690284708727878
MA0883.1	82166	0.792212186988283	0.0487868943183893
MA0886.1	82166	0.836635229072407	0.0669485188909668
MA0887.1	82166	0.864190785009674	0.0565440712227274
MA0888.1	82166	0.861092839276615	0.0569939556906204
MA0889.1	82166	0.827225016817778	0.0647952127093326
MA0890.1	82166	0.843960344371915	0.0703954529634248
MA0891.1	82166	0.858687042649919	0.051410230321901
MA0892.1	82166	0.87536090960645	0.0543805501812299
MA0894.1	82166	0.840332106323033	0.0736373531003534
MA0895.1	82166	0.838342386453022	0.0513317623770923
MA0896.1	82166	0.76615426560905	0.0490465848700904
MA0897.1	82166	0.746454585952651	0.0544832233092491
MA0898.1	82166	0.744819959873864	0.0548922591509359
MA0899.1	82166	0.837693160760779	0.0689743799237638
MA0903.1	82166	0.883574261138241	0.063484928213509
MA0905.1	82166	0.839995752327654	0.0621799879445545
MA0906.1	82166	0.784224235740806	0.0554095831809207
MA0907.1	82166	0.788175847703085	0.0579542845699513
MA0908.1	82166	0.82434035570404	0.0618837416390838
MA0911.1	82166	0.806864969110343	0.0529403008259441
MA0914.1	82166	0.874499875650475	0.0527887283852452
MA0852.2	82166	0.800211790217929	0.056770900311966
MA0036.3	82166	0.829377201885818	0.0648754297522611
MA1106.1	82166	0.823197660440356	0.0597579106060992
MA0147.3	82166	0.797919641211267	0.0610499993063919
MA0100.3	82166	0.863448977841495	0.05559607779294
MA0104.4	82166	0.778881406503846	0.0593885052644712
MA1109.1	82166	0.82321641754553	0.050063186547341
MA0161.2	82166	0.834788122017022	0.0579037261041494
MA0060.3	82166	0.813003999027845	0.059566474423647
MA1111.1	82166	0.829985806738672	0.0584034128185179
MA0014.3	82166	0.804939598015095	0.052914903132182
MA1114.1	82166	0.755334822778961	0.049897343432113
MA1115.1	82166	0.824701316289798	0.0736825821627634
MA1116.1	82166	0.885938550660956	0.0628370133518004
MA1117.1	82166	0.821179336939645	0.0517361866149638
MA1118.1	82166	0.792805126196688	0.050784250121891
MA1119.1	82166	0.742859474866752	0.0475327658861696
MA0442.2	82166	0.856722303221529	0.0619132882809172
MA1120.1	82166	0.837729269350481	0.061793498527493
MA1121.1	82166	0.80597647743797	0.052187037651079
MA1122.1	82166	0.828083253772953	0.0702666129426528
MA0750.2	82166	0.812548785087333	0.0588993902213634
MA0103.3	82166	0.870323083720757	0.0626271307763035
MA1124.1	82166	0.717780898786329	0.0636073569246089
MA1125.1	82166	0.829113063270106	0.115208044330032
MA1154.1	82166	0.738224413937748	0.0397581545377799
MA1155.1	82166	0.732253861333514	0.0451462981954563
MA0099.3	82166	0.81740445213972	0.0549339360343366
MA1126.1	82166	0.751777994274136	0.0478967630857798
MA1127.1	82166	0.756150740811449	0.0561059489920255
MA1128.1	82166	0.804985400866349	0.0543470884772419
MA1129.1	82166	0.768838759808366	0.0560195353009238
MA1130.1	82166	0.8117367316812	0.0549198043859899
MA1131.1	82166	0.780223540372036	0.0548658236751833
MA1132.1	82166	0.823033326391056	0.0498717896252368
MA1133.1	82166	0.772070326658893	0.0520900535697511
MA1134.1	82166	0.796221251527651	0.0560546779075178
MA1135.1	82166	0.811525901679646	0.0574595730704482
MA1136.1	82166	0.782692622648611	0.0537591145033258
MA1137.1	82166	0.803749705781294	0.0528481602734169
MA1138.1	82166	0.807126094055374	0.0596033158918981
MA1139.1	82166	0.751851703928055	0.0580110118008342
MA1141.1	82166	0.796452870795023	0.0545713886435401
MA1142.1	82166	0.840341013576326	0.0519907130089292
MA1143.1	82166	0.81211294214444	0.0505344907470527
MA1144.1	82166	0.807744484233141	0.0571880905269368
MA1145.1	82166	0.757969164138165	0.0529764147925218
MA1146.1	82166	0.758249484626411	0.0376713882831124
MA1147.1	82166	0.77216973587452	0.0377712979462317
MA1148.1	82166	0.761292484939372	0.036104605297599
MA1149.1	82166	0.787097581491475	0.03947771153838
MA1150.1	82166	0.832683370730942	0.0468414504561886
MA1151.1	82166	0.837264280144853	0.0437243991612414
MA1152.1	82166	0.880237164622571	0.0611794143023856
MA1153.1	82166	0.854377919861712	0.058570701367051
MA1418.1	82166	0.70680611545531	0.0456321617565691
MA1419.1	82166	0.701333172406025	0.0455738498077758
MA1420.1	82166	0.746297494126267	0.0407840391198483
MA1421.1	82166	0.773510984581791	0.0508235502278925
MA1463.1	82166	0.792027816255423	0.082148843061685
MA1464.1	82166	0.797709916780809	0.0607771056170203
MA1466.1	82166	0.731534685582344	0.0445306011405132
MA1468.1	82166	0.853655285361554	0.04165340234775
MA1101.2	82166	0.717366853604469	0.0498213055864982
MA1470.1	82166	0.701236229653171	0.0433925733356771
MA1471.1	82166	0.83125292808327	0.0736125896933749
MA1473.1	82166	0.804986247830309	0.0648765768071473
MA1474.1	82166	0.787324735533487	0.0457042093628615
MA1475.1	82166	0.77457120101707	0.0498313815494051
MA1478.1	82166	0.814751830350287	0.05317973109443
MA1479.1	82166	0.786326157169676	0.0564408931451301
MA1480.1	82166	0.813104170405478	0.0537000000684693
MA1481.1	82166	0.871844958520356	0.0727992708139158
MA1484.1	82166	0.837269026832752	0.0498335354422484
MA1485.1	82166	0.762770351621954	0.0475188982234782
MA1489.1	82166	0.775491079035124	0.0813578951367872
MA1493.1	82166	0.798060148017638	0.0466352386281274
MA1494.1	82166	0.728328771048509	0.043279441007596
MA1495.1	82166	0.878227635157955	0.0599774041118628
MA1496.1	82166	0.902551744061063	0.0495231382268123
MA1497.1	82166	0.856061238327926	0.0525396208076076
MA1499.1	82166	0.86864457285843	0.0739286479906455
MA1500.1	82166	0.895891325459105	0.05238306337842
MA1501.1	82166	0.841978950937863	0.0504505626346876
MA1502.1	82166	0.877478683500551	0.0651009081844457
MA1503.1	82166	0.799472730910739	0.0600599581395357
MA1504.1	82166	0.8945288502721	0.0700129717466027
MA1505.1	82166	0.882012207499891	0.0575834120126059
MA1506.1	82166	0.783163354436846	0.0551962993759033
MA1507.1	82166	0.887173225800644	0.0728563059241912
MA1508.1	82166	0.831016587409911	0.051956328187897
MA1509.1	82166	0.79155368412342	0.0478673464330197
MA1512.1	82166	0.847062308237892	0.0655606845196146
MA1513.1	82166	0.824368780103096	0.107110067796563
MA1514.1	82166	0.770884656639743	0.0554559938593937
MA1515.1	82166	0.878170938565223	0.068798690016556
MA1516.1	82166	0.83055873551267	0.0660228790213436
MA1517.1	82166	0.866136967404841	0.0632714431867917
MA1519.1	82166	0.843104246206469	0.0777457704497741
MA1520.1	82166	0.750621122949327	0.0403287013831439
MA1521.1	82166	0.757856334384878	0.0418427852426047
MA1522.1	82166	0.854945469104809	0.0853668488106017
MA1523.1	82166	0.848432610451319	0.0470276213466515
MA1527.1	82166	0.738921765623988	0.0538237359441876
MA1528.1	82166	0.750388975812166	0.0537620322478519
MA1529.1	82166	0.725204857396677	0.0504875346004206
MA1530.1	82166	0.864852340860901	0.0607427251931119
MA1531.1	82166	0.77481057559053	0.0424224443600036
MA1533.1	82166	0.783542194876349	0.035128590863159
MA1534.1	82166	0.849091760393439	0.0529118511448701
MA1535.1	82166	0.910381607108623	0.0584244691758538
MA1536.1	82166	0.949002415739662	0.0361421334948748
MA1537.1	82166	0.753052972288548	0.0419009728500047
MA1538.1	82166	0.733869463182763	0.0443308398514133
MA1539.1	82166	0.719413168278833	0.045292567363498
MA1541.1	82166	0.751587985721854	0.0422476538451042
MA1542.1	82166	0.831829889950044	0.0466297499214497
MA1544.1	82166	0.750609364306688	0.0489449390734691
MA1545.1	82166	0.784475549341619	0.0467521988639365
MA1546.1	82166	0.750780078726066	0.0363844325289311
MA1548.1	82166	0.829115047912502	0.0775804152511171
MA1549.1	82166	0.843650143282216	0.0575334125729657
MA1550.1	82166	0.753877872907995	0.0410108348201471
MA1552.1	82166	0.754980179776543	0.0409658231389581
MA1553.1	82166	0.743697202443684	0.0421289127184023
MA1554.1	82166	0.880743479287439	0.037547576251766
MA1555.1	82166	0.763413504485375	0.0431363426875455
MA1556.1	82166	0.758127374768353	0.0460276450406741
MA1557.1	82166	0.779112867456252	0.0462630437440151
MA1558.1	82166	0.875720157356896	0.0551917318155119
MA1559.1	82166	0.837350986122705	0.0541053312480255
MA1560.1	82166	0.792411661009016	0.0592083814607096
MA1561.1	82166	0.768787426635588	0.0489634823147528
MA1562.1	82166	0.785080967494494	0.0527418347960605
MA1564.1	82166	0.845363419138512	0.0699335850536439
MA1565.1	82166	0.816028933656054	0.0459104167517621
MA1568.1	82166	0.813054102687899	0.03986479490045
MA1569.1	82166	0.858924771962401	0.0704785167363695
MA1570.1	82166	0.866050593749157	0.0468328307312772
MA1571.1	82166	0.750881507581132	0.0469982764156286
MA1572.1	82166	0.758323269100817	0.046179306780532
MA1574.1	82166	0.797558144232712	0.0375072738029468
MA1575.1	82166	0.733706927041434	0.0436123401059646
MA1576.1	82166	0.738530634725126	0.0373363730555716
MA1577.1	82166	0.859875342163323	0.0877567642957432
MA1578.1	82166	0.854105486895675	0.0669561608754663
MA1579.1	82166	0.82829018847685	0.0552876348781577
MA1580.1	82166	0.789791409101019	0.0629075867592132
MA1581.1	82166	0.822018516339122	0.0575308984528131
MA1583.1	82166	0.809573889544295	0.0566988584979534
MA1584.1	82166	0.760429705877176	0.0532395382059836
MA1585.1	82166	0.792414823837685	0.0512274910010901
MA1587.1	82166	0.788332510934536	0.0668878146737542
MA1588.1	82166	0.735071349573618	0.045504871889303
MA1589.1	82166	0.687871206659504	0.0395699837966042
MA1592.1	82166	0.776190167090104	0.04073531090735
MA1593.1	82166	0.799305456567768	0.0507832396256984
MA1594.1	82166	0.683491044061279	0.0329535028303452
MA1596.1	82166	0.776529549385107	0.0915642492506949
MA1597.1	82166	0.702465623740162	0.0435881691771613
MA1599.1	82166	0.753921252274963	0.0581241807336124
MA1600.1	82166	0.723798756348622	0.0377337072958446
MA1602.1	82166	0.781148087945034	0.0446083838142629
MA1603.1	82166	0.769267372074853	0.0583585275373913
MA1604.1	82166	0.790800093578597	0.0597825246515183
MA1606.1	82166	0.826055914836734	0.0746003825133099
MA1607.1	82166	0.789313758905406	0.0703381838124526
MA1608.1	82166	0.825638038619011	0.0600899582974354
MA1615.1	82166	0.813258939322892	0.0673295712631061
MA1616.1	82166	0.77412085617012	0.045391798694388
MA1618.1	82166	0.822591466815785	0.0539255634474332
MA1619.1	82166	0.823491599100199	0.0586044050385004
MA1620.1	82166	0.835980173076374	0.0570588795246574
MA1621.1	82166	0.833082605727682	0.0556777151683501
MA1623.1	82166	0.800695836366047	0.0676825741749759
MA1624.1	82166	0.806881403101808	0.0575468739640891
MA1625.1	82166	0.791605707491435	0.0580590204926083
MA1627.1	82166	0.812526889277054	0.0666309837091786
MA1628.1	82166	0.858478860346984	0.0595352188392735
MA1629.1	82166	0.797107194023338	0.0541071987708987
MA1100.2	82166	0.868981901729487	0.0516229072563987
MA0605.2	82166	0.737737112620879	0.0589563963790851
MA0462.2	82166	0.797937314699655	0.062314630930469
MA0463.2	82166	0.740303439321795	0.0437012985602872
MA0864.2	82166	0.749465777982388	0.0455287983786339
MA0469.3	82166	0.694572595987335	0.0421070338901531
MA0470.2	82166	0.740913460879899	0.0456479620351097
MA0612.2	82166	0.846578925759286	0.0714450755511148
MA0766.2	82166	0.85378046655558	0.0563901680679793
MA0038.2	82166	0.800241568917904	0.0501035558891622
MA0893.2	82166	0.899801522583604	0.0542051205092629
MA1099.2	82166	0.835863976359064	0.0673333195325027
MA0616.2	82166	0.793337452311806	0.0670863993716452
MA0900.2	82166	0.845746776341088	0.0755836980776766
MA0158.2	82166	0.871323502723628	0.0589306014831325
MA0594.2	82166	0.863892528188026	0.0460834509712764
MA0902.2	82166	0.883468329396575	0.0630246588925186
MA0904.2	82166	0.863104320124892	0.0626703587460306
MA0485.2	82166	0.789841377054415	0.0612955818932101
MA0912.2	82166	0.829332709383761	0.065942521461176
MA0910.2	82166	0.872287725017983	0.0633878223722264
MA0913.2	82166	0.827609633548429	0.0696627458163718
MA1140.2	82166	0.718351185427288	0.0555100109281478
MA0701.2	82166	0.841793237706436	0.071468590475745
MA0702.2	82166	0.813931868133931	0.0858574296896001
MA0703.2	82166	0.7659804831874	0.0930780217220466
MA0623.2	82166	0.80096619543148	0.0537176757473659
MA0842.2	82166	0.784242970179441	0.0478947316751904
MA0682.2	82166	0.860450638821449	0.0698571863513089
MA0075.3	82166	0.828150973987023	0.0831096715359754
MA0867.2	82166	0.870204707982815	0.0552744561842422
MA0868.2	82166	0.83863660705945	0.0582874995240918
MA0746.2	82166	0.833073330007875	0.0689939392199635
MA0632.2	82166	0.816052572147062	0.066741765009412
MA0871.2	82166	0.791407140155434	0.0576022397402248
MA0753.2	82166	0.7860430711672	0.0710228621973342
MA0122.3	82166	0.786871377544502	0.0605904633578001
MA1707.1	82166	0.806335140122316	0.0575812824644409
MA1708.1	82166	0.850568730633176	0.0481296780682718
MA1709.1	82166	0.777762953105548	0.0563788291926585
MA1710.1	82166	0.876121849974576	0.0526981406248156
MA1711.1	82166	0.737320846942893	0.0480502983474892
MA1712.1	82166	0.775880325915153	0.0598492132836141
MA1713.1	82166	0.773149732877693	0.0842292053380901
MA1714.1	82166	0.742155521867644	0.0356513389497756
MA1715.1	82166	0.725459746240466	0.0446129528586064
MA1716.1	82166	0.735281276019503	0.040000475469114
MA1717.1	82166	0.78839963718773	0.0479563977971016
MA1718.1	82166	0.667683440627721	0.0488769300256517
MA1719.1	82166	0.736353732170276	0.0485822537206204
MA1720.1	82166	0.758355459403329	0.0483354566089172
MA1721.1	82166	0.751473014970959	0.0725617502702118
MA1722.1	82166	0.704678072737069	0.0362651837922825
MA1723.1	82166	0.798136519905729	0.0483439268830196
MA1724.1	82166	0.787506715239583	0.048504347754609
MA1631.1	82166	0.832673867421013	0.0599788891938054
MA1632.1	82166	0.7875814539952	0.0612232212292259
MA1634.1	82166	0.799541527876396	0.0626681472847117
MA1635.1	82166	0.84766176073162	0.0713792964599649
MA1636.1	82166	0.773132867927726	0.0574484544211818
MA1637.1	82166	0.789514001531272	0.0622445400210998
MA1638.1	82166	0.863755249427402	0.0598013438678647
MA1639.1	82166	0.792695885419642	0.0634810874331841
MA1640.1	82166	0.768110847971823	0.0671221424855288
MA1641.1	82166	0.81401155717759	0.0577813930820995
MA1642.1	82166	0.833255488395574	0.0519019814052224
MA1643.1	82166	0.708915706634701	0.0496852638090842
MA1644.1	82166	0.813266246485917	0.0603974759749234
MA1645.1	82166	0.81445466416593	0.0481518946935021
MA1646.1	82166	0.834708018079046	0.0529494885433724
MA1648.1	82166	0.862761668426524	0.0615199001885059
MA1649.1	82166	0.841346989788579	0.0524577458990056
MA1650.1	82166	0.794966567764217	0.0785917418413102
MA1651.1	82166	0.72861577011656	0.0467583229391326
MA1652.1	82166	0.814242210676137	0.0535244346098641
MA1653.1	82166	0.825724636004485	0.0867011009548394
MA1654.1	82166	0.697103114632323	0.0356143298103765
MA1655.1	82166	0.81717488235455	0.0526150846392408
MA1656.1	82166	0.793942359353163	0.0533797350523227
MA1657.1	82166	0.775668244469183	0.060558720314434
MA1683.1	82166	0.825947178868717	0.0703728957947607
MA1725.1	82166	0.801361282528888	0.0491214696207671
MA1726.1	82166	0.776208419211396	0.0535941155435536
MA1727.1	82166	0.782910613511597	0.0578970178607295
MA1728.1	82166	0.82736054487942	0.0576106041833051
MA1729.1	82166	0.763567565757557	0.0474004606762431
MA1730.1	82166	0.781752605534837	0.047536790786482
MA1731.1	82166	0.791114818650511	0.0454509833310004
MA0833.2	82166	0.773092066009753	0.0569073411572536
MA0835.2	82166	0.79800665621657	0.0613753139249744
MA0465.2	82166	0.799623967483599	0.0702758647375017
MA0102.4	82166	0.775430585910654	0.0593283311600979
MA0836.2	82166	0.787124490551387	0.0580015050752331
MA0018.4	82166	0.79415906963179	0.0648531377674454
MA1102.2	82166	0.81980750509817	0.0726158022638949
MA0471.2	82166	0.835938850479285	0.0621202321481662
MA0154.4	82166	0.772749024499297	0.0573829242785449
MA0162.4	82166	0.789663897356184	0.0768516923041608
MA0598.3	82166	0.798550052108649	0.0508217187452955
MA0473.3	82166	0.80077427818427	0.05230557953108
MA0640.2	82166	0.815117199777537	0.0507342718896316
MA0592.3	82166	0.780010339255826	0.0546931121599454
MA0761.2	82166	0.809451755611868	0.0515446222247419
MA0477.2	82166	0.78966382444804	0.0609125963234377
MA0148.4	82166	0.800739269132512	0.0688300336214625
MA0047.3	82166	0.823526884937376	0.0704264645728018
MA1103.2	82166	0.823792618641908	0.0703903685286675
MA0481.3	82166	0.829663159476196	0.0715544705145784
MA0062.3	82166	0.801252611671181	0.0511334878680911
MA0035.4	82166	0.819974165356232	0.0619798881826372
MA0482.2	82166	0.810485231075292	0.0568870873054782
MA1104.2	82166	0.79203523786465	0.0642628090146144
MA1105.2	82166	0.78844909338392	0.054414126035301
MA0043.3	82166	0.78381153000929	0.0641945628172229
MA0114.4	82166	0.784915245699376	0.0530916961563998
MA0484.2	82166	0.789475892143465	0.0521940060121883
MA0901.2	82166	0.78597896480692	0.0788614891749501
MA0490.2	82166	0.776321233269966	0.0625842880221481
MA0491.2	82166	0.779476322726005	0.0617717577086112
MA0039.4	82166	0.860610565489087	0.0766019217911327
MA1107.2	82166	0.781372979016582	0.063557136406521
MA0700.2	82166	0.816020766356633	0.0753487217597572
MA0495.3	82166	0.753267705329787	0.0532383716694865
MA0496.3	82166	0.750989017757537	0.0565851111573427
MA0052.4	82166	0.78846527121807	0.0828681386393377
MA0620.3	82166	0.755442596704568	0.0515718024643459
MA1108.2	82166	0.869123048319446	0.062575960368141
MA0499.2	82166	0.822684122756711	0.0523832104276771
MA0500.2	82166	0.817922501924277	0.06511176891783
MA0056.2	82166	0.818716475216308	0.0499726539750862
MA0089.2	82166	0.742390371148122	0.0477752870191041
MA0025.2	82166	0.785245347331975	0.070295402100478
MA0502.2	82166	0.796448201761617	0.0560598127640699
MA0063.2	82166	0.839495127973367	0.0547052141510535
MA1112.2	82166	0.826301871014622	0.057310329598638
MA0679.2	82166	0.736816566288216	0.0813077583536235
MA0712.2	82166	0.835866970310973	0.0639605772542764
MA1113.2	82166	0.78066237451105	0.0722054617620607
MA0681.2	82166	0.726410865096554	0.0922510414326483
MA0782.2	82166	0.771170913510659	0.0532234082997444
MA0627.2	82166	0.784585520751093	0.0736203703037408
MA0508.3	82166	0.849850334409784	0.0578167591749997
MA0684.2	82166	0.830965702767873	0.056144728731811
MA0743.2	82166	0.763196707220956	0.0464235285304793
MA0744.2	82166	0.765836501337441	0.0457420802127227
MA0745.2	82166	0.817678243803853	0.0583141709057847
MA0143.4	82166	0.833089951855518	0.0604766171471901
MA0081.2	82166	0.77456901965108	0.0468783059300495
MA0829.2	82166	0.775198088564235	0.0573518969468774
MA0522.3	82166	0.863406634931108	0.0606389217485628
MA0830.2	82166	0.831292628309329	0.0604982981670992
MA0769.2	82166	0.832505669267495	0.0611396737531704
MA0090.3	82166	0.798744666100012	0.053402776019701
MA0809.2	82166	0.817206744832916	0.05364246186043
MA0003.4	82166	0.809827929438192	0.0642725369873038
MA0814.2	82166	0.813006556676645	0.0673215161181899
MA1123.2	82166	0.820177136255393	0.0522690657834297
MA0093.3	82166	0.77460642173885	0.0514271640631325
MA0748.2	82166	0.805877565169394	0.0600740247363577
MA0528.2	82166	0.841739617650297	0.0683588689266853
MA0609.2	82166	0.723682837052904	0.0553021713704993
MA1684.1	82166	0.942928837461579	0.0677915662309193
MA1928.1	82166	0.808445596476417	0.0605669714051184
MA1929.1	82166	0.677982772680114	0.0403337312404683
MA1930.1	82166	0.672106292734078	0.0385153623365112
MA1931.1	82166	0.728618116898696	0.0440526077423743
MA1932.1	82166	0.726459972481848	0.0384130644508534
MA1933.1	82166	0.736070131399844	0.0407501489203303
MA1934.1	82166	0.771041176968718	0.0454815439091068
MA1935.1	82166	0.822561761029418	0.0391265484305734
MA1936.1	82166	0.834538316080302	0.0364523894472314
MA1937.1	82166	0.792696499033159	0.0394628212619972
MA1938.1	82166	0.751907777232638	0.0401086152809161
MA1939.1	82166	0.733386394386278	0.0364499198912
MA1940.1	82166	0.762571123799164	0.0438192604927289
MA1941.1	82166	0.756731778743787	0.0441764505658245
MA1942.1	82166	0.789625904571243	0.0415542726266941
MA1943.1	82166	0.766659861191875	0.0415139323370314
MA1944.1	82166	0.776945767883951	0.0399206424452348
MA1945.1	82166	0.768372638749283	0.0464717003926993
MA1946.1	82166	0.807992553864272	0.03816020001776
MA1947.1	82166	0.827885912453692	0.0394808372611529
MA1948.1	82166	0.781665511150876	0.0377789781823062
MA1949.1	82166	0.747383764033467	0.0392130688008314
MA1950.1	82166	0.79352646884119	0.0461093797590626
MA1951.1	82166	0.721435690284748	0.0509890911874914
MA1952.1	82166	0.808850144940241	0.044273520655444
MA1953.1	82166	0.800163110884289	0.0437068444065284
MA1954.1	82166	0.793609864645453	0.0460663591723813
MA1955.1	82166	0.788381964907159	0.0456082181019315
MA1956.1	82166	0.778665428463788	0.0446736760961395
MA1957.1	82166	0.742409323289139	0.0419820316319651
MA1958.1	82166	0.723289771952248	0.0412789977528564
MA1959.1	82166	0.889249075150204	0.0835203823317513
MA1960.1	82166	0.789100292239136	0.0505305717081583
MA1961.1	82166	0.858115720713404	0.0873518402424494
MA1962.1	82166	0.738408954846178	0.0573230376265192
MA1963.1	82166	0.786124871769809	0.080971982097324
MA1964.1	82166	0.869434066217641	0.059831115475265
MA1965.1	82166	0.899673844401906	0.0778332473326733
MA1966.1	82166	0.777048760924863	0.0453481502727519
MA1967.1	82166	0.720807073196687	0.0451959070212302
MA1968.1	82166	0.803899724753972	0.0466042008576735
MA1969.1	82166	0.720072741795581	0.0410687446651273
MA1970.1	82166	0.801401037986114	0.0654672434880908
MA1971.1	82166	0.806057412901612	0.0473698361070492
MA1972.1	82166	0.822211107985635	0.0464603942734864
MA1973.1	82166	0.731634919321758	0.045826091169356
MA1974.1	82166	0.73854538239688	0.0661226637918196
MA1975.1	82166	0.773040680798119	0.0407280743018041
MA1976.1	82166	0.740820008928492	0.0501055593998121
MA1977.1	82166	0.757737441374015	0.0372896495556406
MA1978.1	82166	0.752258000926879	0.0618683345595395
MA1979.1	82166	0.811932978851208	0.0512181104017953
MA1980.1	82166	0.775463559855699	0.0394306615004684
MA1981.1	82166	0.782893785917287	0.0595557952994036
MA1982.1	82166	0.781507592353018	0.0487618874893757
MA1983.1	82166	0.666552495954126	0.0383209582889272
MA1984.1	82166	0.80290063795666	0.0420025796570807
MA1985.1	82166	0.741053953251837	0.0494752324933484
MA1986.1	82166	0.844187662677903	0.072836128727673
MA1987.1	82166	0.781814105900822	0.0424418140489781
MA1988.1	82166	0.823752188262726	0.0611113945692139
MA1989.1	82166	0.78413690744274	0.0563153793320614
MA1990.1	82166	0.788374922306176	0.050634033670825
MA1991.1	82166	0.802808735346004	0.0480871888925432
MA1992.1	82166	0.8021636376557	0.049685893961703
MA1993.1	82166	0.859608333193803	0.0685567979774534
MA1994.1	82166	0.81099389444962	0.0595025224032207
MA1995.1	82166	0.811899213638991	0.0520066944362697
MA1996.1	82166	0.864124102917005	0.0634613358372636
MA1997.1	82166	0.860167675985683	0.0700838575917969
MA1998.1	82166	0.795979747149153	0.0488799123896626
MA1999.1	82166	0.7676093535155	0.0439359751487695
MA2001.1	82166	0.815598412598167	0.0539438034001794
MA2002.1	82166	0.870825906333306	0.0495130011244835
MA2003.1	82166	0.882890577954765	0.0417049720874291
MA0037.4	82166	0.81377028138078	0.0615026436586853
MA0041.2	82166	0.78819860101313	0.0690673048090361
MA0050.3	82166	0.768055818314639	0.05997323480521
MA0067.2	82166	0.765105604721123	0.0362630050813418
MA0078.2	82166	0.792258448408435	0.0546381679557486
MA0079.5	82166	0.86956875342228	0.0919872419353871
MA0080.6	82166	0.763046388810544	0.0484696148190707
MA0087.2	82166	0.810531534949699	0.0491665331004399
MA0095.3	82166	0.812763840040124	0.0594925797475987
MA0136.3	82166	0.839877718165829	0.0529207589917329
MA0152.2	82166	0.793067022094636	0.0592540972402636
MA0156.3	82166	0.787914465745983	0.052007469395994
MA0157.3	82166	0.830031916712494	0.0658835704444094
MA0160.2	82166	0.846956510722382	0.0501470390612679
MA0466.3	82166	0.735394467895091	0.0489537045936061
MA0467.2	82166	0.850913577669355	0.0743582942005865
MA0474.3	82166	0.811235528786593	0.0500893079108801
MA0480.2	82166	0.838992856509197	0.0636894663567394
MA0489.2	82166	0.810064781512278	0.0618573441250152
MA0493.2	82166	0.902763380812386	0.081009700798295
MA0505.2	82166	0.775542362989156	0.0522705808926702
MA0506.2	82166	0.749349017913108	0.075316129230268
MA0507.2	82166	0.735633202448535	0.0707478528965804
MA0509.3	82166	0.697791766724526	0.0477020508171465
MA0514.2	82166	0.84451101268102	0.0592340102965443
MA0516.3	82166	0.882959976240795	0.0814948100266759
MA0521.2	82166	0.835661255269766	0.0638970797821264
MA0526.4	82166	0.751820028050675	0.0566826513718868
MA0606.2	82166	0.822278800777453	0.0594959625604324
MA0607.2	82166	0.777693275096838	0.0525177040840355
MA0611.2	82166	0.737362836311971	0.0654254752271594
MA0624.2	82166	0.83893694754722	0.0617195310198656
MA0625.2	82166	0.913815019844891	0.0442328106566933
MA0633.2	82166	0.862018399133133	0.0727545514083785
MA0642.2	82166	0.875253845562849	0.0633548824383076
MA0644.2	82166	0.861972093652321	0.0708461503059387
MA0650.3	82166	0.817145812505437	0.0679919277098148
MA0651.2	82166	0.743931334647734	0.054023857121329
MA0659.3	82166	0.738984347979167	0.050626330084266
MA0666.2	82166	0.860256099709834	0.0718942520169946
MA0668.2	82166	0.810457732126266	0.0476507460082668
MA0680.2	82166	0.730886744969161	0.0853948890081235
MA0685.2	82166	0.884389980400058	0.0837599861685912
MA0690.2	82166	0.789331689012634	0.0466354383149232
MA0693.3	82166	0.844000468816343	0.0614659590800439
MA0697.2	82166	0.807222213806142	0.0593733096966312
MA0707.2	82166	0.892472433546603	0.0689404675691754
MA0708.2	82166	0.866012684492033	0.068214640518631
MA0723.2	82166	0.909247806280508	0.0529179696116858
MA0734.3	82166	0.80302472875418	0.0515658088602049
MA0740.2	82166	0.889202900842361	0.0786913616949741
MA0742.2	82166	0.867909570771086	0.0873838338534526
MA0754.2	82166	0.770690820047148	0.0618684963645505
MA0756.2	82166	0.793553583825374	0.0552728856244288
MA0759.2	82166	0.792283828862981	0.0570717213948754
MA0764.3	82166	0.819499075936177	0.053563494604744
MA0765.3	82166	0.792273844520897	0.05559158617673
MA0768.2	82166	0.784606936161502	0.0529931745888218
MA0784.2	82166	0.722626019351066	0.0673266072711503
MA0798.3	82166	0.699860456020361	0.0466815003883423
MA0799.2	82166	0.702549439841539	0.0477684739476796
MA0818.2	82166	0.794633956443436	0.0535374648897494
MA0819.2	82166	0.839022295614105	0.050383277092829
MA0821.2	82166	0.808029647835667	0.0586685431267946
MA0828.2	82166	0.728592309168891	0.0541103333748773
MA0831.3	82166	0.760554451898694	0.0571492423625319
MA0837.2	82166	0.740272295614616	0.0490901420710532
MA0847.3	82166	0.818717359022299	0.0630475612883638
MA0865.2	82166	0.792571013534452	0.0479804695418892
MA0869.2	82166	0.83561472968157	0.0501759562145816
MA0877.3	82166	0.834388900885593	0.0590217748721432
MA0878.3	82166	0.810490455832237	0.0640001026263809
MA0879.2	82166	0.895335323685171	0.0594823120845669
MA0884.2	82166	0.769978985265506	0.0652306313600939
MA0885.2	82166	0.799081471216163	0.0607302280656166
MA0909.3	82166	0.826423755115575	0.0790524842246641
MA1110.2	82166	0.882803474581451	0.0629779301603463
MA1467.2	82166	0.840194396632775	0.0544394973294988
MA1472.2	82166	0.8197865317538	0.0549949858131458
MA1476.2	82166	0.800752042217216	0.062065735486037
MA1483.2	82166	0.806858530173443	0.0464956360045551
MA1487.2	82166	0.807000001734575	0.0651526642131117
MA1491.2	82166	0.724633896507747	0.0437624641424384
MA1498.2	82166	0.892485710149814	0.0579544183800443
MA1511.2	82166	0.877149469631542	0.0832258459783745
MA1518.2	82166	0.724806071098851	0.0549923246566076
MA1524.2	82166	0.784998727938487	0.0462729818807428
MA1525.2	82166	0.856188397392066	0.0567437655046309
MA1532.2	82166	0.749642384399983	0.0407331142185638
MA1547.2	82166	0.849823108084579	0.0651089727950347
MA1563.2	82166	0.909052969635334	0.0534178225873744
MA1566.2	82166	0.808538119730003	0.0485811218359083
MA1567.2	82166	0.816261980287338	0.0483614668401695
MA1573.2	82166	0.733209931369365	0.054089695245909
MA1601.2	82166	0.777914618748831	0.04429554386755
MA1630.2	82166	0.841209663555411	0.0819236076361925
MA1633.2	82166	0.798717802973307	0.0595178642951807
MA1647.2	82166	0.760132890389759	0.0448290001816799
MA0597.2	82166	0.833598212424588	0.0608265115479018
MA1540.2	82166	0.739434459540981	0.0517219729727481
