[SHORT TFBS MATRIX]
MA0004.1	33248	0.825718954412662	0.0752062631932672
MA0069.1	33248	0.744794901551115	0.0419559678185231
MA0071.1	33248	0.79223984876946	0.0600567230169528
MA0074.1	33248	0.731322599323999	0.0430805388128418
MA0101.1	33248	0.839470791483134	0.0503472884855307
MA0107.1	33248	0.790832531410626	0.0580889034195311
MA0111.1	33248	0.846138675671252	0.0348209093512349
MA0115.1	33248	0.649480620835342	0.0488168193734701
MA0116.1	33248	0.800217368781918	0.0464018107296666
MA0119.1	33248	0.709529278568188	0.0533948583239133
MA0130.1	33248	0.935810205827852	0.0520066798392387
MA0142.1	33248	0.71956213814582	0.0601753121955684
MA0149.1	33248	0.659068750523365	0.0579319537953978
MA0151.1	33248	0.844223664313431	0.0937629601374533
MA0155.1	33248	0.831061050975083	0.0447483716491558
MA0159.1	33248	0.77726090124265	0.036540152344193
MA0163.1	33248	0.771924886009931	0.0542381212918935
MA0145.2	33248	0.813969719944641	0.0442899222287064
MA0468.1	33248	0.765863764796763	0.0641588488525681
MA0515.1	33248	0.833405481238555	0.0596715873669608
MA0258.2	33248	0.777062016846793	0.0437029026021128
MA0595.1	33248	0.824526345271122	0.0498884447422637
MA0596.1	33248	0.805395200565333	0.0515854294374506
MA0599.1	33248	0.904490305943576	0.0726417119437935
MA0604.1	33248	0.813484957180149	0.0619028587085055
MA0608.1	33248	0.801755210687002	0.0588916803231736
MA0613.1	33248	0.785630583067423	0.0826519268667043
MA0614.1	33248	0.815218424429564	0.0758918666499242
MA0636.1	33248	0.745587510962725	0.0620487855012223
MA0641.1	33248	0.75640420542544	0.0596953303738135
MA0042.2	33248	0.812388570636681	0.0741314842976398
MA0033.2	33248	0.846637359500322	0.0720752277181521
MA0153.2	33248	0.686071390575297	0.0719466674563985
MA0486.2	33248	0.709862072757583	0.0581570832557932
MA0653.1	33248	0.661260151041224	0.0526807549374793
MA0655.1	33248	0.737220693419773	0.0669356693835455
MA0660.1	33248	0.707664468760519	0.0723053285653262
MA0663.1	33248	0.742696542102697	0.060158408359456
MA0665.1	33248	0.782471347264847	0.0519777476097484
MA0667.1	33248	0.762214748053717	0.0567431816361586
MA0669.1	33248	0.76461947009058	0.0525173192784905
MA0676.1	33248	0.803677241969987	0.061262229813527
MA0678.1	33248	0.764262257320102	0.0533564452849571
MA0068.2	33248	0.773712260566541	0.0748368019009801
MA0512.2	33248	0.697175577094592	0.0498983093163739
MA0083.3	33248	0.656726364213046	0.0528961135000916
MA0009.2	33248	0.675876139468269	0.0450062042825952
MA0689.1	33248	0.771366054938363	0.0505913320273937
MA0691.1	33248	0.763801914729875	0.0623516958451391
MA0696.1	33248	0.749547958360386	0.0510581725253269
MA0713.1	33248	0.731560504277935	0.076434090233797
MA0715.1	33248	0.696162618462672	0.0847809387100266
MA0724.1	33248	0.786566894625969	0.0682638760575506
MA0728.1	33248	0.684091510488962	0.0464871788951803
MA0729.1	33248	0.668016539990876	0.0434323446355912
MA0730.1	33248	0.686613550908587	0.04374420094597
MA0731.1	33248	0.643267106760693	0.0477415209413547
MA0472.2	33248	0.78353655985821	0.0592928745141555
MA0736.1	33248	0.763753234387144	0.0491071395370659
MA0737.1	33248	0.718978538907353	0.0431513358193162
MA0741.1	33248	0.847965632205552	0.0765106852725278
MA0088.2	33248	0.724358564450303	0.0467451534783742
MA0758.1	33248	0.659455788349434	0.0514877448557401
MA0770.1	33248	0.724077152244986	0.0568539881168825
MA0771.1	33248	0.75713576057711	0.0514096872853469
MA0773.1	33248	0.71534205479255	0.0755987326484345
MA0774.1	33248	0.83323568029935	0.0636120728608089
MA0776.1	33248	0.71629141625442	0.0485345514984414
MA0777.1	33248	0.686704717257845	0.0449352955193364
MA0105.4	33248	0.684589591168762	0.0556284125106189
MA0780.1	33248	0.686858277507871	0.079880999856681
MA0783.1	33248	0.694427420291441	0.055117967241059
MA0787.1	33248	0.729108737649862	0.0755124454759006
MA0788.1	33248	0.722698848469498	0.0748981600969641
MA0789.1	33248	0.750485054779158	0.078832815474613
MA0792.1	33248	0.775425846960459	0.0754940806291754
MA0794.1	33248	0.732898104191612	0.0471892154448091
MA0795.1	33248	0.72719599225353	0.0550312805432693
MA0796.1	33248	0.667750137606835	0.0585236770308596
MA0797.1	33248	0.70341614312786	0.0541085970569309
MA0511.2	33248	0.802881349258785	0.0526967539922602
MA0801.1	33248	0.825475530617071	0.0531364698519701
MA0803.1	33248	0.802098635655215	0.0565630739028609
MA0805.1	33248	0.798619234808389	0.0586853392445444
MA0806.1	33248	0.832279189972273	0.0516341377630062
MA0807.1	33248	0.84324248965531	0.049867988409941
MA0808.1	33248	0.83707327773192	0.058869583700534
MA0813.1	33248	0.785162330842663	0.0611375267059422
MA0815.1	33248	0.777404838086335	0.0639059298351094
MA0816.1	33248	0.808288030111475	0.0586598690018154
MA0822.1	33248	0.698972761249625	0.0567505494674709
MA0823.1	33248	0.7735759589732	0.0687249236617028
MA0826.1	33248	0.744487785932404	0.0564980305939496
MA0827.1	33248	0.792296950279363	0.0487407633874265
MA0838.1	33248	0.747053777197553	0.0535206843381716
MA0845.1	33248	0.759485503057128	0.0726702023403503
MA0032.2	33248	0.787767808944018	0.0726660517249412
MA0848.1	33248	0.833918161343968	0.0707958194656269
MA0849.1	33248	0.817477308533608	0.073056980896194
MA0850.1	33248	0.881540144736871	0.0545963310115765
MA0855.1	33248	0.693786543373129	0.0500859613438867
MA0856.1	33248	0.70438933909795	0.0495188693872951
MA0857.1	33248	0.654780205714596	0.0489753196420721
MA0858.1	33248	0.676285341911032	0.0463035644705094
MA0860.1	33248	0.668207886454707	0.0457122146152014
MA0525.2	33248	0.674684075324169	0.0428071867436186
MA0106.3	33248	0.686411716355196	0.0416733014093381
MA0862.1	33248	0.785864402743165	0.0574835384235423
MA0863.1	33248	0.705301872552618	0.0428825029137748
MA0024.3	33248	0.743134781120042	0.0502468918888081
MA0866.1	33248	0.66191851308561	0.0591804991638726
MA0870.1	33248	0.663914262854503	0.0589421323028155
MA0872.1	33248	0.771131291690119	0.0656334252462054
MA1124.1	33248	0.673618243727841	0.0607688515263085
MA1155.1	33248	0.706971357925571	0.0484497460458878
MA1127.1	33248	0.725918683141039	0.0680601156102438
MA1129.1	33248	0.737506587721672	0.0667634376665192
MA1136.1	33248	0.754135283877122	0.0644194075138081
MA1420.1	33248	0.721651473977803	0.044602284444094
MA1421.1	33248	0.740809198546624	0.0553036789958145
MA1468.1	33248	0.826066135290541	0.0437452715512332
MA1485.1	33248	0.743868420978304	0.049930386648311
MA1489.1	33248	0.728171619345525	0.0865035965798733
MA1493.1	33248	0.775054018156121	0.0481009865743396
MA1509.1	33248	0.76240258019772	0.051859375116595
MA1538.1	33248	0.710882535600736	0.0453178228103419
MA1539.1	33248	0.695516579118979	0.0462514974574888
MA1555.1	33248	0.738258469417801	0.044824393651734
MA1556.1	33248	0.734215339540566	0.0469689968711186
MA1557.1	33248	0.75730434738951	0.0497632585701186
MA1570.1	33248	0.832389511281997	0.0528655402843463
MA1571.1	33248	0.723651039120802	0.0500011886466162
MA1572.1	33248	0.731247842397698	0.049828631887503
MA1580.1	33248	0.746758719926845	0.0642498521649869
MA1587.1	33248	0.75033517809594	0.0476273275345145
MA1588.1	33248	0.70164892966266	0.0484245623864952
MA1594.1	33248	0.661444291787375	0.0360075251325691
MA1596.1	33248	0.73864877001783	0.0609602837921717
MA1597.1	33248	0.681633190825607	0.0442145345049648
MA0158.2	33248	0.831911761262242	0.0629733136699565
MA0912.2	33248	0.78386727675143	0.0697985661857567
MA0623.2	33248	0.763020161095816	0.0537332504799005
MA2093.1	33248	0.85085927578822	0.0612539813503629
MA2094.1	33248	0.765307509706728	0.0389421911232566
MA2095.1	33248	0.76187673999399	0.061658133252178
MA2096.1	33248	0.808719284373577	0.0541359520120051
MA1715.1	33248	0.707718473186944	0.0451386820092353
MA2097.1	33248	0.740392374375742	0.0530144420907143
MA2098.1	33248	0.796530630095787	0.0654365355804424
MA2099.1	33248	0.849357675833383	0.0623576766737133
MA1718.1	33248	0.631864430312689	0.0459308224314341
MA2100.1	33248	0.619548311743925	0.0446946719649782
MA2101.1	33248	0.741652041745757	0.0559007927715419
MA1684.1	33248	0.922259350300926	0.0754512603236024
MA2102.1	33248	0.742793336278573	0.0650790536318986
MA1931.1	33248	0.714023294180002	0.0511003625751477
MA1957.1	33248	0.726752508139761	0.0487024506143772
MA1962.1	33248	0.696003338539008	0.0594988172607834
MA1972.1	33248	0.802657311972687	0.0469761350947245
MA1980.1	33248	0.750291247809304	0.0427467101912163
MA1985.1	33248	0.728499563850052	0.0483080519770266
MA2117.1	33248	0.801072746231792	0.0756181185030021
MA2118.1	33248	0.781846545379449	0.0752108101994798
MA2119.1	33248	0.833818196430468	0.071431990625383
MA2120.1	33248	0.79649969450253	0.0456636074013377
MA2121.1	33248	0.794841926806608	0.0658320310066743
MA2122.1	33248	0.756091791005129	0.0559774270310081
MA2123.1	33248	0.813138669967223	0.054094764298153
MA2124.1	33248	0.759322616382	0.106400012870204
MA2125.1	33248	0.821956817442561	0.0601150653320239
MA2126.1	33248	0.803273360792919	0.0702848884774053
MA0079.5	33248	0.866036143998919	0.0957555962232261
MA0509.3	33248	0.675637776327969	0.0551914063274186
MA0516.3	33248	0.879758095395727	0.0865637000502938
MA0607.2	33248	0.741653646907979	0.0533134813644409
MA0685.2	33248	0.881142207316517	0.088448617225433
MA0740.2	33248	0.885740172665855	0.0835180427460442
MA0742.2	33248	0.865016035507586	0.09199688109038
MA0798.3	33248	0.680452799499467	0.0533315708579515
MA0818.2	33248	0.758409490610185	0.052870008270232
MA0821.2	33248	0.789107315939167	0.0615562961891136
MA0831.3	33248	0.730078895058463	0.0649245881573115
MA0878.3	33248	0.764032971424945	0.0674927721581922
MA0884.2	33248	0.723839886847003	0.0658921362556802
MA1511.2	33248	0.874002606227684	0.0875834540017663
MA1532.2	33248	0.722507300207925	0.042357435544301
MA1547.2	33248	0.80064800699321	0.0661886359390283
MA1563.2	33248	0.871635500970018	0.0590336445992054
MA1573.2	33248	0.7057150445148	0.0623097603815689
MA1601.2	33248	0.753359210396523	0.0470020052004457
MA1633.2	33248	0.760599789058634	0.0655946972275245
MA2323.1	33248	0.656627062513593	0.0558944464156667
MA2324.1	33248	0.833880953236043	0.06372092659564
MA2325.1	33248	0.788244812069838	0.0567459677663829
MA2326.1	33248	0.890562595545514	0.0760610422782695
MA2327.1	33248	0.779049037678222	0.0796447699216385
MA2328.1	33248	0.807970968287743	0.0937115600561229
MA2329.1	33248	0.8027101294123	0.0676385069838208
MA2330.1	33248	0.775286597110968	0.0631265424417423
MA2331.1	33248	0.648602670367564	0.0392143830494192
MA2332.1	33248	0.800134658480322	0.0646813205173231
MA2333.1	33248	0.768221112044666	0.0880278037466743
MA2334.1	33248	0.713904583706003	0.0476408110585223
MA2335.1	33248	0.608594783730961	0.0505004892258147
MA2336.1	33248	0.827518020148202	0.0655023505727427
MA2337.1	33248	0.882782215693812	0.0700871600921366
MA2338.1	33248	0.822375243201548	0.0654103461509995
MA2339.1	33248	0.806281615686283	0.0636314552841679
MA2340.1	33248	0.776062555802487	0.062084615513139
MA2341.1	33248	0.861091294529165	0.0592279895578886
MA0619.2	33248	0.822225675361073	0.0923899866320587
MA0006.2	33248	0.90030406036401	0.0774619247848579
MA0854.2	33248	0.758944935090884	0.0825764979701417
MA0634.2	33248	0.834154235301035	0.0827237295093224
MA0853.2	33248	0.727815052032819	0.0650391194589485
MA0690.3	33248	0.768153230959581	0.0501322126290584
MA0007.4	33248	0.705424950528196	0.04755993834809
MA1463.2	33248	0.743961938601715	0.0884917107980653
MA0601.2	33248	0.798137506438586	0.103061061633877
MA0602.2	33248	0.764822667718665	0.0858560517828648
MA0259.2	33248	0.88291472582374	0.0804269128846853
MA1464.2	33248	0.783088545382339	0.0728153614401881
MA0603.2	33248	0.792766562897015	0.0677883147481831
MA0874.2	33248	0.751369426145464	0.0720176827573801
MA1100.3	33248	0.858928769021599	0.0567552934990107
MA1631.2	33248	0.822780801957317	0.0600667749392509
MA1632.2	33248	0.759361212660803	0.0718416738728241
MA1988.2	33248	0.806884507240091	0.0750628619727257
MA0605.3	33248	0.720381780333061	0.0746707824329552
MA0833.3	33248	0.748776281997727	0.061405932965335
MA1466.2	33248	0.712164574234031	0.0489840594172691
MA0834.2	33248	0.708363467706473	0.0724133165592797
MA0461.3	33248	0.812787400490518	0.0565538971294531
MA1467.3	33248	0.827286843971105	0.0657983791255966
MA0591.2	33248	0.752449842890057	0.0494141616374978
MA0496.4	33248	0.752279676012043	0.0603407117921781
MA1101.3	33248	0.731709422552123	0.0577198523831425
MA1470.2	33248	0.677789982691516	0.0476641913614953
MA0877.4	33248	0.828416889352457	0.0680257143475737
MA0635.2	33248	0.870568286075241	0.0674761600590205
MA0875.2	33248	0.851015958968056	0.0805292465910834
MA1471.2	33248	0.794308355468316	0.0772650911690054
MA1634.2	33248	0.802628564900819	0.077518117703137
MA0462.3	33248	0.803030531986181	0.0772029851354921
MA0489.3	33248	0.775203328150467	0.0715117326794106
MA0488.2	33248	0.781140325236673	0.0647664104645472
MA0835.3	33248	0.807074992437843	0.0757038444181697
MA1989.2	33248	0.772430492752026	0.0660224525934688
MA0463.3	33248	0.727899996689612	0.0481797379039859
MA1472.3	33248	0.803761146878949	0.0629823567637085
MA1635.2	33248	0.836540274907688	0.0880338730108873
MA0817.2	33248	0.742566897811029	0.0571837602891653
MA0464.3	33248	0.789990981395229	0.069574496132349
MA1928.2	33248	0.796894908999033	0.0782539984124687
MA0876.2	33248	0.865681225656179	0.0788919349351187
MA0465.3	33248	0.769620702451692	0.0758060192410436
MA1473.2	33248	0.778107079773557	0.074645265868177
MA0102.5	33248	0.747364567859887	0.0618468248061743
MA0466.4	33248	0.714210024368955	0.0534183340887024
MA0836.3	33248	0.781111398170226	0.0686504783482013
MA0837.3	33248	0.717047348715553	0.053237695124386
MA1636.2	33248	0.749928828143802	0.0609097432958762
MA0819.3	33248	0.827305253951971	0.0642070207892975
MA0018.5	33248	0.778978639559019	0.08103952191538
MA0638.2	33248	0.743773357844933	0.0515666795301048
MA0839.2	33248	0.716446643592614	0.0479976727610308
MA1474.2	33248	0.786077147024234	0.0524599937978658
MA1475.2	33248	0.786205175145486	0.0647964891145476
MA0840.2	33248	0.731861193075695	0.0733188332880799
MA0609.3	33248	0.722657814091543	0.0721266069932901
MA0467.3	33248	0.805603144830762	0.0824404411352838
MA0139.2	33248	0.78361611608019	0.0499065493971969
MA1929.2	33248	0.67164915510032	0.0407187438968423
MA1930.2	33248	0.663535426006867	0.0397030054793131
MA1102.3	33248	0.833449029798192	0.0702398009739486
MA0754.3	33248	0.737193292393552	0.0624883930742651
MA0650.4	33248	0.786576242649324	0.0748927513931247
MA0901.3	33248	0.757533806499453	0.0832518852121074
MA0755.2	33248	0.733946538343614	0.070007891144885
MA0639.2	33248	0.757737430168686	0.0654368243293213
MA0019.2	33248	0.807634119258548	0.0462148934967439
MA0879.3	33248	0.860658999998831	0.0703157891111096
MA0885.3	33248	0.765766031356922	0.0663537512959145
MA0880.2	33248	0.838612704513992	0.0802911012113988
MA0881.2	33248	0.843156629847555	0.0777535249546007
MA1476.3	33248	0.765811119849916	0.0672617488004674
MA0882.2	33248	0.842711993027459	0.0794033974540072
MA0883.2	33248	0.784587592611761	0.0578520998778821
MA1603.2	33248	0.761587820203561	0.073827554573198
MA0610.2	33248	0.816000521598487	0.0671635800624231
MA1707.2	33248	0.793761552297301	0.05904617471653
MA1478.2	33248	0.901354701856282	0.0574926932682337
MA1479.2	33248	0.761204438284081	0.0567123588946213
MA1480.2	33248	0.776804967196036	0.0595723474175796
MA1481.2	33248	0.831959758184823	0.0851149079172981
MA0611.3	33248	0.704630972192404	0.0699095356457088
MA0864.3	33248	0.745107526758146	0.049293017367802
MA0469.4	33248	0.669346913847604	0.0465820068507955
MA0756.3	33248	0.765879043486282	0.0611958188506856
MA0470.3	33248	0.727487770343317	0.0487722037733174
MA0471.3	33248	0.847867948630597	0.0658007348022813
MA0865.3	33248	0.818596759964636	0.0600463038390335
MA0154.5	33248	0.761418185911565	0.0573251897970087
MA1604.2	33248	0.78677946643038	0.0626901774259751
MA1637.2	33248	0.786177777840118	0.0649814840339706
MA0162.5	33248	0.808659543879133	0.0750557228092094
MA0732.2	33248	0.76609919405451	0.0730901299079346
MA0733.2	33248	0.788230752145429	0.0673960579820332
MA0598.4	33248	0.82310999799825	0.0642223000114359
MA0473.4	33248	0.808160795550187	0.0642971049356554
MA1483.3	33248	0.812994322547803	0.0602013821945974
MA0640.3	33248	0.822739537817791	0.0624100402797955
MA0136.4	33248	0.838584221875881	0.0634247567044524
MA0028.3	33248	0.786795012392848	0.067756936415854
MA0800.2	33248	0.790563256457255	0.0532344777119818
MA1708.2	33248	0.85277777935149	0.0595140671968267
MA1495.2	33248	0.850935263537141	0.0747575462804504
MA1932.2	33248	0.712382650448992	0.0453278088778841
MA0779.2	33248	0.731855636328322	0.0378191363047816
MA0014.4	33248	0.806236273848897	0.0586018898617896
MA0781.2	33248	0.705712417889376	0.0404365827369114
MA0686.2	33248	0.786789922008235	0.0545049742473639
MA1933.2	33248	0.724649107941927	0.0483482525328949
MA0828.3	33248	0.711992376202126	0.063875877540796
MA0843.2	33248	0.74838923379531	0.0631859700065367
MA0759.3	33248	0.791957525268802	0.0680444837554989
MA0076.3	33248	0.838369315205392	0.06507882298351
MA0612.3	33248	0.810499881919973	0.0866529243990392
MA0886.2	33248	0.810466930356934	0.0887127101421083
MA0027.3	33248	0.848413564211855	0.0814192500856602
MA0642.3	33248	0.836536964076791	0.0718877678911661
MA0760.2	33248	0.818249262200652	0.0577804215138534
MA1934.2	33248	0.767201257740231	0.0490075518879562
MA0820.2	33248	0.895799853223959	0.0623597604476712
MA1935.2	33248	0.853848586003758	0.0491675408098647
MA1936.2	33248	0.824176603723382	0.0430104743298438
MA0480.3	33248	0.809082364586787	0.0722160452552533
MA1937.2	33248	0.783876284759934	0.0456947255318609
MA0058.4	33248	0.816274037859171	0.0807609690402079
MA1938.2	33248	0.740414400030038	0.0427865799044406
MA0048.3	33248	0.812999037384021	0.0626363296500286
MA1939.2	33248	0.716318969215364	0.0412661798954218
MA0474.4	33248	0.802312668513509	0.0606601456733925
MA0112.4	33248	0.69396062277446	0.0474751660113537
MA0592.4	33248	0.767659080705226	0.0609372221470731
MA0141.4	33248	0.747414171989393	0.0593711875711395
MA0643.2	33248	0.799581445270098	0.0551547760604552
MA0644.3	33248	0.816986694112538	0.079273306375212
MA0098.4	33248	0.831696056426458	0.0596147254470452
MA1484.2	33248	0.831010555302883	0.0593693254602137
MA0761.3	33248	0.812140199171045	0.0635081992111251
MA0762.2	33248	0.803957164165169	0.0595218459553719
MA1940.2	33248	0.747456925265714	0.050609392680882
MA1941.2	33248	0.753754916124752	0.0486982032036018
MA1942.2	33248	0.807398027511544	0.0547192999386826
MA1943.2	33248	0.754986322123522	0.0462833129736802
MA0763.2	33248	0.824083709819588	0.0549467613072726
MA0764.4	33248	0.819194263339019	0.062714541945792
MA0765.4	33248	0.786959916743459	0.0667697933666624
MA1944.2	33248	0.763216798964608	0.0465067984497212
MA1945.2	33248	0.758854277379581	0.0484779952214988
MA1946.2	33248	0.798460174478619	0.0436463423090999
MA1947.2	33248	0.829106838404404	0.0463876142533965
MA1948.2	33248	0.770097162234843	0.043923100052318
MA0900.3	33248	0.80608505058898	0.0895754429223781
MA0645.2	33248	0.834837218565859	0.063217629889186
MA0887.2	33248	0.853156928963744	0.0777523187824963
MA0888.2	33248	0.85257222786327	0.0771930446891378
MA0156.4	33248	0.787062479434018	0.0656047917573186
MA0475.3	33248	0.814853719717682	0.0615187952824437
MA1949.2	33248	0.736185313003054	0.0453409053559716
MA1950.2	33248	0.787544530902635	0.055758521668161
MA0476.2	33248	0.786146770564603	0.0744559853052487
MA1951.2	33248	0.698424971545195	0.0626552426918008
MA0099.4	33248	0.787544115266926	0.0639374162826409
MA1126.2	33248	0.750350733463017	0.0660644446557675
MA1134.2	33248	0.772223681305711	0.0661673789192209
MA1140.3	33248	0.702356090217427	0.0681732415711678
MA0490.3	33248	0.741520972712052	0.0701774055714859
MA1141.2	33248	0.778061017108067	0.0657285029044092
MA0492.2	33248	0.780832090498235	0.063051454938031
MA0491.3	33248	0.742555602884483	0.0695063449182615
MA1135.2	33248	0.779146833057522	0.0665924826228945
MA0477.3	33248	0.75501294891586	0.0691288116301859
MA1128.2	33248	0.783115248938901	0.0648258202703824
MA1137.2	33248	0.785084799849183	0.0630735443519103
MA1142.2	33248	0.829888369879643	0.0599375274144145
MA1143.2	33248	0.796177171829155	0.0628521830273485
MA0478.2	33248	0.798241778051755	0.0601896728788217
MA1130.2	33248	0.786535987764739	0.0654808391514105
MA1131.2	33248	0.755913125662454	0.0693083547340987
MA1138.2	33248	0.773221772765754	0.0681438046488383
MA1139.2	33248	0.727268259082535	0.0730999442003142
MA1144.2	33248	0.776799365172196	0.0660654378201454
MA1145.2	33248	0.751630978132557	0.0707753624487993
MA0148.5	33248	0.768496114336223	0.0745424903713375
MA0047.4	33248	0.795812671793927	0.0768747595158669
MA1683.2	33248	0.797594001891003	0.0779110499800267
MA0846.2	33248	0.790132261898404	0.0716050247776111
MA0031.2	33248	0.807567081029832	0.0742710775459796
MA0847.4	33248	0.77687940144999	0.0714168532333369
MA0041.3	33248	0.751285794378692	0.0716581157234662
MA1487.3	33248	0.762613180421906	0.0690076386548353
MA1606.2	33248	0.809219264863461	0.0813876268948419
MA0030.2	33248	0.777268201010915	0.0713061222333844
MA0479.2	33248	0.798777940058385	0.0688748772902561
MA1952.2	33248	0.808726197515804	0.0559013174732773
MA0682.3	33248	0.824257318700393	0.0724762556730131
MA0851.2	33248	0.783622486771567	0.0761846048077579
MA0852.3	33248	0.810884800951064	0.0745736191831859
MA1103.3	33248	0.798145131460246	0.079264506149433
MA1607.2	33248	0.750633040605869	0.0758147090062402
MA1953.2	33248	0.777470173795754	0.0493110409440144
MA1954.2	33248	0.772117394074075	0.053079985392631
MA1955.2	33248	0.766087977432246	0.0514193814364783
MA1956.2	33248	0.758069488909272	0.0514937363502753
MA0157.4	33248	0.806388273896223	0.0761010924123158
MA0481.4	33248	0.801329013226572	0.0781898633536586
MA0593.2	33248	0.805317305180145	0.0745278820724228
MA0040.2	33248	0.777631916031618	0.0703900450160254
MA0062.4	33248	0.791151283915957	0.0609072023869385
MA0035.5	33248	0.807682519542328	0.0702466707129031
MA0140.3	33248	0.741947244202134	0.0556367972011707
MA0036.4	33248	0.80104420536906	0.0744870822999712
MA0037.5	33248	0.78222334330591	0.0690283623129201
MA0482.3	33248	0.79112388935386	0.0647333890194019
MA0766.3	33248	0.829622991475705	0.064599893072992
MA1104.3	33248	0.781937618635612	0.0701390712212671
MA0889.2	33248	0.807521008944371	0.0831580278350759
MA0890.2	33248	0.820359838040264	0.0879267189561126
MA0646.2	33248	0.785938765291487	0.0469896532173218
MA0143.5	33248	0.820832860264351	0.071441037923656
MA0767.2	33248	0.825943068677363	0.0501395919559022
MA0038.3	33248	0.771607424933847	0.0558156657366983
MA0483.2	33248	0.815788021102722	0.0555375649833144
MA1990.2	33248	0.772148885617006	0.0522912862243608
MA0734.4	33248	0.794483928595218	0.0543241370680908
MA1491.3	33248	0.704235969924169	0.0454076397565389
MA0735.2	33248	0.680762692062371	0.0468122705601687
MA0615.2	33248	0.859629961742251	0.0645410762478192
MA0647.2	33248	0.731554477174991	0.0589602435255559
MA1105.3	33248	0.787862494103449	0.0615523900017202
MA0648.2	33248	0.827305221875502	0.0769150542292191
MA0891.2	33248	0.847431077619345	0.068047752304541
MA0892.2	33248	0.872565172971268	0.067157996698981
MA0893.3	33248	0.872409250918643	0.0619706371903184
MA0092.2	33248	0.862970045424526	0.0460095567564929
MA0522.4	33248	0.854132140148771	0.0637040915007021
MA1638.2	33248	0.855617072646291	0.0666697319946214
MA1099.3	33248	0.835944201271522	0.0757259634710188
MA0616.3	33248	0.791936191314708	0.0730646702440183
MA0894.2	33248	0.816376120779567	0.091556034961562
MA0649.2	33248	0.800589774721819	0.0614845217466475
MA0739.2	33248	0.848686174878044	0.0498008160719057
MA0738.2	33248	0.922587390940025	0.0526966374206898
MA1106.2	33248	0.825002881894667	0.0708920352949725
MA0131.3	33248	0.831484157716757	0.0634260450703938
MA0043.4	33248	0.754657042070576	0.0698876770966052
MA0895.2	33248	0.834391421991873	0.0667084658660822
MA0896.2	33248	0.765819766537533	0.0640329275783635
MA0897.2	33248	0.716355556221466	0.0592412666365571
MA0898.2	33248	0.766518857040309	0.0652277589445552
MA1991.2	33248	0.776436531954985	0.0577633000226968
MA0046.3	33248	0.698782624043003	0.0726134209468689
MA1494.2	33248	0.704340855481379	0.0480166137270868
MA0114.5	33248	0.765179269994092	0.0618029497686015
MA0484.3	33248	0.769755372837973	0.0606550471286897
MA0899.2	33248	0.79739724803724	0.0774800268843986
MA0911.2	33248	0.792358027668249	0.059302738176682
MA1496.2	33248	0.873612304758187	0.054617757786528
MA1497.2	33248	0.848383457536889	0.0624919447763358
MA1498.3	33248	0.875311649142429	0.0721917565748203
MA0594.3	33248	0.853517024792644	0.0525194626380956
MA0902.3	33248	0.857626000942919	0.0803009806208246
MA1566.3	33248	0.788456564247428	0.0522097320540584
MA0903.2	33248	0.863073987402506	0.0770361111598981
MA1499.2	33248	0.834044512859167	0.082415436302433
MA0904.3	33248	0.833031748252142	0.0795318147601472
MA1500.2	33248	0.866877377743529	0.0579701730282631
MA1501.2	33248	0.833467135052046	0.0605215410470875
MA1502.2	33248	0.840913610840275	0.072449792654778
MA1503.2	33248	0.761953563391654	0.0638900182474461
MA0905.2	33248	0.798004602321035	0.0664162227194605
MA0651.3	33248	0.706258160935309	0.0576503540272208
MA0906.2	33248	0.744167196287763	0.0594609323822086
MA0907.2	33248	0.747196864892884	0.0650239558640537
MA1504.2	33248	0.855303182697494	0.0776658133972195
MA1505.2	33248	0.867229436062991	0.0689247916470401
MA0485.3	33248	0.747523634227356	0.0655974058615219
MA1506.2	33248	0.743488620195305	0.0588976318053637
MA0908.2	33248	0.781609082354065	0.0664074948805683
MA0873.2	33248	0.754945764301934	0.0575358713395779
MA1958.2	33248	0.7036190256483	0.0493124080029414
MA0909.4	33248	0.784231020782906	0.0865715429902121
MA1507.2	33248	0.848972332731874	0.0799724869808267
MA0910.3	33248	0.841506628495249	0.0720412313635513
MA0913.3	33248	0.77980491491592	0.0765225948685306
MA1508.2	33248	0.826017797540786	0.0646211408610004
MA1992.2	33248	0.82087749020225	0.0604734611398464
MA0050.4	33248	0.746023295134782	0.0701206305455295
MA0051.2	33248	0.735198993218458	0.0513561732707383
MA1418.2	33248	0.68783022611984	0.0533715029808167
MA1419.2	33248	0.673284663474255	0.0512793872298781
MA0772.2	33248	0.727822494181469	0.0610387841672458
MA0652.2	33248	0.688674542614359	0.0522674520063524
MA1608.2	33248	0.800940205143978	0.0693862525549249
MA0914.2	33248	0.877919479330944	0.0621073344839403
MA0654.2	33248	0.815459311126757	0.0903358789716586
MA0656.2	33248	0.724045442582335	0.0733711305751786
MA1132.2	33248	0.819273747483266	0.0609817527627746
MA1133.2	33248	0.745930023244182	0.0633947751554505
MA0493.3	33248	0.898897130000135	0.0880369501551582
MA1512.2	33248	0.851109900612161	0.070849513927362
MA0657.2	33248	0.726365407183212	0.051702706197952
MA1513.2	33248	0.856315450232519	0.110830758975085
MA1514.2	33248	0.763204239690865	0.055117425352727
MA1515.2	33248	0.8916777736961	0.0780787543826889
MA1516.2	33248	0.822368831772133	0.0740717168222798
MA0039.5	33248	0.867921722261147	0.0808475381756105
MA1517.2	33248	0.866640140022399	0.0682776961489544
MA1959.2	33248	0.888669427932544	0.0909433032558887
MA1107.3	33248	0.794768746595922	0.0692412012157344
MA0618.2	33248	0.827598808608948	0.0683624674736423
MA0699.2	33248	0.846975827789907	0.0745553449280514
MA0768.3	33248	0.789127305140459	0.067059147683
MA1518.3	33248	0.72585640489882	0.0651768182912641
MA0700.3	33248	0.804265444644252	0.0882090157554827
MA0135.2	33248	0.741033472715749	0.0771327613678836
MA0704.2	33248	0.840416375171074	0.0771872715473366
MA1519.2	33248	0.799554873574452	0.0828345243257143
MA0658.2	33248	0.787938350298829	0.0711927934008686
MA0705.2	33248	0.851085210107813	0.0759964955652366
MA0701.3	33248	0.800483728890886	0.0786689528465047
MA0702.3	33248	0.759564826904403	0.0927316943480676
MA0703.3	33248	0.718041691777326	0.0968506112476229
MA1520.2	33248	0.735575551030822	0.0460949370568124
MA0501.2	33248	0.751035526654704	0.0529701835448575
MA0841.2	33248	0.724577636439392	0.0632298421583823
MA1521.2	33248	0.740311615499971	0.0461772807914556
MA0117.3	33248	0.790329286068177	0.0525754793502444
MA0495.4	33248	0.739697000886573	0.0566607158000946
MA0659.4	33248	0.726415356518231	0.0540125806445433
MA0089.3	33248	0.736144270412847	0.0550919993097627
MA0059.2	33248	0.770716193988975	0.0558765726505454
MA0147.4	33248	0.794581695946253	0.0661842382081913
MA1522.2	33248	0.861241588197726	0.0859036444823659
MA0029.2	33248	0.736426732632458	0.0618235261057336
MA0052.5	33248	0.739615130781523	0.0794752946251354
MA0497.2	33248	0.776342720909136	0.0686926545816408
MA0498.3	33248	0.923249592279571	0.064158567875569
MA1639.2	33248	0.762105862119591	0.0692378749098899
MA1640.2	33248	0.748280384746461	0.0757108005807867
MA0775.2	33248	0.872234441169883	0.0598255584631956
MA0661.2	33248	0.822780524146371	0.0716814739459761
MA0706.2	33248	0.830029716929526	0.0685334789547299
MA1960.2	33248	0.756653836250777	0.0538375314460805
MA0620.4	33248	0.744698685684078	0.0642544046753263
MA0621.2	33248	0.732048386811233	0.106150509603893
MA0662.2	33248	0.842978205236673	0.0793264165055766
MA0622.2	33248	0.775224574911774	0.100647501310813
MA0664.2	33248	0.800234219655844	0.0681897394428985
MA0825.2	33248	0.825266978331211	0.0734714935710591
MA0707.3	33248	0.862525114044969	0.0776817709132871
MA1523.2	33248	0.86149082571684	0.0593468055073396
MA1524.3	33248	0.774242662903491	0.0546161355408135
MA0666.3	33248	0.828671162942361	0.0822238269584419
MA0708.3	33248	0.83748723854627	0.0783158035709769
MA0709.2	33248	0.813964061238197	0.0887966342463961
MA1108.3	33248	0.84190711618248	0.074810134006579
MA0100.4	33248	0.848789869340451	0.0675897472563369
MA0104.5	33248	0.777534148690961	0.0650158655359523
MA1641.2	33248	0.797470693678091	0.0660677567564113
MA0499.3	33248	0.809549404858454	0.0560363642645608
MA0500.3	33248	0.817813450450165	0.0748711725181174
MA0056.3	33248	0.806954775904268	0.0572433104035476
MA1109.2	33248	0.821706709630569	0.0582706696862842
MA1993.2	33248	0.840036096635243	0.0856778658630713
MA0668.3	33248	0.819621311898025	0.0580917181251428
MA1642.2	33248	0.832084544444789	0.0647501428761469
MA0606.3	33248	0.805739704733292	0.0677585267865503
MA0624.3	33248	0.86100853294233	0.0761607217458975
MA0152.3	33248	0.798246317668471	0.071007842616043
MA0625.3	33248	0.921416378357729	0.0514079587505202
MA1525.3	33248	0.832489106052255	0.0611863205863514
MA0150.3	33248	0.748325923355217	0.0539553536985072
MA0670.2	33248	0.827784127366057	0.0830440441150895
MA1643.2	33248	0.68888619243731	0.050666350010566
MA0161.3	33248	0.824545142969095	0.0675752664050246
MA1527.2	33248	0.718368853749855	0.0559939397523809
MA0025.3	33248	0.754177104495258	0.0739820023749513
MA0671.2	33248	0.921115104598276	0.0490951123349251
MA1528.2	33248	0.736204509846467	0.0559394888856282
MA0778.2	33248	0.729718789782888	0.060240504928341
MA0060.4	33248	0.816074119827696	0.0725885293658378
MA0502.3	33248	0.80336508684296	0.0671701837249674
MA1644.2	33248	0.827410102791274	0.0760856705921997
MA1529.2	33248	0.722670765331246	0.0530652533690945
MA1994.2	33248	0.802591546654129	0.0690431900297788
MA1645.2	33248	0.808544653481093	0.0553189594858977
MA0672.2	33248	0.847273315743911	0.053623425572806
MA2003.2	33248	0.867211941997981	0.0463014491866135
MA0063.3	33248	0.819136940845671	0.0648248213434445
MA0673.2	33248	0.877855266177852	0.0450131793316493
MA0124.3	33248	0.834755724149708	0.0600790481976456
MA0122.4	33248	0.760693074848174	0.0627647682955886
MA0674.2	33248	0.831552087716423	0.0722899172470698
MA0675.2	33248	0.859945275504284	0.0812078856050157
MA1530.2	33248	0.833504939824325	0.0656557139303735
MA0125.2	33248	0.843287224154059	0.0784930967267031
MA0710.2	33248	0.831737711208835	0.0771559161939122
MA0626.2	33248	0.812736463271362	0.0648557456063147
MA1995.2	33248	0.80266716042353	0.0584673392066571
MA1531.2	33248	0.748754649625714	0.042180067015069
MA1996.2	33248	0.849146424939898	0.0725630326079647
MA0494.2	33248	0.782712956202625	0.038148837972127
MA1110.3	33248	0.858310100250992	0.0683529112991817
MA1146.2	33248	0.741980219989259	0.0417504457613486
MA1533.2	33248	0.771156367473142	0.0384142204917826
MA1534.2	33248	0.829625224804004	0.0596299075787108
MA1535.2	33248	0.898307966221918	0.0626305692094771
MA0504.2	33248	0.804237141454901	0.0420372157929557
MA1536.2	33248	0.933229943889009	0.0434285889377809
MA0164.2	33248	0.801508171630259	0.0845735636824228
MA0017.3	33248	0.787952024222112	0.0562459031473612
MA1537.2	33248	0.73263882255557	0.0466219870874949
MA1111.2	33248	0.82113324609222	0.0665326350964283
MA0677.2	33248	0.721525816957107	0.0485087488760962
MA0113.4	33248	0.702090391268069	0.0525440280685513
MA0727.2	33248	0.703115049473945	0.0526255075371863
MA1112.3	33248	0.801120779801765	0.0648347471698726
MA0160.3	33248	0.83046827662746	0.0556551654177602
MA1147.2	33248	0.757614517349531	0.0413479769082158
MA1540.3	33248	0.725246747363422	0.0552055379847789
MA0505.3	33248	0.776993556962229	0.0597205586451866
MA1541.2	33248	0.737135107073197	0.046338337257991
MA0506.3	33248	0.760221880383686	0.0826959162069508
MA0842.3	33248	0.764666804891868	0.052439235004185
MA1997.2	33248	0.844432906640963	0.0832173369489703
MA0679.3	33248	0.727611246068615	0.0809916111896217
MA0757.2	33248	0.691043167961113	0.0767207250597095
MA1542.2	33248	0.824232453657555	0.0521253137903074
MA1646.2	33248	0.826775650752149	0.060111876308682
MA0711.2	33248	0.844842377280323	0.0661323833416333
MA0712.3	33248	0.812958326269627	0.0718180927298866
MA1544.2	33248	0.733680120777338	0.0555468668792408
MA1545.2	33248	0.786296511295553	0.0598901454778099
MA1961.2	33248	0.861974187525351	0.0903185649509952
MA0067.3	33248	0.75429483212859	0.0378062909365663
MA1546.2	33248	0.733949431854034	0.0414103246965485
MA0680.3	33248	0.689912856074245	0.0851379471253419
MA0070.2	33248	0.781175896297635	0.0597267993059255
MA1113.3	33248	0.741364557766701	0.0774014930305789
MA1114.2	33248	0.74780909513016	0.0562223586422679
MA0132.3	33248	0.830840189872406	0.0885925224502523
MA0681.3	33248	0.672357035433227	0.0889161741829293
MA0714.2	33248	0.845755081444147	0.0670597678644524
MA0782.3	33248	0.759928238253198	0.0605783182902125
MA1615.2	33248	0.816843131278088	0.0657966544401598
MA1548.2	33248	0.821033365210578	0.0756336935360745
MA0784.3	33248	0.679398138666875	0.0702801738457004
MA0785.2	33248	0.769926522844899	0.0743700509597981
MA0507.3	33248	0.690996376126555	0.0731530148002548
MA0627.3	33248	0.746961470373028	0.078236217314719
MA0786.2	33248	0.758029341558691	0.078915435032363
MA0790.2	33248	0.703469410320708	0.0833673721335911
MA0683.2	33248	0.654758867352508	0.0693309846440511
MA0791.2	33248	0.69757341296565	0.0841377920670737
MA1115.2	33248	0.806917278653877	0.0796094805719878
MA0628.2	33248	0.766229698216562	0.0971234738708079
MA1549.2	33248	0.820888791545492	0.0684568100028658
MA0793.2	33248	0.766599771787767	0.0709949420347709
MA1148.2	33248	0.739131194979774	0.0399985747187367
MA1550.2	33248	0.733706933331829	0.0463506011965038
MA0066.2	33248	0.724395474541993	0.0372673426152022
MA0065.3	33248	0.806658692104848	0.0428578231080072
MA0508.4	33248	0.840827899360072	0.0721717602120018
MA1998.2	33248	0.794722323916125	0.0559178137324416
MA1616.2	33248	0.757180239757214	0.0512205463638967
MA1647.3	33248	0.766600016541634	0.055828580867535
MA1999.2	33248	0.758390257586997	0.0499519859027509
MA1723.2	33248	0.799185866884385	0.0542317162127764
MA0716.2	33248	0.830481246712047	0.0888414375664107
MA0075.4	33248	0.775994847375627	0.0892356620883921
MA1618.2	33248	0.794518887182331	0.0599412565969789
MA1619.2	33248	0.807077894352652	0.0662939677111743
MA1620.2	33248	0.814435747111446	0.0605044571068459
MA1149.2	33248	0.77170206391615	0.0409865567265506
MA1552.2	33248	0.739310905143515	0.0439203338988085
MA0859.2	33248	0.678940995443772	0.0484098687269696
MA1553.2	33248	0.724163629530151	0.045183479910269
MA0718.2	33248	0.835108098986792	0.0876650147293986
MA0717.2	33248	0.840049386857024	0.0823625007334387
MA1116.2	33248	0.871628407517105	0.0736753161239081
MA1117.2	33248	0.820737387701104	0.0653612032864986
MA0138.3	33248	0.674798807350815	0.0422702053727383
MA0600.3	33248	0.700120480266518	0.058022351540972
MA0799.3	33248	0.698307172425082	0.0556993699280849
MA0510.3	33248	0.6915440465774	0.0570678366270548
MA1724.2	33248	0.783565966391071	0.0589684009754017
MA1554.2	33248	0.873457596493101	0.0434695107047537
MA0629.2	33248	0.818141385389845	0.0530544901346518
MA0719.2	33248	0.932372507691782	0.0467784077238196
MA0072.2	33248	0.749108190070784	0.0595348227110521
MA1150.2	33248	0.804177372687727	0.0523496244251155
MA1151.2	33248	0.820392042592448	0.0482634893807877
MA0073.2	33248	0.772424988703089	0.0546716924816964
MA0002.3	33248	0.84192385875389	0.0510493617126164
MA0684.3	33248	0.810036939241082	0.0615514225679963
MA1963.2	33248	0.760372397809694	0.0849587953593532
MA0743.3	33248	0.765346860653795	0.0543929062423051
MA0744.3	33248	0.765473064898438	0.0542209302458976
MA0630.2	33248	0.834260208554441	0.0896386526549936
MA0720.2	33248	0.826140315657744	0.0902589332015128
MA1118.2	33248	0.783600287300791	0.0611171020536243
MA1119.2	33248	0.741093629658577	0.0581117930562776
MA0631.2	33248	0.729854915568692	0.0527457507038322
MA2001.2	33248	0.817768805721696	0.0686138201722663
MA1964.2	33248	0.872108618694721	0.0636640776646804
MA1153.2	33248	0.844726278776874	0.0637234396875282
MA1558.2	33248	0.863326924856084	0.0602480915892128
MA0745.3	33248	0.812258363284474	0.0607577865825236
MA1559.2	33248	0.815284316893364	0.0568032805391699
MA1560.2	33248	0.785045301226897	0.0670602335219194
MA0442.3	33248	0.85021205023188	0.0805224653133298
MA0869.3	33248	0.8144837045791	0.0624819819381895
MA1561.2	33248	0.742205040105771	0.0547986670034832
MA1120.2	33248	0.814896329452979	0.0742212663947307
MA1562.2	33248	0.759964023082211	0.060468832039878
MA1152.2	33248	0.873299260271858	0.0717683791009676
MA0078.3	33248	0.757746671887261	0.0632694004373041
MA0514.3	33248	0.819180362901764	0.0715188890618273
MA0867.3	33248	0.844788707495258	0.0688449311337294
MA0087.3	33248	0.804593043986139	0.0616340469394353
MA0868.3	33248	0.836350965086493	0.0755605631557358
MA0077.2	33248	0.824770808868513	0.0602105242013613
MA0746.3	33248	0.837326793168086	0.077101242305798
MA1965.2	33248	0.906479124728487	0.0871885478995045
MA0747.2	33248	0.85924177447868	0.0620235312098961
MA1564.2	33248	0.859874819562754	0.0784516135254345
MA0080.7	33248	0.753903177000544	0.0565565020934833
MA0081.3	33248	0.767355566012332	0.0539884692387252
MA0687.2	33248	0.785149375823327	0.0492743137041538
MA0829.3	33248	0.752234037529323	0.0592350686795817
MA0084.2	33248	0.867397464705841	0.0705871779506928
MA0137.4	33248	0.815955252820261	0.063770113770305
MA0517.2	33248	0.767254181254943	0.0616253450011989
MA1623.2	33248	0.764525047689319	0.0780037268534824
MA0144.3	33248	0.838715879901871	0.0592269220188509
MA0518.2	33248	0.823760532122988	0.0600584864568107
MA1624.2	33248	0.783673667366965	0.0664055749503522
MA0519.2	33248	0.835350959466314	0.0588712419855555
MA1625.2	33248	0.77810209520095	0.0695635527953568
MA0520.2	33248	0.801549774669868	0.0652586145163675
MA0091.2	33248	0.796075536830945	0.0542155556320089
MA0108.3	33248	0.82602247162863	0.0942102428260144
MA0802.2	33248	0.787249848641067	0.053382462314813
MA1565.2	33248	0.803857298558811	0.0516567802826235
MA0804.2	33248	0.677337737635796	0.0447371483630766
MA0688.2	33248	0.814737584765348	0.0500031883728902
MA1567.3	33248	0.796076861028189	0.0525337723107703
MA0521.3	33248	0.844568416413074	0.0821051803790557
MA1648.2	33248	0.85508001063299	0.0646385222209382
MA0832.2	33248	0.72938844217238	0.0588277863454329
MA1568.2	33248	0.80092875326992	0.0436059179546812
MA0830.3	33248	0.835766650795558	0.061029150292809
MA0769.3	33248	0.822898396853819	0.0741137480771816
MA0523.2	33248	0.816872199827612	0.0610132072754925
MA0632.3	33248	0.833247616625086	0.0756188811227815
MA0090.4	33248	0.770524291997615	0.0622303882803754
MA1121.2	33248	0.818036807249889	0.0651757403865392
MA0809.3	33248	0.796903296799177	0.0628794046605661
MA0810.2	33248	0.862080534245788	0.0589479622656189
MA0003.5	33248	0.808733200542424	0.0667090627039869
MA0811.2	33248	0.845324558401309	0.056962709781204
MA0812.2	33248	0.834042391508632	0.0677061913568753
MA0524.3	33248	0.84210324858608	0.056583087631459
MA0814.3	33248	0.814359975039141	0.0651370150625629
MA1569.2	33248	0.856223636033363	0.0753218130640606
MA1966.2	33248	0.777312490907973	0.0499840075445219
MA1967.2	33248	0.708974423565671	0.0505772366304888
MA1968.2	33248	0.787271859279199	0.0526301392526129
MA1122.2	33248	0.832710900693159	0.0715232105147007
MA0692.2	33248	0.81960970757538	0.0625933976093491
MA0871.3	33248	0.77670344958643	0.0697637309355634
MA0597.3	33248	0.841810215666835	0.0586849955348085
MA1969.2	33248	0.714410103105179	0.0398640737120282
MA1574.2	33248	0.781912474201068	0.0421354094765146
MA1575.2	33248	0.722863829722395	0.0448859678978027
MA1576.2	33248	0.720214027920162	0.0396022756199332
MA1577.2	33248	0.801932586566627	0.103452455867775
MA0861.2	33248	0.71850305115965	0.0455456292732424
MA1970.2	33248	0.773918219005434	0.071573766282941
MA1123.3	33248	0.807316144902985	0.0603103091652135
MA0633.3	33248	0.840588379956583	0.085440068050686
MA0721.2	33248	0.833269558702755	0.0848879560929504
MA0093.4	33248	0.752577880218307	0.0618729668955209
MA0526.5	33248	0.729646612382163	0.0656778797998033
MA0722.2	33248	0.829686259622798	0.0734565819358959
MA0723.3	33248	0.879786236595572	0.0690124365935951
MA0693.4	33248	0.820339424258575	0.0698892884230747
MA1578.2	33248	0.879123841761681	0.0819350647704692
MA0725.2	33248	0.793253945795534	0.0836985704038187
MA0726.2	33248	0.783689657819039	0.0837882758340231
MA1627.2	33248	0.819623272473118	0.069215826091686
MA0844.2	33248	0.753689617940132	0.0522838051794609
MA0095.4	33248	0.794571892058743	0.0696174787808768
MA0748.3	33248	0.828854831769504	0.0676041981269342
MA0749.2	33248	0.681030390053841	0.0477469493703084
MA1971.2	33248	0.809430740607461	0.0581471875379513
MA1649.2	33248	0.837230064389273	0.0692983929794073
MA1650.2	33248	0.81655966505471	0.0756861152145449
MA0698.2	33248	0.766257388705173	0.0539884671631335
MA1579.2	33248	0.828252054297031	0.0643497267041662
MA0527.2	33248	0.759410616901267	0.0636392312470626
MA1581.2	33248	0.811214242616962	0.0573308956700849
MA0750.3	33248	0.821357687694464	0.0670349483585613
MA0694.2	33248	0.790975080144961	0.0570416589523647
MA0695.2	33248	0.846470627838904	0.0559697539646263
MA0103.4	33248	0.873104454607337	0.0662923227187172
MA2002.2	33248	0.872013808793323	0.0555801943361223
MA1651.2	33248	0.725767064267577	0.0582181639324501
MA1583.2	33248	0.817920956046684	0.0666770927578782
MA0146.3	33248	0.842460304600536	0.0656626428934674
MA1628.2	33248	0.864377445900148	0.0643159835756284
MA1629.2	33248	0.810981737263013	0.058872184859632
MA0697.3	33248	0.852833443404804	0.0706968108464791
MA0751.2	33248	0.784294991010944	0.0490084489396128
MA1584.2	33248	0.751274915891967	0.0524507189893493
MA1709.2	33248	0.759480386649257	0.0647199892249709
MA1585.2	33248	0.768965223906499	0.0572010665471889
MA1973.2	33248	0.720251100608672	0.0498076008501914
MA1652.2	33248	0.821367765473419	0.0610332344268764
MA1589.2	33248	0.67728528390175	0.0395564981653988
MA1653.2	33248	0.829859692907686	0.0899548416385984
MA1654.2	33248	0.690919541972909	0.037295092211135
MA1725.2	33248	0.797226683772432	0.0565320110920841
MA1974.2	33248	0.716298979676622	0.0657729549776192
MA1975.2	33248	0.756415260407654	0.0463563197816806
MA1710.2	33248	0.858481471256207	0.0541784235428672
MA0528.3	33248	0.866441250381428	0.0757907947537642
MA1592.2	33248	0.766233524444993	0.0469432251390816
MA1630.3	33248	0.835984218773777	0.0880487781725946
MA1154.2	33248	0.725413391186003	0.0426247957058801
MA1593.2	33248	0.809593025339898	0.0636301275585947
MA1976.2	33248	0.736700183232051	0.0488077081644902
MA1977.2	33248	0.761653311663468	0.0427838964596413
MA1726.2	33248	0.79261303642313	0.0590183632886717
MA1655.2	33248	0.816006630463113	0.0583141716181143
MA1711.2	33248	0.723857210461744	0.0477225803548128
MA1978.2	33248	0.700480686026197	0.0614827742439936
MA1125.2	33248	0.761796571513724	0.121026480044137
MA0752.2	33248	0.656710760280352	0.0499579268629579
MA1979.2	33248	0.789365887768463	0.0537539060314715
MA1727.2	33248	0.816433025252117	0.0751055619661707
MA1656.2	33248	0.787111476871892	0.0558794066131955
MA1712.2	33248	0.77295415949162	0.0554530028712799
MA1981.2	33248	0.787194197500497	0.0555595739088255
MA1728.2	33248	0.83307313296364	0.0613537627113095
MA1982.2	33248	0.772652033171408	0.0486114309170245
MA1983.2	33248	0.651897405318457	0.0417930701890546
MA1713.2	33248	0.791066915024023	0.0797803145396413
MA1657.2	33248	0.752476277769608	0.0675291156334931
MA1984.2	33248	0.77894029981088	0.0464767088137953
MA1714.2	33248	0.722667246975791	0.0394035312041994
MA1729.2	33248	0.757818494180885	0.0562590333349186
MA1599.2	33248	0.766518383026414	0.0643851099694876
MA1600.2	33248	0.725773456288959	0.0438997218020499
MA1986.2	33248	0.830371431814287	0.0709905877201774
MA1987.2	33248	0.774835951977216	0.0457200943325321
MA1730.2	33248	0.803937925281438	0.0557088432134539
MA0753.3	33248	0.800085803983424	0.080533645278782
MA1716.2	33248	0.731989192604226	0.0473614354919637
MA1731.2	33248	0.841208590434417	0.0557112918099543
MA1717.2	33248	0.794368811284675	0.0571179567941287
MA1719.2	33248	0.72818764432183	0.0492462440001635
MA1720.2	33248	0.739680793777856	0.0525844968026383
MA1721.2	33248	0.760095503684625	0.0745808866405994
MA1602.2	33248	0.763193963536954	0.0491166655008679
MA1722.2	33248	0.687305509332226	0.0391079075611023
