[SHORT TFBS MATRIX]
MA0021.1	36406	0.989394639306199	0.0114627818541405
MA0053.1	36406	0.994965164974403	0.0146011868026389
MA0054.1	36406	0.91462094105222	0.0310852337280342
MA0064.1	36406	0.996908720918948	0.00939869141573052
MA0096.1	36406	0.870872266895286	0.0568608565435607
MA0097.1	36406	0.755530457588045	0.0507180193332883
MA0123.1	36406	0.823340949681449	0.0520609079824396
MA0128.1	36406	0.866430426745446	0.0559894686739154
MA0129.1	36406	0.92618538388135	0.0372349144595757
MA0553.1	36406	0.831177297310848	0.0525815895043273
MA0559.1	36406	0.876889325664675	0.03758337793899
MA0561.1	36406	0.857502090216066	0.0609296471954349
MA0562.1	36406	0.86967166265473	0.0545944980894729
MA0566.1	36406	0.856556779196849	0.0479192149064344
MA0567.1	36406	0.81679952736173	0.0677850595414669
MA0574.1	36406	0.750794145839907	0.0416814400610628
MA0578.1	36406	0.895122259393255	0.0336166561186879
MA0580.1	36406	0.785256257977231	0.0402957297315338
MA0590.1	36406	0.749385773023055	0.0313123806683063
MA0932.1	36406	0.973396701175365	0.0323330248218895
MA0933.1	36406	0.956150023890563	0.0358436238623696
MA0934.1	36406	0.955907964098646	0.0334688029649497
MA0935.1	36406	0.884434771382659	0.0485317637365217
MA0936.1	36406	0.887322498591621	0.0406817018866169
MA0937.1	36406	0.873949542895275	0.0444159535873966
MA0939.1	36406	0.872215184407948	0.0441437021733937
MA0940.1	36406	0.90152695699847	0.0345084577806961
MA0946.1	36406	0.888032647215614	0.0435203369985963
MA0947.1	36406	0.88111984605127	0.0440800913600487
MA0950.1	36406	0.921014567482682	0.0371313688573481
MA0951.1	36406	0.940732977508205	0.0466940566218927
MA0952.1	36406	0.930114244375802	0.0469040625808459
MA0957.1	36406	0.815416041383818	0.0592368361618613
MA0958.1	36406	0.826794406596075	0.0583358709414993
MA0959.1	36406	0.80404296200556	0.0517272504135928
MA0960.1	36406	0.719106509430704	0.0592604126313009
MA0963.1	36406	0.721079629731363	0.0755372353388165
MA0967.1	36406	0.837897307354934	0.0491978947588661
MA0972.1	36406	0.906092148391046	0.048605291978635
MA0975.1	36406	0.791982148692224	0.0745953337344907
MA0977.1	36406	0.9491651222984	0.033731607921442
MA0978.1	36406	0.830624319611	0.0521805441535261
MA0986.1	36406	0.837187328235681	0.0532365418714328
MA1007.1	36406	0.85457035608467	0.0499897803296511
MA1009.1	36406	0.845340104925955	0.0534204282145123
MA1012.1	36406	0.858470127952908	0.0361554885140411
MA1013.1	36406	0.867237087290934	0.0531247266617192
MA1014.1	36406	0.869014916596691	0.053981709583478
MA1020.1	36406	0.893330132278818	0.0463480144061719
MA1023.1	36406	0.843688185158969	0.0538961840347934
MA1028.1	36406	0.855022242806117	0.0498864884148252
MA1033.1	36406	0.821068154741418	0.0770991063734097
MA1034.1	36406	0.776625648223136	0.0829510570496917
MA1035.1	36406	0.807781672570822	0.0587263848240897
MA1036.1	36406	0.896077265003426	0.040156456382027
MA1039.1	36406	0.913073258740224	0.0361558950601365
MA1040.1	36406	0.891580654743164	0.0429721365481471
MA1041.1	36406	0.861583022582177	0.0461031389660972
MA1042.1	36406	0.900955343965292	0.0400447693720523
MA1046.1	36406	0.838458092830428	0.0599876677983827
MA1048.1	36406	0.845197013178256	0.0547869578053652
MA1050.1	36406	0.81261665824575	0.0566035520718989
MA1051.1	36406	0.811415145721106	0.0657322910867205
MA1053.1	36406	0.786008297942222	0.0686526411078245
MA1066.1	36406	0.768901287672463	0.065163354534483
MA1067.1	36406	0.789903298298932	0.0620856085245548
MA1075.1	36406	0.857007328314026	0.0485200386518217
MA1080.1	36406	0.878261155088606	0.0512919622563135
MA1084.1	36406	0.855724634842728	0.0515257433236707
MA1091.1	36406	0.892204885116239	0.0506463349496669
MA1095.1	36406	0.798290140723981	0.0655976955888498
MA1096.1	36406	0.764267081523463	0.0654699787343841
MA1097.1	36406	0.792340457343166	0.0642873294219367
MA1098.1	36406	0.798290140723981	0.0655976955888498
MA1161.1	36406	0.867466768759613	0.0420790309345058
MA1162.1	36406	0.865800858529148	0.0425055585066626
MA1169.1	36406	0.863823456305106	0.0372356599506746
MA1188.1	36406	0.876503428404864	0.0355089773660457
MA1199.1	36406	0.8352323377956	0.0363963056889283
MA1202.1	36406	0.921674931808809	0.0726285543332683
MA1203.1	36406	0.820386149796801	0.0349554947415417
MA1204.1	36406	0.829372381251122	0.0351731884613938
MA1205.1	36406	0.821073207077438	0.0352469566688303
MA1221.1	36406	0.7551835287123	0.055445730368381
MA1222.1	36406	0.773145910948415	0.0523953238528998
MA1225.1	36406	0.766204358835125	0.0517753657086559
MA1235.1	36406	0.869292600718325	0.0346188811318622
MA1242.1	36406	0.788719217139407	0.0585327662905327
MA1274.1	36406	0.854146378019005	0.0437868485087946
MA1290.1	36406	0.750320387784761	0.0496721371398937
MA1291.1	36406	0.754549566015984	0.0547848827881482
MA1309.1	36406	0.855442928662977	0.0456036500241569
MA1324.1	36406	0.874381292887684	0.0491587984245733
MA1328.1	36406	0.892065517306957	0.0425103326093064
MA1335.1	36406	0.827399421286897	0.0430682190689817
MA1339.1	36406	0.762136178965549	0.0507791643374954
MA1348.1	36406	0.804038451732239	0.045335734609103
MA1350.1	36406	0.759887582696486	0.0503888340076165
MA1352.1	36406	0.69484437516239	0.0409041735943598
MA1354.1	36406	0.680193178135247	0.0325414462158172
MA1356.1	36406	0.722549129977796	0.0412260043352815
MA1363.1	36406	0.767562165575423	0.0479069687571685
MA1373.1	36406	0.856807102979541	0.03578763321782
MA1378.1	36406	0.806879533190667	0.0311923002201337
MA1379.1	36406	0.872198995363765	0.041190222560226
MA1380.1	36406	0.880227100889223	0.0401083328722009
MA1384.1	36406	0.838230555224619	0.0390351004627591
MA1402.1	36406	0.74602660641219	0.0661941849951384
MA1403.1	36406	0.623716159557728	0.0691101871342912
MA1404.1	36406	0.731796917587931	0.0622787434744051
MA1416.1	36406	0.778893095157171	0.0834371646352612
MA2055.1	36406	0.8755817920405	0.0419241064740723
MA2056.1	36406	1	1e-06
MA2057.1	36406	0.87473130390625	0.0517986764188598
MA2058.1	36406	0.999894926051174	0.00182925173485051
MA2059.1	36406	0.97334586058124	0.0340638451805233
MA2060.1	36406	0.817687567645222	0.0697727835985097
MA2061.1	36406	0.829636792001529	0.0708061381266274
MA2062.1	36406	1	1e-06
MA2063.1	36406	0.927692309128703	0.0571831831298119
MA2064.1	36406	0.831983432888375	0.0774867457222304
MA2065.1	36406	0.806981261241736	0.067650365755717
MA2066.1	36406	0.828415354894877	0.0550189161677091
MA2067.1	36406	0.810411883687326	0.0662470474111671
MA2068.1	36406	0.82816600710712	0.0554378022747974
MA2069.1	36406	0.999802153568448	0.00303566499476915
MA2070.1	36406	1	1e-06
MA2071.1	36406	0.815333632290876	0.0713972770986368
MA2072.1	36406	0.843741504431178	0.0514085397174183
MA2073.1	36406	1	1e-06
MA2074.1	36406	0.813138553059224	0.0699059006041122
MA2075.1	36406	0.903270574878856	0.0471135517163064
MA2076.1	36406	0.843656083957678	0.0597385232723246
MA2077.1	36406	0.823145736442013	0.0741542864405458
MA2078.1	36406	0.828020041841644	0.067463653757897
MA2079.1	36406	0.782575605909532	0.0558638814187877
MA2080.1	36406	0.912448704069312	0.0485178256181338
MA2081.1	36406	0.99989786081652	0.00145885689945296
MA2082.1	36406	0.992919245835532	0.0209771467853509
MA2083.1	36406	0.919190454228447	0.0328937956872081
MA2084.1	36406	0.999832123706554	0.0027033175733567
MA2085.1	36406	0.999886612490405	0.0020876606306302
MA2086.1	36406	0.905949190559475	0.0484316658508546
MA2087.1	36406	0.84792095986732	0.070081047100582
MA2088.1	36406	0.800491287290701	0.0730695173275761
MA2089.1	36406	0.946413459179502	0.0490294135201511
MA2090.1	36406	0.999291241281405	0.00773007641404487
MA2091.1	36406	0.855769307054038	0.0463593025892604
MA2092.1	36406	0.888124631821612	0.0478642357847986
MA1732.1	36406	0.735345811635357	0.0474614584628534
MA1686.1	36406	0.719269966227566	0.0410423063358075
MA1687.1	36406	0.688192071148008	0.0416309694091581
MA1734.1	36406	0.797073948376899	0.044720086513197
MA1738.1	36406	0.855699768544737	0.0301098563612554
MA1741.1	36406	0.853290018401994	0.0354823194455582
MA1746.1	36406	0.778827798150971	0.0482774542667982
MA1749.1	36406	0.827041797539375	0.0335321173741661
MA1750.1	36406	0.735345811635357	0.0474614584628534
MA1760.1	36406	0.789627954591377	0.0440155721307488
MA1783.1	36406	0.80557394398479	0.0409548127605327
MA1784.1	36406	0.781377299365801	0.0400938261362025
MA1788.1	36406	0.78388485045398	0.0383425495277501
MA1789.1	36406	0.832245381455599	0.041518717031329
MA1790.1	36406	0.862372814231166	0.0348794078743207
MA1791.1	36406	0.802869873585608	0.0383572156634368
MA1792.1	36406	0.825767569649542	0.0388027181906188
MA1796.1	36406	0.895597051905508	0.0406247119495776
MA1797.1	36406	0.899814588335102	0.0475161941928359
MA1800.1	36406	0.918780519269149	0.0381813173803258
MA2103.1	36406	0.968503921165282	0.0334743239766679
MA2104.1	36406	0.852435652085468	0.0408117431682849
MA2105.1	36406	0.899161011184167	0.0655316780091717
MA1818.1	36406	0.728069435441144	0.0832717380980755
MA2106.1	36406	0.864667704527027	0.0479443327210856
MA2342.1	36406	0.874902026226993	0.0664784220527616
MA2343.1	36406	0.835307867181291	0.0514446352654863
MA2344.1	36406	0.805618732669795	0.0457270228249791
MA2345.1	36406	0.991148444932944	0.0222090054113972
MA2346.1	36406	0.84402870623644	0.0666785427817741
MA2347.1	36406	0.991001428624504	0.0185746456834085
MA2348.1	36406	0.826854423847018	0.0369680849536155
MA2349.1	36406	0.957021575506579	0.0322175322703956
MA2350.1	36406	0.873022462143773	0.0594246495540817
MA2351.1	36406	0.902290174937334	0.0459697509865217
MA2352.1	36406	0.878432501837031	0.0478181812527818
MA2353.1	36406	0.899581118582723	0.0570458659775144
MA2354.1	36406	0.839785534162299	0.0460874285762182
MA2355.1	36406	0.894640729220319	0.0528999430807127
MA2356.1	36406	0.999867022852813	0.00234290133423341
MA2357.1	36406	0.943942683364048	0.041785365321377
MA2358.1	36406	0.885872683052502	0.0529023227064027
MA2359.1	36406	0.927967500159538	0.0524962838076779
MA2360.1	36406	0.912565872476035	0.0376222825062934
MA2361.1	36406	0.904213201240646	0.0472432594400871
MA2362.1	36406	0.921222725662731	0.0379183271321657
MA2363.1	36406	0.870889606820115	0.0394063345487313
MA2364.1	36406	0.815668630742496	0.0556909733734411
MA2365.1	36406	0.868041799346652	0.051658123116324
MA2366.1	36406	0.976731895453743	0.047608873702603
MA2367.1	36406	0.836609734123	0.0322184163900418
MA2368.1	36406	0.9699468479088	0.0388394397899277
MA2369.1	36406	0.904845880164272	0.0322600782980107
MA2370.1	36406	0.988109428832161	0.0197901621890206
MA2371.1	36406	0.855699768544737	0.0301098563612554
MA2372.1	36406	0.936166519421802	0.0359730860875326
MA2373.1	36406	0.999854901161953	0.0021141873142871
MA2374.1	36406	0.968597692967096	0.0253847029535286
MA2375.1	36406	0.789622917054813	0.0567038354301249
MA2376.1	36406	0.790603606091382	0.0398381242054894
MA2377.1	36406	0.801112357569662	0.0529977269058382
MA2378.1	36406	0.968804428140703	0.0484140703929042
MA2379.1	36406	1	1e-06
MA2380.1	36406	0.937809349210792	0.0403942090995254
MA2381.1	36406	1	1e-06
MA2382.1	36406	0.890323102775743	0.0580576890021115
MA2383.1	36406	0.999864193637934	0.00214742914320083
MA2384.1	36406	0.887507020739692	0.0691401384284536
MA2385.1	36406	0.911125089495991	0.0631627911360583
MA2386.1	36406	0.832950593897241	0.0655902692578769
MA2387.1	36406	0.784061575847658	0.0491631404131004
MA2388.1	36406	0.888406696001048	0.0435268605632861
MA2389.1	36406	0.909300698290429	0.0473207009157275
MA2390.1	36406	0.818448819219652	0.0565076879456221
MA2391.1	36406	0.931580876028903	0.0396336218166164
MA2392.1	36406	0.922358028728125	0.0462989056584822
MA2393.1	36406	0.844283308464641	0.0682643139987477
MA2394.1	36406	1	1e-06
MA2395.1	36406	0.843983123252962	0.0537538560561412
MA2396.1	36406	0.853681132420422	0.0416584775926812
MA2397.1	36406	0.897554453951103	0.0574736693146811
MA2398.1	36406	0.753161621869453	0.0465922863850333
MA2399.1	36406	0.766551158442271	0.0729227029344498
MA2400.1	36406	0.840623513281007	0.0547137842634605
MA2401.1	36406	0.820874451794993	0.0772461406795827
MA2402.1	36406	0.9584365078801	0.0386078231296113
MA2403.1	36406	0.967016287074251	0.0330073617574976
MA2404.1	36406	0.954773444897789	0.0466753005314183
MA2405.1	36406	0.991164707150957	0.0225140118414701
MA2406.1	36406	0.825412907010626	0.0706723538715998
MA2407.1	36406	0.899297320155234	0.0474479244668917
MA2408.1	36406	0.726801751351273	0.0527224906482815
MA2409.1	36406	0.82743447735873	0.045199555523771
MA2410.1	36406	0.82336691050538	0.0513497777024374
MA2411.1	36406	0.836319190413114	0.0461988373945244
MA2412.1	36406	0.824068712856012	0.0464843887067939
MA2413.1	36406	0.801324668948288	0.0564108678313101
MA2414.1	36406	0.823804517460174	0.055378212548069
MA2415.1	36406	0.760813798438281	0.0610927345042493
MA2416.1	36406	0.712150409510945	0.0714605688506405
MA2417.1	36406	0.83161639567501	0.0470295108406988
MA2418.1	36406	0.764461171224239	0.0646763389558065
MA2419.1	36406	0.837361355622341	0.0422647106789123
MA2420.1	36406	0.88165185537091	0.0471154628110796
MA2421.1	36406	0.891221157127272	0.054266149321151
MA2422.1	36406	0.804645096541634	0.0539204002429975
MA2423.1	36406	0.760232826075125	0.0522508796208888
MA2424.1	36406	0.762322225195735	0.0543633268629883
MA2425.1	36406	0.746535524932073	0.0422665080787706
MA2426.1	36406	0.678507831348136	0.0402261943026868
MA2427.1	36406	0.702738595246053	0.0396424079514743
MA2428.1	36406	0.687626845876773	0.0429267124162864
MA2429.1	36406	0.683297844856705	0.0392998457381649
MA2430.1	36406	0.702602365703768	0.0417845158176991
MA2431.1	36406	0.71771466351907	0.0399739406514723
MA2432.1	36406	0.915558134999227	0.053989887990635
MA2433.1	36406	0.772262645174027	0.0459381440514968
MA2434.1	36406	0.74797035394121	0.0440035237323979
MA2435.1	36406	0.724207210639711	0.0420445695287008
MA2436.1	36406	0.708307377686992	0.0404604433053545
MA2437.1	36406	0.684460621553335	0.0435055157359604
MA2438.1	36406	0.72109895590438	0.0416739122456609
MA2439.1	36406	0.69077698893638	0.042561527197713
MA2440.1	36406	0.722027924845742	0.0420978838827871
MA2441.1	36406	0.750041574804135	0.0426561038614643
MA2442.1	36406	0.704041581259491	0.0396977803450097
MA2443.1	36406	0.702640248682636	0.0412048398534706
MA2444.1	36406	0.69395271284815	0.0421405563370248
MA2445.1	36406	0.747374434485703	0.0432155071208809
MA2446.1	36406	0.703971738545768	0.0414560753071026
MA2447.1	36406	0.895895995241419	0.0654720366862821
MA2448.1	36406	0.701182015136277	0.0393728337838728
MA2449.1	36406	0.750980699073578	0.0446789512309435
MA2450.1	36406	0.752745350105502	0.0448751833960363
MA2451.1	36406	0.684436601273433	0.0389544172548954
MA2452.1	36406	0.837669297919116	0.0481081605222005
MA2453.1	36406	0.828708246321533	0.0486007059817209
MA2454.1	36406	0.821134297566406	0.0470989125653578
MA2455.1	36406	0.698840992625508	0.0404119789784591
MA2005.2	36406	0.817632038856571	0.0463817350681239
MA1376.2	36406	0.861164510281909	0.0608218371934223
MA1751.2	36406	0.918003081171334	0.0466822013860841
MA0571.2	36406	0.771883821238419	0.0347185072496475
MA1377.2	36406	0.795940161092115	0.03160979676007
MA0971.2	36406	0.852755192920643	0.0568207032904297
MA0976.3	36406	0.772429731238098	0.0608806731245289
MA0980.3	36406	0.857425169199646	0.0562787460970798
MA0992.3	36406	0.788801862138843	0.0629126663309315
MA0993.2	36406	0.963557343459594	0.0564583623672252
MA0994.3	36406	0.763203745640855	0.0617788548261224
MA0995.3	36406	0.865543820946559	0.0557459530360352
MA0997.2	36406	0.969023514415681	0.0477794012806152
MA0998.2	36406	0.850934931714361	0.0757218855008989
MA1000.3	36406	0.783783658505015	0.0638045349238078
MA1001.4	36406	0.773769455933782	0.0604385480000259
MA1004.2	36406	0.831830091416193	0.0762059971430793
MA1005.3	36406	0.797726674368863	0.0648153778034801
MA1006.2	36406	0.782439084709013	0.0807021779301107
MA1008.2	36406	0.832949096426776	0.0655894881395199
MA1010.2	36406	0.854667661807402	0.0458262194578173
MA1032.2	36406	0.824612090714748	0.0570537137394979
MA1049.2	36406	0.83773864952625	0.0710055594815026
MA1218.2	36406	0.85182126719702	0.0540934750455217
MA1219.3	36406	0.840055530199385	0.0629276461036986
MA1220.2	36406	0.824987611325758	0.053188461249009
MA1223.2	36406	0.804405031630321	0.0533317950742223
MA1226.2	36406	0.78502210373979	0.0497255858392453
MA1227.3	36406	0.859583858589958	0.0564807779165162
MA1228.2	36406	0.763044040543173	0.059823788211068
MA1229.2	36406	0.81888787983786	0.0529771235568016
MA1230.2	36406	0.815053496796329	0.053662574187612
MA1231.3	36406	0.821680018233085	0.0714544487269289
MA1232.2	36406	0.855061377446597	0.0633670343452025
MA1233.3	36406	0.835421077636037	0.0542920892965016
MA1234.2	36406	0.832461580390647	0.055138565979296
MA1238.3	36406	0.827933063285948	0.0535938717489045
MA1239.2	36406	0.752175784627082	0.0551851662895273
MA1240.2	36406	0.803610773881638	0.0592464118230782
MA1241.2	36406	0.794824117154903	0.053804203755919
MA1243.2	36406	0.845675925462605	0.0472064339773913
MA1244.2	36406	0.77749584284268	0.058328232084903
MA1245.3	36406	0.795865031242023	0.0651319276883341
MA1246.2	36406	0.793422918425763	0.0631370562948323
MA1247.2	36406	0.770786268344833	0.0693403980391704
MA1248.2	36406	0.836877355447485	0.0604143661518599
MA1250.2	36406	0.778204446795587	0.0542238474591892
MA1251.2	36406	0.820783405556264	0.0533958421046538
MA1252.2	36406	0.801134962859952	0.0627057988174143
MA1253.2	36406	0.825197129739477	0.0553411694984709
MA1256.2	36406	0.793343397457486	0.0568715898478334
MA1257.2	36406	0.745804455845274	0.0473426504169327
MA1258.2	36406	0.84905963286278	0.0509877886675644
MA1259.2	36406	0.805774511120077	0.0548188058949889
MA1260.2	36406	0.816515737580422	0.0579546306438518
MA1261.2	36406	0.863663004096331	0.0444111797866178
MA1262.2	36406	0.782832489236625	0.0559431080449459
MA1263.2	36406	0.827364707532468	0.0597581688815976
MA1264.2	36406	0.764844685076154	0.0583865002543455
MA1265.3	36406	0.827861810670519	0.0555477704626656
MA1266.2	36406	0.808647001750079	0.0610913312058697
MA1424.2	36406	0.813042741971173	0.0555465929135458
MA1669.2	36406	0.82599150341187	0.0549244997697018
MA1670.2	36406	0.840896286109976	0.0537431444044415
MA1671.2	36406	0.795705237152599	0.0703197597521163
MA1679.2	36406	0.823217049853342	0.0553409432579635
MA1748.2	36406	0.895783802962161	0.0610915157994988
MA1752.2	36406	0.846283821985037	0.0531265308983381
MA1753.2	36406	0.777221105367883	0.0547636356752913
MA1754.2	36406	0.774077923662567	0.0626174858275434
MA1795.2	36406	0.891699795975767	0.0392092380466464
MA1804.2	36406	0.921063121839945	0.0414113388703186
MA1817.2	36406	0.696522138161005	0.0754240713328217
MA1819.2	36406	0.737600370803829	0.0888973522632276
MA1820.2	36406	0.707388660756276	0.0821789656529951
MA1821.2	36406	0.707112380395655	0.0836732005432306
MA1831.2	36406	0.761234128672948	0.068548599567037
MA1832.2	36406	0.719905573791243	0.0818724345306941
MA1833.2	36406	0.675586656457806	0.0744202959815467
MA2011.2	36406	0.832985420719082	0.0545144178972507
MA2013.2	36406	0.75327768981595	0.0630671538108176
MA0564.2	36406	0.854844643395363	0.0658842475161865
MA0565.3	36406	0.871720444466433	0.0623169333224255
MA0581.2	36406	0.910389787850994	0.0702122255773742
MA1810.2	36406	0.812541449942317	0.0575614777696438
MA0942.2	36406	0.856754666689904	0.0572409666174468
MA0943.2	36406	0.878287424103731	0.0539533393772924
MA0944.2	36406	0.923456911480916	0.0392407739950152
MA1206.2	36406	0.958316756376431	0.0285784561672422
MA1685.2	36406	0.816557949833862	0.0476104772793673
MA1688.2	36406	0.833425559185209	0.0453394048345511
MA1689.2	36406	0.865177066277746	0.0473980599104198
MA1690.2	36406	0.798485313040952	0.044141193971283
MA1691.2	36406	0.843379038854986	0.0482645714170402
MA1692.2	36406	0.835509623372965	0.0509596785169261
MA1693.2	36406	0.826535920693751	0.0502386126175086
MA1694.2	36406	0.82582809056544	0.0491587146971103
MA1695.2	36406	0.770954670095908	0.0425948170078563
MA1696.2	36406	0.8124091781589	0.0424009301390375
MA1697.2	36406	0.850457959922091	0.0508656021837702
MA1698.2	36406	0.798965141664144	0.0529494687223235
MA0582.2	36406	0.963055437697083	0.0354317198054107
MA0552.2	36406	0.865341627886725	0.0723885330308422
MA0560.2	36406	0.862740782952263	0.0661131430344205
MA0568.2	36406	0.914059178698081	0.0513907120992461
MA0569.2	36406	0.858474377110518	0.0590994158058267
MA0956.2	36406	0.919095637468581	0.0449815277487641
MA0961.2	36406	0.873012745949578	0.0594238756822841
MA0962.2	36406	0.875181719292419	0.061196645379207
MA0964.3	36406	0.805484267163495	0.0629979290476859
MA0965.3	36406	0.854646388122976	0.0773509854534453
MA0966.2	36406	0.902581880239038	0.0523590915193573
MA1025.2	36406	0.845777594808346	0.0623441814476166
MA1061.2	36406	0.887716934372844	0.0528232337869274
MA1074.2	36406	0.833982326136586	0.0764213351601169
MA1357.2	36406	0.853369580306898	0.0512771501219202
MA1358.2	36406	0.874805923996523	0.0542061215894228
MA1359.3	36406	0.860486891816403	0.0744014377465959
MA1360.3	36406	0.848435721822652	0.0809848853598185
MA1361.2	36406	0.784546762838804	0.0429912126017578
MA1362.2	36406	0.846332823585414	0.0477413683665215
MA1364.2	36406	0.80928405752168	0.0630880241039862
MA1411.2	36406	0.798154883373852	0.0517199980186969
MA1412.2	36406	0.783973604791879	0.0572151034247944
MA1739.2	36406	0.893964664290912	0.0587180740705668
MA1740.2	36406	0.82089125686032	0.0723082870413874
MA1816.2	36406	0.855963679957449	0.0754729840140124
MA1834.2	36406	0.830212011615957	0.0606679960252477
MA0549.2	36406	0.847658732669334	0.0581764522589803
MA0550.3	36406	0.792414326879457	0.0577544930756746
MA1331.2	36406	0.788243251381198	0.0586058596959018
MA1332.2	36406	0.782876985145705	0.0584316275383087
MA1333.2	36406	0.792812644366626	0.0608629223291871
MA2014.2	36406	0.802045739462693	0.0633416767685909
MA0587.2	36406	0.800839210718486	0.0627124818219966
MA1019.2	36406	0.818334871308225	0.0565056203046398
MA1031.2	36406	0.844039107708044	0.0670596337684695
MA1054.2	36406	0.819113240288911	0.048288694581142
MA1062.3	36406	0.73255651112298	0.0540521898656826
MA1063.2	36406	0.854147781469743	0.0470199043171296
MA1064.2	36406	0.861383533805292	0.0512696027316732
MA1065.3	36406	0.733215791115159	0.0537029955761383
MA1282.2	36406	0.742949838390823	0.0513784372816079
MA1283.2	36406	0.699269999511353	0.0441253470870086
MA1284.2	36406	0.746669642342095	0.055462574430926
MA1285.2	36406	0.740331569870559	0.0524625264430608
MA1286.2	36406	0.78522155107583	0.0595861679157556
MA1287.2	36406	0.769247583498709	0.0522146542512865
MA1288.2	36406	0.762652757733823	0.0546984905146271
MA1289.2	36406	0.794893775209829	0.0572469028515199
MA1410.2	36406	0.813151584699075	0.068493158452074
MA1428.2	36406	0.860707616729715	0.0437178679327052
MA1430.2	36406	0.757220349476188	0.0583852587333159
MA1828.2	36406	0.823922370362985	0.0601955753036422
MA0988.2	36406	0.898401086035056	0.0540705208684025
MA1011.2	36406	0.917840959891771	0.045325563808482
MA1021.2	36406	0.842987780490648	0.0684361419983235
MA1822.2	36406	0.804929955893538	0.0542994925373783
MA0570.3	36406	0.812008189362695	0.0611129780978662
MA0930.3	36406	0.875238205327876	0.0619344648145536
MA0931.2	36406	0.855677999886872	0.0647808342842825
MA0941.2	36406	0.890806472413527	0.0556674819653039
MA1338.3	36406	0.787388004834636	0.0609974027017094
MA1659.2	36406	0.876180897779935	0.0573650009839996
MA1808.2	36406	0.830722910940563	0.0613904475188852
MA1811.2	36406	0.831186770666452	0.0622470500298229
MA1344.2	36406	0.839626753216531	0.0536261296386835
MA1417.2	36406	0.773863551590216	0.0493801745072489
MA1745.2	36406	0.86163855950781	0.0597774415341245
MA0588.2	36406	0.886483164647693	0.0479917676801596
MA1047.3	36406	0.830773016877131	0.0468194940046891
MA1068.3	36406	0.795929700450606	0.0494009298088029
MA1069.3	36406	0.826779200274136	0.0492829440187392
MA1070.3	36406	0.806678743564412	0.0476833492426914
MA1336.2	36406	0.794564320551891	0.0468764608744866
MA1346.2	36406	0.814429490686207	0.0457482880441626
MA1835.2	36406	0.797433957620364	0.0562925393916847
MA0968.3	36406	0.833723118735104	0.0561340633188496
MA1349.2	36406	0.820057209746986	0.059158578595941
MA1351.3	36406	0.838563541847095	0.0589007676825947
MA1672.2	36406	0.82873933389439	0.0596628753711838
MA0551.2	36406	0.757850066536241	0.0620663396728167
MA1425.2	36406	0.891053675540661	0.0650886386860185
MA1343.2	36406	0.863670882730123	0.0504139332408197
MA1742.2	36406	0.83993924674702	0.0430691708251668
MA1744.2	36406	0.873096792726181	0.0370473001948666
MA1803.2	36406	0.82006351915346	0.0447939186408736
MA1334.2	36406	0.773499397170617	0.0486456697151293
MA1337.2	36406	0.773395156869839	0.0487583241482941
MA1340.2	36406	0.783475142807211	0.0490370150314348
MA1341.2	36406	0.773690414017852	0.0482913086079436
MA1345.2	36406	0.771006652944948	0.0507825745440313
MA1743.2	36406	0.780067436069389	0.0484929229190149
MA2015.2	36406	0.852403896508698	0.0465810769950369
MA1156.2	36406	0.865176785929713	0.0399608054837201
MA1157.2	36406	0.850688302969197	0.0414564225670152
MA1158.2	36406	0.846811967358202	0.0406635834658839
MA1159.2	36406	0.87411452759453	0.0378207289619908
MA1160.2	36406	0.827023643161297	0.0369206190455554
MA1370.2	36406	0.835728024885074	0.0384089895477597
MA1371.2	36406	0.841619309486132	0.0384660930939984
MA1372.2	36406	0.923706750030308	0.0289842058014186
MA1374.2	36406	0.838775867472542	0.0395170602992282
MA1381.2	36406	0.933242194020952	0.0474926105596905
MA1405.2	36406	0.826474580273943	0.0442735052980415
MA1415.2	36406	0.880923816699922	0.0565821750941512
MA1736.2	36406	0.994265166698274	0.0179862273601601
MA1801.2	36406	0.988125796911455	0.0197526852989697
MA2052.2	36406	0.905279486319831	0.0430985386481297
MA0586.3	36406	0.845459532706747	0.0578615582001398
MA0955.2	36406	0.904329034206861	0.0460201843907898
MA1056.2	36406	0.81811238415507	0.0597206675659936
MA1057.2	36406	0.905541695950834	0.0497745273520587
MA1058.2	36406	0.951022194349528	0.0395495761172177
MA1059.3	36406	0.802220263208846	0.0556896587839087
MA1060.2	36406	0.842106791995374	0.0645301930646569
MA1320.2	36406	0.813577647428524	0.0562365849813306
MA1321.2	36406	0.862545135522977	0.0505964302184438
MA1799.2	36406	0.902320719571652	0.0555630773819295
MA2016.2	36406	0.869074150734452	0.0532843792762672
MA0969.2	36406	0.903270390195758	0.0598574338413703
MA0970.2	36406	0.907793027554972	0.0517468512661463
MA1197.2	36406	0.82035862609142	0.0561099734603149
MA1756.2	36406	0.885445238635915	0.0525775014405256
MA1809.2	36406	0.856784963296118	0.0555315439883668
MA1815.2	36406	0.832537084459349	0.055539645581528
MA1682.2	36406	0.875449159820456	0.0419665422874113
MA1813.2	36406	0.894308509322736	0.0445657183966347
MA1414.2	36406	0.851520862465081	0.0619174419996799
MA0938.3	36406	0.774180403565386	0.0394971549121675
MA1043.2	36406	0.888754848974107	0.0568277646403939
MA1044.2	36406	0.922128254461221	0.0377887019248519
MA1045.2	36406	0.895241810931699	0.0431216277819044
MA1427.3	36406	0.920631469094652	0.0444506617925311
MA1660.2	36406	0.751419575800152	0.0421215628451455
MA1663.3	36406	0.890225343575288	0.0466956848770267
MA1674.3	36406	0.925171487418404	0.0465836165647911
MA1675.2	36406	0.853979507695186	0.0463025673374765
MA1676.3	36406	0.930447827443118	0.0441527156460402
MA1677.2	36406	0.93463494671608	0.0543063473108805
MA1678.3	36406	0.908659273118711	0.0476614896521379
MA1785.2	36406	0.870306251725405	0.0428552521988732
MA1786.2	36406	0.945259114073623	0.0385841644146124
MA1787.2	36406	0.870309387236218	0.0416188826928285
MA2006.2	36406	0.755912247057589	0.0379861404356816
MA2009.2	36406	0.755942900103008	0.0365660265091931
MA2010.2	36406	0.924465390388532	0.050537918964853
MA2017.2	36406	0.850276174392716	0.0642552420280764
MA2018.2	36406	0.87773133262954	0.0433317056825962
MA2033.2	36406	0.783761211628472	0.0383032106803117
MA2034.2	36406	0.91429029274541	0.0488318083749823
MA2035.2	36406	0.775236995776789	0.0359693670174367
MA2036.2	36406	0.925367393588765	0.052169510092185
MA2037.2	36406	0.918922567053836	0.0478477952436691
MA2038.2	36406	0.908312799549982	0.0485802705899131
MA2043.2	36406	0.942642321102927	0.0509320918773947
MA2044.2	36406	0.926770484495526	0.0518258566824379
MA2045.2	36406	0.782023846558691	0.0371287488866
MA2046.2	36406	0.851320623489393	0.051115735092495
MA2047.2	36406	0.909343251304022	0.0489655570017516
MA2048.2	36406	0.896151530574793	0.0431599886833405
MA2049.2	36406	0.934733032615496	0.0549958514281787
MA2050.2	36406	0.919652368703402	0.0463245450295068
MA2051.2	36406	0.903459403971414	0.0457412209550237
MA2053.2	36406	0.869334014322969	0.0413513748297593
MA0589.2	36406	0.796377644340101	0.0489069985773972
MA1076.3	36406	0.872606510819371	0.0518621785145216
MA1077.2	36406	0.94946861102965	0.0625608003010909
MA1078.2	36406	0.927752157694684	0.0508730574842434
MA1079.3	36406	0.836963062116065	0.0443030980849255
MA1081.3	36406	0.868953982429336	0.0515062048572552
MA1083.3	36406	0.84457617758866	0.0515813208130741
MA1085.3	36406	0.926027163418415	0.0754640080122308
MA1086.2	36406	0.962563339444675	0.0474067648366349
MA1087.3	36406	0.865847773239428	0.047694913253522
MA1088.2	36406	0.992728587160902	0.0201250687603889
MA1089.2	36406	0.9678260626131	0.0408221235824342
MA1090.2	36406	0.90390814069151	0.0561682067655965
MA1092.2	36406	0.929960943315856	0.0651239102995811
MA1093.2	36406	0.930465514216013	0.0594369261178888
MA1094.3	36406	0.82782024856953	0.0466375449263458
MA1295.2	36406	0.891015721704118	0.0534125456460493
MA1296.2	36406	0.858119122774041	0.0435737403812453
MA1297.2	36406	0.837147941057428	0.0452468833621066
MA1298.2	36406	0.880876710063899	0.0468328557454418
MA1299.2	36406	0.849677807129837	0.0464308856189165
MA1300.2	36406	0.868544922284633	0.0532489832100101
MA1301.2	36406	0.867468962217043	0.0470352864637984
MA1302.2	36406	0.839654418461851	0.0479689787450932
MA1303.2	36406	0.848537375643954	0.0468516304361895
MA1304.2	36406	0.889563319254724	0.0465753321480326
MA1305.2	36406	0.848876375559965	0.0508472862414327
MA1306.2	36406	0.83269079764289	0.0458657802445108
MA1307.3	36406	0.870148328704926	0.0509460496621033
MA1308.2	36406	0.817670850629453	0.0503257567483642
MA1310.2	36406	0.86602606359294	0.0534518097102682
MA1311.3	36406	0.914710527472935	0.0519458035666797
MA1312.2	36406	0.880902617859308	0.0457835374747905
MA1313.2	36406	0.819480749514883	0.0465808516177509
MA1314.2	36406	0.834524246847723	0.048569602161156
MA1315.2	36406	0.830252644390567	0.0464680069536982
MA1316.2	36406	0.860275036408042	0.048267780315556
MA1317.2	36406	0.87503870323679	0.0505108629922964
MA1318.2	36406	0.827614523971258	0.046052047904825
MA1805.2	36406	0.927249037411089	0.04538977706553
MA0557.2	36406	0.792654823982356	0.0595096506056792
MA1382.2	36406	0.774686667165466	0.0633058109577447
MA1664.3	36406	0.876854314999009	0.0491973421645236
MA1665.3	36406	0.844368975298691	0.0506940851922508
MA1666.3	36406	0.825608997473672	0.0477464339096991
MA1667.3	36406	0.883584935579202	0.0483103616378955
MA1758.2	36406	0.788636406515931	0.0406228057265229
MA1759.2	36406	0.781057701498236	0.0416557867631
MA1761.2	36406	0.837503144755827	0.0372483923101648
MA2019.2	36406	0.872680246879869	0.0545132572486318
MA2020.2	36406	0.859115437480667	0.0449263615934247
MA0008.4	36406	0.873164423630567	0.0479330290950974
MA0110.4	36406	0.904596078213153	0.0432112576205578
MA0573.2	36406	0.776051252461061	0.0385622812219577
MA0953.2	36406	0.974159041646452	0.0264093769102007
MA0954.3	36406	0.850543210718896	0.0414791297601426
MA0990.2	36406	0.923818659136838	0.0336559284360218
MA1024.2	36406	0.928418203224028	0.0459159791279275
MA1026.3	36406	0.864118871931261	0.0412338208684615
MA1198.2	36406	0.934697196695144	0.0411486302107872
MA1209.2	36406	0.925940935095063	0.0571617555278717
MA1210.3	36406	0.871698197242741	0.0475923928399325
MA1211.2	36406	0.923059217065435	0.0482769858951493
MA1212.2	36406	0.945654233132478	0.0453769802783877
MA1214.2	36406	0.861425270962922	0.0438585909673743
MA1215.2	36406	0.901450446960603	0.0474603852789064
MA1327.3	36406	0.953477505444869	0.057065560306427
MA1369.2	36406	0.90167379154316	0.0412507958572507
MA1375.2	36406	0.895346884870187	0.0413387698063899
MA1406.2	36406	0.907463907284861	0.0418541808450025
MA1757.2	36406	0.909095391803992	0.041142529892344
MA1824.2	36406	0.933109891480574	0.0463418756414517
MA1213.3	36406	0.880641661072367	0.0489885078166688
MA1326.2	36406	0.943398301318873	0.0455868536262942
MA1329.3	36406	0.899481034970091	0.0565643609082833
MA1330.2	36406	0.909803729720632	0.0455144217435485
MA1807.2	36406	0.931467251947848	0.0555668398616046
MA0001.3	36406	0.904081605685037	0.0371260371574847
MA0005.3	36406	0.847416798529435	0.0337427428751438
MA0082.2	36406	0.911642102542016	0.0292867167141591
MA0548.3	36406	0.824434105401112	0.0371795784721466
MA0554.2	36406	0.864984611807808	0.0356533481912665
MA0555.2	36406	0.831188551705417	0.0363414802991002
MA0556.2	36406	0.87238417438183	0.0342768311699374
MA0558.2	36406	0.86023861023449	0.0362906089644366
MA0563.2	36406	0.914156758179241	0.0322020075896759
MA0584.2	36406	0.866487987781965	0.03863635487341
MA0585.2	36406	0.824241429798102	0.035526980288555
MA1814.2	36406	0.879360474659607	0.0387970249770001
MA1015.2	36406	0.953406056363254	0.0319985450837693
MA1016.2	36406	0.993235537440539	0.024224762959912
MA1017.2	36406	0.99021791359029	0.022629665705167
MA1018.2	36406	0.906527780325724	0.064752766806861
MA1323.2	36406	0.87885287223409	0.0460258809500798
MA1325.2	36406	0.883929132789109	0.0501015162981533
MA1396.2	36406	0.848165849965971	0.0460144087072223
MA1755.2	36406	0.992588839035125	0.0265376654979095
MA0020.2	36406	0.992190797485158	0.0226256810407743
MA0973.2	36406	0.973975439738448	0.029883435237948
MA0974.3	36406	0.905093202671668	0.0456913067796418
MA0981.2	36406	1	1e-06
MA0982.2	36406	1	1e-06
MA0983.2	36406	1	1e-06
MA0984.2	36406	0.999969028202883	0.000667490093825734
MA0987.2	36406	1	1e-06
MA0989.2	36406	0.999864032206006	0.00215121545768236
MA1022.2	36406	1	1e-06
MA1071.2	36406	1	1e-06
MA1267.2	36406	0.855122403374409	0.0417667013593191
MA1268.2	36406	0.829330475919417	0.0455477017223801
MA1269.2	36406	0.868458529001087	0.0375665666632929
MA1270.2	36406	0.878765298038343	0.0402385568032719
MA1272.3	36406	0.983871196916843	0.0469100255605331
MA1273.2	36406	0.898893081874175	0.0411115112462596
MA1275.2	36406	0.954405674965533	0.0371327047039586
MA1276.2	36406	0.976273625105771	0.0363821447024926
MA1277.2	36406	0.918861422958064	0.0381430769115512
MA1278.2	36406	0.874815489687922	0.0409944454109087
MA1279.2	36406	0.872611988352392	0.0401718319844024
MA1280.2	36406	0.970773571752907	0.0380096669111106
MA1281.2	36406	0.867706036865816	0.0408881592686599
MA1747.2	36406	0.828866954444736	0.0464089541788066
MA1823.2	36406	0.952491532208957	0.0463230393596346
MA1673.2	36406	0.828073444259876	0.0593956452429176
MA2021.2	36406	0.847418396955204	0.0583759121515468
MA2022.2	36406	0.71980592722622	0.0599218881003827
MA1794.2	36406	0.948759919620937	0.0417158433139243
MA0577.4	36406	0.833519021029627	0.0522297155867157
MA1055.3	36406	0.832024279195743	0.051038766192599
MA1322.3	36406	0.848124593930408	0.0552591554428454
MA0121.2	36406	0.978117395492888	0.0210433604487373
MA0945.2	36406	0.988068608982089	0.0155871038550825
MA0948.2	36406	0.924457799881737	0.0352856099060555
MA0949.2	36406	0.935203906096534	0.0361967153472978
MA1409.2	36406	0.855012694425221	0.0422748344728408
MA1027.2	36406	0.980080763723985	0.0274283757477738
MA1163.3	36406	0.831243368756901	0.0450502331279376
MA1164.2	36406	0.912387195147444	0.0486195720960529
MA1165.3	36406	0.921736983248364	0.059204991042523
MA1166.2	36406	0.854215710139272	0.0398765648103645
MA1167.2	36406	0.877856871731233	0.0448583282449847
MA1168.2	36406	0.935117380530596	0.0480540989117442
MA1383.2	36406	0.898314676833049	0.0423288765276822
MA1385.2	36406	0.921072056846865	0.038331599757773
MA1386.3	36406	0.900112497404714	0.0511662617794598
MA1387.2	36406	0.859731575403717	0.039910108512379
MA1388.2	36406	0.968761607485222	0.0371738115028181
MA1389.2	36406	0.830313616834015	0.0424633597925671
MA1390.3	36406	0.897029866338959	0.0472414685409637
MA1706.2	36406	0.952529788487703	0.0232289098779372
MA1735.2	36406	0.921246524983498	0.0384472083396766
MA1737.2	36406	0.952567696621006	0.0306264116285223
MA1827.2	36406	0.889244282400257	0.0474303687780918
MA1830.2	36406	0.784036580309409	0.0380636715764059
MA2023.2	36406	0.828681445433343	0.0470470474893527
MA0034.2	36406	0.928253498548241	0.0285333853264548
MA0575.2	36406	0.851957783804969	0.0473343505558195
MA0576.2	36406	0.73777386312516	0.049725207722081
MA1030.2	36406	0.954574758184466	0.0468128807921291
MA1037.2	36406	0.946286636072894	0.0310673486315259
MA1038.2	36406	0.849803858414065	0.0486929430191078
MA1170.2	36406	0.841615124270703	0.0411245280939421
MA1171.2	36406	0.884106708859595	0.0536463010379798
MA1172.2	36406	0.836969546412143	0.0411155703203237
MA1173.2	36406	0.915212126706849	0.0326156436208428
MA1174.2	36406	0.895182841157913	0.0378900964033734
MA1175.2	36406	0.935782905414259	0.0298875736916631
MA1176.2	36406	0.868041118897292	0.0403798564959228
MA1177.2	36406	0.930220529064212	0.0307350352080899
MA1178.3	36406	0.861548699372918	0.0493127357200001
MA1179.2	36406	0.915135256390108	0.0508909888205724
MA1180.2	36406	0.847912379320066	0.0444357747443195
MA1181.2	36406	0.915030784407232	0.0358268961480378
MA1292.2	36406	0.824760336448978	0.0427944290151903
MA1293.2	36406	0.835879067186809	0.0441831740295677
MA1294.2	36406	0.88986768456029	0.04441512530666
MA1391.3	36406	0.859668961676859	0.0416704146483718
MA1392.3	36406	0.865713088593152	0.0503761703260517
MA1393.3	36406	0.890036673276918	0.0514304221304418
MA1394.3	36406	0.868160345763103	0.0484254406638813
MA1426.2	36406	0.862470330550824	0.0534078494154123
MA1762.2	36406	0.87794531484793	0.0424951642389885
MA1764.2	36406	0.830455926881979	0.0437424792427157
MA1765.2	36406	0.891209459406649	0.0395326049666007
MA1766.2	36406	0.867073814652053	0.0376988361442568
MA1767.2	36406	0.976349359109057	0.0497033769986873
MA1768.2	36406	0.863295651546916	0.033655040769421
MA1769.2	36406	0.879680174961629	0.034884772256691
MA1770.2	36406	0.899834747918831	0.0405706350391268
MA1771.2	36406	0.883162165203133	0.0383626814694052
MA1772.2	36406	0.875736107040314	0.036950487290192
MA1773.2	36406	0.890249117065392	0.0404092533775503
MA1774.2	36406	0.886600340132013	0.0386887245322906
MA1775.2	36406	0.924075706615313	0.0415195187329302
MA1776.2	36406	0.915123143230039	0.042005917344691
MA1777.2	36406	0.876085233149957	0.0385570162900261
MA1778.2	36406	0.889566667066138	0.0342411246602982
MA1779.2	36406	0.927071551677907	0.0334186299325759
MA1780.2	36406	0.923876528390617	0.0437307241331192
MA1781.2	36406	0.883355146761782	0.0387289030382639
MA1829.2	36406	0.890603850974127	0.0477071534955893
MA2007.2	36406	0.896818200481326	0.0443158947883268
MA2008.2	36406	0.873161464001413	0.0496947819182479
MA2024.2	36406	0.823525155720495	0.0434725819756316
MA2025.2	36406	0.904162331297302	0.0484354280241801
MA2026.2	36406	0.860440275060671	0.0394782264628811
MA2027.2	36406	0.85867544624305	0.0470683194021762
MA2028.2	36406	0.843268495048001	0.0397726385859099
MA2029.2	36406	0.800416468518082	0.0513656984785474
MA2030.2	36406	0.836588103066619	0.0372680854990587
MA2041.2	36406	0.838506420627291	0.0447478044953507
MA2042.2	36406	0.857286175610539	0.0443023644758857
MA0579.2	36406	0.817944118245503	0.0426955585444607
MA1182.2	36406	0.890564249211085	0.0506877730436119
MA1183.2	36406	0.891407486897914	0.0491829890804976
MA1184.2	36406	0.898229986879345	0.0499792979094659
MA1185.2	36406	0.895603978854605	0.049042162608492
MA1186.2	36406	0.896019417981188	0.0366416689937241
MA1187.2	36406	0.886891440146629	0.049992393745972
MA1189.2	36406	0.866873874339616	0.0358630999841773
MA1190.2	36406	0.893734568155943	0.0492443870812437
MA1191.2	36406	0.898661384173248	0.0514735214533154
MA1192.2	36406	0.879698644815076	0.0420024147971092
MA1193.2	36406	0.877994508803378	0.0354862163113683
MA1194.2	36406	0.883020513016108	0.0329710367662617
MA1195.2	36406	0.854887594304137	0.0354022467597977
MA1196.2	36406	0.876269848535723	0.0348397949494117
MA1353.2	36406	0.866730329200084	0.0574884591866857
MA1355.2	36406	0.877749324721471	0.0517929952827001
MA1397.2	36406	0.903014003795496	0.043752440798166
MA1398.3	36406	0.882572350450269	0.0453015382760554
MA1400.2	36406	0.851223198586729	0.0385513916885744
MA1401.2	36406	0.884818666370956	0.0515540343046099
MA1408.2	36406	0.890769617780526	0.039950997044992
MA1681.2	36406	0.875459646315765	0.0455827962781067
MA1793.2	36406	0.962374126409348	0.0345000808679817
MA1802.2	36406	0.95338824100541	0.0365977757608443
MA1812.2	36406	0.847640206029077	0.0682155252208424
MA1825.2	36406	0.923188677438937	0.0652612820629082
MA2031.2	36406	0.913362437715062	0.0535997876396155
MA2032.2	36406	0.873695860943067	0.0656151477996122
MA1207.2	36406	0.849371094885706	0.0405072645118534
MA1208.2	36406	0.89514082559828	0.0367221184488957
MA1365.3	36406	0.925233246416378	0.0470860708012751
MA1366.2	36406	0.930249575446787	0.0426310006229514
MA1367.2	36406	0.926009535219106	0.0440115379352442
MA1368.3	36406	0.80319381521393	0.0420844906525186
MA1661.2	36406	0.904922551284844	0.0440836312997048
MA1662.2	36406	0.879158905088432	0.0455529785373448
MA1733.2	36406	0.908208540529934	0.034410758891884
MA2039.2	36406	0.790520345615178	0.0705293690360942
MA2040.2	36406	0.790822123215148	0.0708126468887998
