[SHORT TFBS MATRIX]
MA0010.1	22454	0.885380274171903	0.0343455448016637
MA0011.1	22454	0.925577674769197	0.0387017044204884
MA0012.1	22454	0.913186894694037	0.0311657693957592
MA0013.1	22454	0.916097832594471	0.0340214472032845
MA0015.1	22454	0.870336078659375	0.0630357423065709
MA0016.1	22454	0.768161780570449	0.0545566631934082
MA0022.1	22454	0.845931586216007	0.037103239969935
MA0023.1	22454	0.834071964377229	0.0465284271798375
MA0026.1	22454	0.883829009871769	0.0568517848799573
MA0049.1	22454	0.919423975533105	0.03994655688551
MA0085.1	22454	0.774923649286166	0.0453788730708949
MA0126.1	22454	0.890764657866477	0.0439773370917684
MA0165.1	22454	0.95989440906882	0.0332521298024663
MA0166.1	22454	0.9113792933029	0.0629317261000375
MA0167.1	22454	0.936091722969605	0.0474395655260325
MA0168.1	22454	0.9468133002327	0.0474676616869461
MA0169.1	22454	0.930784824530546	0.05429795758209
MA0170.1	22454	0.967832433997563	0.0367978562804986
MA0171.1	22454	0.916695080750634	0.0565044186831555
MA0172.1	22454	0.895161372262521	0.0680066412701623
MA0173.1	22454	0.898196996662461	0.0612037356013412
MA0174.1	22454	0.965510879822839	0.0376525191475985
MA0175.1	22454	0.941793571037967	0.0532863747815051
MA0176.1	22454	0.95263404205552	0.043516523076221
MA0177.1	22454	0.927587413879941	0.061278153226013
MA0178.1	22454	0.934786452976399	0.0475900154320075
MA0179.1	22454	0.934932971266721	0.0587934543408925
MA0180.1	22454	0.87172912616342	0.0540822742357616
MA0181.1	22454	0.934540469113766	0.0538388798222308
MA0182.1	22454	0.982730820558325	0.0281445303569985
MA0183.1	22454	0.94513233184321	0.036352743801695
MA0184.1	22454	0.928670888774448	0.0547110951215583
MA0185.1	22454	0.968381080572871	0.0461406013946538
MA0186.1	22454	0.90670483153012	0.0566800483577806
MA0187.1	22454	0.953497764290913	0.0386798420853689
MA0188.1	22454	0.89773182335441	0.0615873139254833
MA0189.1	22454	0.951856770271888	0.0424172843145037
MA0190.1	22454	0.897225702572899	0.0704830338507619
MA0191.1	22454	0.933436588402195	0.0567508254752771
MA0192.1	22454	0.918642166981682	0.0553657357943979
MA0193.1	22454	0.916809341850877	0.049000517205146
MA0194.1	22454	0.889096315038086	0.0697635715223822
MA0195.1	22454	0.951512984642879	0.0361706124312453
MA0196.1	22454	0.949810030000908	0.0388876348120649
MA0198.1	22454	0.926974351420955	0.0595907879874952
MA0199.1	22454	0.959947077805815	0.061556146687772
MA0200.1	22454	0.929512850453406	0.0581567633384527
MA0201.1	22454	0.858014396316201	0.0549005839819694
MA0202.1	22454	0.920339705452882	0.0667230250624883
MA0203.1	22454	0.913581282277814	0.059149006481708
MA0204.1	22454	0.908162760980717	0.0618557585011446
MA0206.1	22454	0.934206497892086	0.0489548721758419
MA0207.1	22454	0.903799919877286	0.0653531450549984
MA0208.1	22454	0.893156560217404	0.0686962378229579
MA0209.1	22454	0.931579633337803	0.0512636074147328
MA0210.1	22454	0.997662407496766	0.010168835564407
MA0211.1	22454	0.883320066161991	0.0591157911765859
MA0212.1	22454	0.88503680021569	0.0606344372405751
MA0213.1	22454	0.884365313870757	0.054775043643318
MA0214.1	22454	0.951045414596139	0.0508854502189945
MA0215.1	22454	0.928911218038037	0.0511715077094109
MA0217.1	22454	0.982833849348335	0.0262124580015769
MA0218.1	22454	0.963942535429052	0.0399992658099549
MA0219.1	22454	0.958895713982814	0.0369990375298365
MA0220.1	22454	0.928682157095867	0.065201606350168
MA0221.1	22454	0.950491074601862	0.0410876887220024
MA0222.1	22454	0.905087146962058	0.0553606641273444
MA0224.1	22454	0.915905103335886	0.0583017582385664
MA0225.1	22454	0.933544660350999	0.0552845464790084
MA0226.1	22454	0.928425258937982	0.0629700102750426
MA0227.1	22454	0.897984800976888	0.0714980357269501
MA0228.1	22454	0.918962842202948	0.0607974707210856
MA0229.1	22454	0.906816379455783	0.0579330920821145
MA0230.1	22454	0.918514518158277	0.0608563293795883
MA0231.1	22454	0.972401590022205	0.0311148366955498
MA0232.1	22454	0.962078182547477	0.0403478116121183
MA0233.1	22454	0.997746683306889	0.0126869431962731
MA0234.1	22454	0.889741642519258	0.0609808697580941
MA0235.1	22454	0.929919486832233	0.0622257748289122
MA0236.1	22454	0.933170374873844	0.0510441295863629
MA0238.1	22454	0.917654387636839	0.0697716063519448
MA0239.1	22454	0.890764657866477	0.0439773370917684
MA0240.1	22454	0.917358493574616	0.0601716722938942
MA0241.1	22454	0.910141022745531	0.0620976296527091
MA0242.1	22454	0.850553735507203	0.0466832085360186
MA0243.1	22454	0.905804381690843	0.0261302392990732
MA0244.1	22454	0.933246282084495	0.0332207940631029
MA0245.1	22454	0.947443228175754	0.0509503827225349
MA0246.1	22454	0.893754128781715	0.064206556840077
MA0248.1	22454	0.944069815776248	0.0422293107580785
MA0250.1	22454	0.920314701368197	0.0610856802135185
MA0251.1	22454	0.931789686702037	0.0564561063057774
MA0252.1	22454	0.898809954616515	0.0809629123648507
MA0253.1	22454	0.876061980236933	0.0482292999330221
MA0254.1	22454	0.973587667614187	0.0273686859318378
MA0255.1	22454	0.881872407175159	0.0414366960196712
MA0256.1	22454	0.902743790264672	0.0642341915648142
MA0257.1	22454	0.935902377975831	0.0538865308863167
MA0094.2	22454	0.921563515533594	0.0568359438069011
MA0443.1	22454	0.824862557864589	0.0559554333781132
MA0444.1	22454	0.927930975201951	0.0487029654840087
MA0445.1	22454	0.871122185738994	0.0428033256860325
MA0446.1	22454	0.892328559788687	0.0426625276148242
MA0447.1	22454	0.804043759684383	0.0495680598857919
MA0448.1	22454	0.967960763751619	0.0359679906841957
MA0449.1	22454	0.741555382515855	0.0619605515242948
MA0450.1	22454	0.79814238073984	0.0573886806955076
MA0451.1	22454	0.827454427649117	0.0413590411322369
MA0197.2	22454	0.847861814020359	0.0452437057910417
MA0454.1	22454	0.811643830963802	0.0452224138091712
MA0456.1	22454	0.775974530707708	0.0445538456390333
MA0457.1	22454	0.960231868901484	0.042745226285095
MA0458.1	22454	0.90341211582026	0.0401583343457828
MA0459.1	22454	0.835943799522334	0.0508523611586671
MA0460.1	22454	0.828417394512561	0.0523115020920113
MA0216.2	22454	0.887871368358089	0.0403958224311005
MA0530.1	22454	0.839169339382311	0.0367467375353873
MA0531.1	22454	0.791976202879028	0.0432108032510426
MA0452.2	22454	0.808812672042087	0.0450856786899166
MA0532.1	22454	0.816622812951731	0.0427769586426433
MA0533.1	22454	0.751161786714531	0.0384323691899216
MA0534.1	22454	0.85043309984403	0.0331549830684242
MA0237.2	22454	0.840177300976896	0.0387616321576901
MA0535.1	22454	0.824520186648556	0.050677793451397
MA0536.1	22454	0.848907684031461	0.0619932776293104
MA0247.2	22454	0.859907165130757	0.0492696742415616
MA0915.1	22454	0.857161368339375	0.0559225601826869
MA0916.1	22454	0.821085896429659	0.058280795423701
MA0917.1	22454	0.862127000747938	0.0477571290019269
MA0086.2	22454	0.80636299428264	0.0504018688889021
MA1455.1	22454	0.779829097519335	0.0387715778972344
MA1456.1	22454	0.84138288278433	0.0760398455743863
MA1457.1	22454	0.79241206518711	0.0560618678447335
MA1458.1	22454	0.815221458271054	0.054251351571569
MA1459.1	22454	0.77014980976004	0.0662203656776941
MA1460.1	22454	0.80911243573003	0.0585217311448475
MA1461.1	22454	0.742654644802837	0.0374936913910686
MA1462.1	22454	0.825709855804021	0.0525602820323807
MA0529.2	22454	0.818433039281903	0.0723716969371236
MA0205.2	22454	0.797893070576911	0.067811601662917
MA0249.2	22454	0.840143125330245	0.0565728450347566
MA1700.1	22454	0.734546209101149	0.0715923248109818
MA1702.1	22454	0.845335613577046	0.0505935342237825
MA1836.1	22454	0.855458862908954	0.0478025718649738
MA1837.1	22454	0.839106333907982	0.0468972279401671
MA1838.1	22454	0.845613441934039	0.0487278639732298
MA1839.1	22454	0.850297231643929	0.0584589304472741
MA1840.1	22454	0.796737613866227	0.0505711621305819
MA1841.1	22454	0.705384079136044	0.0491198862335128
MA1842.1	22454	0.850919102340637	0.0721425845278887
