[SHORT TFBS MATRIX]
MA0020.1	36405	0.987912390924156	0.0223560983108945
MA0021.1	36405	0.989276257386	0.011736215975471
MA0034.1	36405	0.900498276971993	0.0278130687078886
MA0044.1	36405	0.94700232447548	0.0232636056687146
MA0045.1	36405	0.910690889681837	0.0224902025477645
MA0053.1	36405	0.994825556763911	0.0147842266940769
MA0054.1	36405	0.915118087829345	0.0310955999677944
MA0064.1	36405	0.996825047083132	0.00953753839414298
MA0082.1	36405	0.907563921482983	0.0289373816460296
MA0096.1	36405	0.870744191135823	0.0567831708009527
MA0097.1	36405	0.754798303590805	0.050750227585052
MA0120.1	36405	0.926781191277494	0.0234490763437796
MA0121.1	36405	0.962556850609451	0.0232768917938732
MA0123.1	36405	0.821104170739824	0.0525615811617473
MA0127.1	36405	0.90756917541958	0.0310738237014172
MA0128.1	36405	0.866476651614626	0.0561293623255796
MA0129.1	36405	0.926282722375856	0.0373232879996549
MA0549.1	36405	0.836016845257286	0.0558610099845729
MA0551.1	36405	0.750937700529764	0.0588300472919765
MA0552.1	36405	0.815974632161084	0.0567255899279854
MA0553.1	36405	0.829974058452126	0.0531656912083475
MA0554.1	36405	0.857608675891168	0.0350193220681392
MA0555.1	36405	0.821480548462929	0.0342739837182946
MA0556.1	36405	0.859592465049415	0.0327921162960806
MA0557.1	36405	0.783084630946338	0.0544269490535274
MA0558.1	36405	0.83696152050408	0.0332654231891678
MA0559.1	36405	0.876093933078715	0.0377778829290884
MA0560.1	36405	0.840352608471437	0.0575889636533866
MA0561.1	36405	0.85750870075441	0.0611666105352447
MA0562.1	36405	0.869921666067622	0.0548692941879821
MA0563.1	36405	0.907107059385218	0.0322925989483693
MA0564.1	36405	0.809352422230865	0.0573060443989061
MA0566.1	36405	0.857002584006438	0.0479293909078921
MA0567.1	36405	0.812690209022565	0.0674334626836119
MA0568.1	36405	0.886324314411347	0.0482523910611458
MA0569.1	36405	0.845870602493623	0.0580017040074047
MA0005.2	36405	0.842812489904074	0.0326251256164654
MA0571.1	36405	0.753427026421473	0.032023982750937
MA0008.2	36405	0.854089299830178	0.0417699706851781
MA0573.1	36405	0.76477988385373	0.0362444912268268
MA0574.1	36405	0.750581198712758	0.0418950067895063
MA0575.1	36405	0.820737434086959	0.0422178373410984
MA0576.1	36405	0.729148222727684	0.0494998558869354
MA0578.1	36405	0.895739572284596	0.0336587484418815
MA0579.1	36405	0.799453457723866	0.0416415054959727
MA0580.1	36405	0.785492059538848	0.0403556140387503
MA0581.1	36405	0.8573158616721	0.0546523379111978
MA0582.1	36405	0.890894366410248	0.0368334432935117
MA0583.1	36405	0.843083167903331	0.0469172639729568
MA0584.1	36405	0.838271597376881	0.0355581786492065
MA0001.2	36405	0.85255378526753	0.0324188616072306
MA0585.1	36405	0.820383544462286	0.0348635422517789
MA0587.1	36405	0.778105259442879	0.0584357871882775
MA0588.1	36405	0.873633080237122	0.0426671119212198
MA0589.1	36405	0.788237834841599	0.0476460879923325
MA0590.1	36405	0.749441736168639	0.0312949905745626
MA0930.1	36405	0.782172778464497	0.0739130541833629
MA0931.1	36405	0.844723888391635	0.0639445875656036
MA0932.1	36405	0.973813849746727	0.0322137719466105
MA0933.1	36405	0.956666277932504	0.0357925242814922
MA0934.1	36405	0.956350654529534	0.0334187214349762
MA0935.1	36405	0.884850582950132	0.0486185121684494
MA0936.1	36405	0.887313792010861	0.0406882173200233
MA0937.1	36405	0.874415054105815	0.0443898641915277
MA0938.1	36405	0.8934209557658	0.0393602879400247
MA0939.1	36405	0.872430923984316	0.0442033409503522
MA0940.1	36405	0.901331965746511	0.0344721808842306
MA0941.1	36405	0.846772225125451	0.0514899615314061
MA0942.1	36405	0.852503039774361	0.056893559036992
MA0943.1	36405	0.866718666822403	0.0514094030696403
MA0944.1	36405	0.899088895448942	0.037554562576894
MA0945.1	36405	0.928227721491762	0.0240901109262686
MA0946.1	36405	0.888100004664146	0.0435373025129977
MA0947.1	36405	0.880596619738775	0.0441138997244588
MA0948.1	36405	0.872084885381009	0.0329599348929877
MA0949.1	36405	0.909712058135572	0.0359000039924367
MA0950.1	36405	0.921548545172121	0.0370361239600896
MA0951.1	36405	0.941547078348517	0.046642646486008
MA0952.1	36405	0.930855192137256	0.0468419874032914
MA0953.1	36405	0.954554851407941	0.0285843075236515
MA0955.1	36405	0.892776286384911	0.0458181817236142
MA0956.1	36405	0.893919528330239	0.0417654513815428
MA0957.1	36405	0.81582436358423	0.0592609154745359
MA0958.1	36405	0.827241353382502	0.0583015287869275
MA0959.1	36405	0.804534665199816	0.0518306952688492
MA0960.1	36405	0.719061629298008	0.0594811281901598
MA0961.1	36405	0.860128423092474	0.0575889209305684
MA0962.1	36405	0.861940795833176	0.059403111183505
MA0963.1	36405	0.721387858810603	0.0756386941257542
MA0964.1	36405	0.892680829182533	0.0417602918992115
MA0965.1	36405	0.871151328635819	0.0473789200952829
MA0966.1	36405	0.858463889032552	0.0464244396074406
MA0967.1	36405	0.838104098226442	0.0492559687806122
MA0969.1	36405	0.880806264633523	0.0548144683590305
MA0970.1	36405	0.898099350528329	0.0505138975230702
MA0971.1	36405	0.838846276053614	0.0546948058969267
MA0972.1	36405	0.906341872131579	0.0485696010456555
MA0973.1	36405	0.948157951303349	0.0308126231957922
MA0975.1	36405	0.787460322994827	0.0742109971011083
MA0977.1	36405	0.949290532971893	0.0337261450922152
MA0978.1	36405	0.829815997807775	0.0522328831828326
MA0979.1	36405	0.837137250877242	0.0601106989491132
MA0981.1	36405	0.979260038896497	0.0144427132991073
MA0982.1	36405	0.985187856357076	0.0169435979345335
MA0983.1	36405	0.985635173589698	0.0146510951591543
MA0984.1	36405	0.966042159191478	0.0171869558725684
MA0985.1	36405	0.813628992655377	0.0662301179004008
MA0986.1	36405	0.835708498642859	0.0534967526942838
MA0987.1	36405	0.981518276299555	0.0113190830757789
MA0988.1	36405	0.862231515298363	0.0501174534632318
MA0989.1	36405	0.979788400330102	0.0155351670404979
MA0990.1	36405	0.912762048059319	0.0328761103335153
MA0993.1	36405	0.849385511888017	0.0513021879692152
MA0994.1	36405	0.829270800309228	0.0560932009012313
MA0996.1	36405	0.830231846268495	0.0563703233514943
MA0997.1	36405	0.860445345351152	0.0504354504765189
MA0998.1	36405	0.809078453243322	0.068693794545222
MA0999.1	36405	0.858128200083668	0.0569165919560164
MA1002.1	36405	0.807057986323275	0.0586989246939393
MA1004.1	36405	0.819113602405693	0.0722624729587781
MA1006.1	36405	0.751747663134061	0.0762578335657356
MA1007.1	36405	0.8536992364053	0.0501016821697433
MA1008.1	36405	0.818721301085164	0.0572106197288327
MA1009.1	36405	0.844358881329102	0.053507675746134
MA1010.1	36405	0.836954811338607	0.0433275273525476
MA1011.1	36405	0.888107737663505	0.0414714377589228
MA1012.1	36405	0.858291568520002	0.036193162678159
MA1013.1	36405	0.866514938944589	0.0528770574242634
MA1014.1	36405	0.868356663646955	0.0537301056458417
MA1015.1	36405	0.924873188365844	0.0307508822228547
MA1016.1	36405	0.956974075222066	0.0287204944537064
MA1017.1	36405	0.938311125322454	0.0308305099212277
MA1018.1	36405	0.856067934458185	0.0518357219429032
MA1019.1	36405	0.799613304681629	0.055430020092538
MA1020.1	36405	0.893676899495093	0.0462032934876229
MA1021.1	36405	0.831563263145668	0.0658506022022291
MA1022.1	36405	0.967723085462086	0.0174684896544418
MA1023.1	36405	0.842586321442872	0.0539460097499724
MA1024.1	36405	0.90565082638663	0.0436899449030689
MA1025.1	36405	0.803423776122589	0.0569217958307468
MA1027.1	36405	0.95717512423141	0.0312965746559682
MA1028.1	36405	0.85529709934872	0.0498292206395262
MA1030.1	36405	0.93925538602898	0.0467148717664046
MA1031.1	36405	0.802380451176103	0.0590191639617906
MA1032.1	36405	0.808410645219909	0.0546547113457452
MA1033.1	36405	0.821513902527277	0.077118590403537
MA1034.1	36405	0.770989417150441	0.0825383948021078
MA1035.1	36405	0.807620067402759	0.0591135697054233
MA1036.1	36405	0.896522549532356	0.0401734490944553
MA1037.1	36405	0.931832947395923	0.0305923382991874
MA1038.1	36405	0.837846409347467	0.0469504931030154
MA1039.1	36405	0.913211218621588	0.0361454819640748
MA1040.1	36405	0.892076931668584	0.0429702371032894
MA1041.1	36405	0.861797910146461	0.045998894602508
MA1042.1	36405	0.90141291840534	0.040141008207178
MA1043.1	36405	0.85686325874137	0.0502368628126634
MA1044.1	36405	0.898266907586226	0.0367290462608752
MA1045.1	36405	0.880729721233041	0.0423062767846679
MA1046.1	36405	0.839372084294782	0.0601549172717554
MA1048.1	36405	0.844429423762684	0.05482213637189
MA1049.1	36405	0.820727345928099	0.0699818111395456
MA1050.1	36405	0.812341524247109	0.056947593029222
MA1051.1	36405	0.807573226983823	0.0655499027477251
MA1052.1	36405	0.757664682342261	0.07351318610252
MA1053.1	36405	0.782065205906928	0.0683164218552328
MA1054.1	36405	0.81125111835333	0.0471424981237221
MA1055.1	36405	0.757882163381492	0.0562797012760413
MA1056.1	36405	0.796827678520772	0.0559981330524069
MA1057.1	36405	0.895391690002316	0.0465062892307449
MA1058.1	36405	0.909547105892086	0.0361978805198649
MA1060.1	36405	0.815634976228712	0.0553558610181997
MA1061.1	36405	0.863758972287185	0.0512206148761057
MA1063.1	36405	0.822033722017097	0.046269527603314
MA1064.1	36405	0.826629739922029	0.0483552401193063
MA1066.1	36405	0.768844060968285	0.0654095298462403
MA1067.1	36405	0.789581427896703	0.0624520401914809
MA1068.1	36405	0.859385512504848	0.050707007903109
MA1069.1	36405	0.818732565401075	0.0536846450532998
MA1070.1	36405	0.871558454567597	0.035688106478399
MA1071.1	36405	0.996101401461771	0.00582231592520307
MA1074.1	36405	0.82854756634487	0.0709107658138868
MA1075.1	36405	0.856925572207134	0.0485407538295678
MA1077.1	36405	0.911567741377523	0.0554083669357279
MA1078.1	36405	0.912124165869949	0.0492269575790912
MA1079.1	36405	0.911749445410036	0.0378571321863883
MA1080.1	36405	0.878138002877841	0.05135009919714
MA1081.1	36405	0.891715958852174	0.0513519515972657
MA1083.1	36405	0.875395494453302	0.0474314123048284
MA1084.1	36405	0.85559012789436	0.0515781206506725
MA1086.1	36405	0.910311576790271	0.0412709464763734
MA1087.1	36405	0.861295646001021	0.0534552719314019
MA1088.1	36405	0.9431862560406	0.029478072835537
MA1089.1	36405	0.898690136755539	0.0393670082672253
MA1090.1	36405	0.8612044425221	0.051880360102299
MA1091.1	36405	0.892558652501533	0.0507323149262217
MA1092.1	36405	0.895629433619014	0.0562213076550398
MA1093.1	36405	0.928582533949019	0.0572961705782257
MA1094.1	36405	0.930322672434756	0.0356680654988623
MA1095.1	36405	0.798006488925901	0.0659293387783448
MA1096.1	36405	0.763865403646289	0.0659320676365252
MA1097.1	36405	0.791975771639567	0.0646878958674216
MA1098.1	36405	0.798006488925901	0.0659293387783448
MA1156.1	36405	0.824334783062883	0.0378459258707222
MA1157.1	36405	0.812126186727807	0.03821296764321
MA1158.1	36405	0.818872425978234	0.0386015493511662
MA1159.1	36405	0.864506439256918	0.0367703597596971
MA1160.1	36405	0.811217593562938	0.0369315808733744
MA1161.1	36405	0.86800318911865	0.0422346098938485
MA1162.1	36405	0.866294884916216	0.0426070015126718
MA1163.1	36405	0.867405138161132	0.0381298961816509
MA1164.1	36405	0.887411059379362	0.0447302073378305
MA1165.1	36405	0.862187288276816	0.0424481340212652
MA1166.1	36405	0.837578656035468	0.0389363835519959
MA1167.1	36405	0.873185077182787	0.0436171670897229
MA1168.1	36405	0.887179027403076	0.0396214225661406
MA1169.1	36405	0.864342820237963	0.037205074533355
MA1170.1	36405	0.817095968269582	0.0371722817235741
MA1171.1	36405	0.863256547705215	0.04551106031337
MA1172.1	36405	0.83097483664771	0.0403052745996518
MA1173.1	36405	0.864671179948909	0.0333007871179457
MA1174.1	36405	0.860229517378059	0.0347526274403235
MA1175.1	36405	0.916093114959091	0.0296944195024452
MA1176.1	36405	0.859748795186384	0.0395356802975545
MA1177.1	36405	0.890294581339242	0.0292187391231781
MA1178.1	36405	0.838553119301967	0.0404743785352934
MA1179.1	36405	0.831042765220096	0.0344078415605138
MA1180.1	36405	0.83039998844743	0.0420615597853567
MA1181.1	36405	0.908326314786867	0.0351428087529324
MA1182.1	36405	0.873523536743023	0.0480555327546828
MA1183.1	36405	0.874992119802226	0.0477816240526835
MA1184.1	36405	0.870152535053293	0.0463935806514356
MA1185.1	36405	0.889580726933224	0.0482595729124219
MA1186.1	36405	0.883522996199461	0.0334722684268887
MA1187.1	36405	0.87715637112871	0.049436134341493
MA1188.1	36405	0.876411443040256	0.0355130272610301
MA1189.1	36405	0.86442150893892	0.0353668834095772
MA1190.1	36405	0.878026468404154	0.0480039143518652
MA1191.1	36405	0.866836109155278	0.0466699483036146
MA1192.1	36405	0.868431216868468	0.0381571455121064
MA1193.1	36405	0.844298559171964	0.0300483275179995
MA1194.1	36405	0.876306823411245	0.0322913994453503
MA1195.1	36405	0.853160004413573	0.0349242942871564
MA1196.1	36405	0.869045287131985	0.0342610432596191
MA1197.1	36405	0.807143576359976	0.0499135883590475
MA1198.1	36405	0.915589037497096	0.0398711773443524
MA1199.1	36405	0.835198998055519	0.0364242605859065
MA1200.1	36405	0.819305838050523	0.0328168020443602
MA1201.1	36405	0.925664344939186	0.0658261550974151
MA1202.1	36405	0.920106639238261	0.0727744654593977
MA1203.1	36405	0.820351197896503	0.0348677769614221
MA1204.1	36405	0.829485705529497	0.035267315007213
MA1205.1	36405	0.82113672796293	0.0352372018311114
MA1206.1	36405	0.92718713397947	0.0304869497026389
MA1207.1	36405	0.832238255532627	0.0388271369575192
MA1208.1	36405	0.880180915393833	0.0355996015554493
MA1209.1	36405	0.892909466559562	0.050934227284408
MA1210.1	36405	0.900650145222892	0.0468258798263528
MA1211.1	36405	0.912192348914971	0.0466003643927636
MA1212.1	36405	0.923124403347631	0.0435689223485583
MA1213.1	36405	0.858935332659749	0.0433909189069646
MA1214.1	36405	0.834920474104205	0.0392968091231412
MA1215.1	36405	0.888300875553028	0.0453203030669884
MA1216.1	36405	0.799778303409335	0.0524498677793559
MA1217.1	36405	0.809939282697978	0.0469668887017758
MA1218.1	36405	0.815205416750238	0.0487527727099617
MA1219.1	36405	0.782317804845991	0.0514612329622203
MA1220.1	36405	0.810787706917182	0.0468277583998189
MA1221.1	36405	0.751029713444096	0.0549759673700304
MA1222.1	36405	0.769768918619087	0.0524098221623585
MA1223.1	36405	0.794125561878941	0.046511165262441
MA1224.1	36405	0.8169151514032	0.0508620730254843
MA1225.1	36405	0.761963354987894	0.0515281061934477
MA1226.1	36405	0.780423452780966	0.0485746240012649
MA1228.1	36405	0.731117784875831	0.0565801960093502
MA1229.1	36405	0.807937773298367	0.0467318875489162
MA1230.1	36405	0.801573179408152	0.0469759068590502
MA1231.1	36405	0.772697509302792	0.0532545229000387
MA1232.1	36405	0.754078637766735	0.0528108413622518
MA1234.1	36405	0.799751993655729	0.049958057216362
MA1235.1	36405	0.86881118072594	0.0345404248636604
MA1236.1	36405	0.757289127445034	0.0489447272653169
MA1237.1	36405	0.806319175257387	0.0486842190672945
MA1239.1	36405	0.73158718992426	0.053274529480393
MA1240.1	36405	0.746031134064772	0.0510690533139803
MA1241.1	36405	0.785560008493683	0.0457321326439853
MA1242.1	36405	0.785149619276885	0.0586479307468025
MA1243.1	36405	0.814031584576968	0.0414080635713545
MA1244.1	36405	0.736877271722463	0.0503671941680528
MA1246.1	36405	0.723943674820289	0.0519126931582907
MA1247.1	36405	0.742403973953483	0.0608315501838942
MA1248.1	36405	0.755482238493345	0.0497219616853283
MA1249.1	36405	0.816023021441967	0.0464486644887737
MA1250.1	36405	0.77555467178858	0.0517683006135318
MA1251.1	36405	0.797457345160601	0.044710530221946
MA1252.1	36405	0.774072647240717	0.0547718738722927
MA1253.1	36405	0.798707442068533	0.0473067182995141
MA1255.1	36405	0.780090070093811	0.0494628447737618
MA1256.1	36405	0.739132300431527	0.0489800172469247
MA1257.1	36405	0.730184755927434	0.0466871235268283
MA1258.1	36405	0.784602395086623	0.0417650388575086
MA1259.1	36405	0.793933855486889	0.0476451231676431
MA1260.1	36405	0.761611480920739	0.047302276170074
MA1261.1	36405	0.832345377966873	0.0402914538352699
MA1262.1	36405	0.737966605202027	0.050542387681335
MA1263.1	36405	0.800315117831057	0.0507008667142419
MA1264.1	36405	0.752677668108443	0.0559918021960073
MA1266.1	36405	0.777292692791895	0.0575714515525874
MA1267.1	36405	0.81345746765317	0.0409522483217158
MA1268.1	36405	0.801941042897345	0.0446460526707198
MA1269.1	36405	0.86493823269271	0.037223172367548
MA1270.1	36405	0.856946124524269	0.0409002493120242
MA1271.1	36405	0.924189543443661	0.0398569584707889
MA1272.1	36405	0.842330044920335	0.0422117361757736
MA1273.1	36405	0.847800760507621	0.0409534169029255
MA1274.1	36405	0.853705539930713	0.0439763663088696
MA1275.1	36405	0.932033040849379	0.036693344374608
MA1276.1	36405	0.93179186566733	0.0382545485736367
MA1277.1	36405	0.844898133487988	0.0416040672498525
MA1278.1	36405	0.855671446280221	0.0410906438138498
MA1279.1	36405	0.84009645290996	0.0408303436370734
MA1280.1	36405	0.897026197789767	0.0391038442456526
MA1281.1	36405	0.85663952537493	0.0412466560038161
MA1282.1	36405	0.742647835015602	0.0480301335561113
MA1283.1	36405	0.692402047160429	0.0425842836128588
MA1284.1	36405	0.69731783773641	0.039274826430551
MA1285.1	36405	0.693586859408252	0.0414043938342518
MA1286.1	36405	0.770538293154042	0.0536721142308403
MA1287.1	36405	0.761602519201045	0.0495703266688574
MA1288.1	36405	0.75683012789674	0.0525467825987963
MA1289.1	36405	0.77682187384527	0.0503164577427768
MA1290.1	36405	0.750020092038362	0.0499030099246844
MA1291.1	36405	0.754654861643367	0.054943944034154
MA1292.1	36405	0.807990558452083	0.0408036404266576
MA1293.1	36405	0.812624763744512	0.040288881108154
MA1294.1	36405	0.840048371635251	0.0391795170498116
MA1295.1	36405	0.867835589763839	0.0452002794311506
MA1296.1	36405	0.853037390093745	0.0425391258388068
MA1297.1	36405	0.829064342368344	0.0432063157164851
MA1298.1	36405	0.856711077265124	0.044788879673452
MA1299.1	36405	0.827518468056839	0.0434985013740399
MA1300.1	36405	0.823893974870231	0.0404780323813628
MA1301.1	36405	0.859799369255781	0.0454053203362863
MA1302.1	36405	0.83248818378134	0.0470740830367787
MA1303.1	36405	0.830699544639599	0.0445159894427059
MA1304.1	36405	0.88027706774783	0.045160516665496
MA1305.1	36405	0.835774044295816	0.0479834061484039
MA1306.1	36405	0.82285345562928	0.0435047142842913
MA1307.1	36405	0.813649425412152	0.0424080274066043
MA1308.1	36405	0.802841013687554	0.0476476276121377
MA1309.1	36405	0.855582662555848	0.0455416516100458
MA1310.1	36405	0.803533356292053	0.0413479241488951
MA1312.1	36405	0.830474535598234	0.0398019293485149
MA1313.1	36405	0.808286249679716	0.0443240913423032
MA1314.1	36405	0.821563974952081	0.0460569760712767
MA1315.1	36405	0.813644842262469	0.0442285394201702
MA1316.1	36405	0.845603673311372	0.0472187903987841
MA1317.1	36405	0.847003274184847	0.0470812246289993
MA1318.1	36405	0.819242272623309	0.0446238710496092
MA0577.2	36405	0.816052530929604	0.062423977161376
MA1320.1	36405	0.775108777587894	0.0460494316551691
MA1321.1	36405	0.844266487374161	0.045909677827801
MA1322.1	36405	0.881941410487359	0.0505302871978014
MA1323.1	36405	0.85887411865648	0.0451161098003605
MA1324.1	36405	0.874010588438775	0.0490705587109733
MA1325.1	36405	0.823953489570986	0.0415411838966767
MA1326.1	36405	0.915648630539398	0.0432105253718983
MA1328.1	36405	0.892849953145266	0.0425064608191098
MA1330.1	36405	0.887064502499049	0.0443438002525999
MA1331.1	36405	0.785623504046544	0.0578503906257866
MA1332.1	36405	0.778476449235268	0.0574593458816093
MA1333.1	36405	0.786938122923386	0.0598759712341133
MA1334.1	36405	0.772462085901423	0.0469496404078957
MA1335.1	36405	0.826999836941411	0.0431102593675676
MA1336.1	36405	0.785077570916174	0.0435384482099085
MA1337.1	36405	0.772723446501426	0.0470205772024425
MA1338.1	36405	0.790300734690477	0.0524264736188524
MA1339.1	36405	0.761515335448414	0.0509927053809361
MA1340.1	36405	0.781523819550634	0.0475754030576454
MA1341.1	36405	0.77222064312505	0.0466134092551183
MA1342.1	36405	0.776233597782184	0.0420570761186389
MA1343.1	36405	0.827110892841052	0.0404662801469774
MA1344.1	36405	0.815355060288883	0.0485866055993127
MA1345.1	36405	0.768744379759365	0.0491417324029365
MA1346.1	36405	0.789550266187895	0.0421364744334024
MA0968.2	36405	0.806147837376608	0.0502677364539471
MA1348.1	36405	0.803942289677449	0.0452981083423744
MA1349.1	36405	0.79176624831202	0.0523710355788944
MA1350.1	36405	0.759286268598897	0.0505395455865029
MA1351.1	36405	0.787128520890418	0.0492976204546195
MA1352.1	36405	0.694372172590837	0.0406568211063074
MA1353.1	36405	0.837197416221905	0.0533241029905697
MA1354.1	36405	0.679996872191416	0.0324417057645293
MA1355.1	36405	0.852910238071064	0.0453739933901053
MA1356.1	36405	0.72195307138249	0.0408960151389999
MA1357.1	36405	0.835307046637741	0.0486235608732326
MA1358.1	36405	0.855723201083861	0.0491897105935903
MA1359.1	36405	0.784800321106148	0.0519479526941466
MA1360.1	36405	0.758980748610902	0.048198534204893
MA1361.1	36405	0.776835278419013	0.0422686525253451
MA1362.1	36405	0.825671274018481	0.0448505176989586
MA1363.1	36405	0.767341648130163	0.0481225463212712
MA1364.1	36405	0.772914990366479	0.052978996713854
MA1366.1	36405	0.868150859159695	0.038048008576024
MA1367.1	36405	0.8763939836255	0.038726784189256
MA1369.1	36405	0.890272706560398	0.0402818369652494
MA1370.1	36405	0.821300763414868	0.0371444289220978
MA1371.1	36405	0.834971540185123	0.0378033700991347
MA1372.1	36405	0.919730453125963	0.0285804465061914
MA1373.1	36405	0.856545744454467	0.0358318834408679
MA1374.1	36405	0.822049542975127	0.037860926449876
MA1375.1	36405	0.884646850341214	0.0402461109413094
MA1376.1	36405	0.800991556622997	0.0456142087722158
MA1377.1	36405	0.787560549534662	0.0296997815757442
MA1378.1	36405	0.806614166770432	0.0311520882378909
MA1379.1	36405	0.872792551561228	0.0414000398853213
MA1380.1	36405	0.88082745839134	0.040311585646561
MA1381.1	36405	0.884790535232668	0.0388334433184679
MA1382.1	36405	0.751580078999327	0.0547576897684988
MA1383.1	36405	0.85728232338542	0.0371679788379683
MA1384.1	36405	0.838436676370025	0.0390369372669861
MA1385.1	36405	0.882672045514755	0.0352170859674164
MA1386.1	36405	0.895947869613544	0.0445446359897464
MA1387.1	36405	0.835360883925662	0.0374218090478621
MA1388.1	36405	0.961955116757561	0.036330882617456
MA1389.1	36405	0.814750413310255	0.0401557475557189
MA1390.1	36405	0.835874424421764	0.0373544480794743
MA1392.1	36405	0.855115571228991	0.0363874460136715
MA1395.1	36405	0.882120092933997	0.0326632131356706
MA1396.1	36405	0.825193055158505	0.0435501694445554
MA1397.1	36405	0.888787266640522	0.0410676474178114
MA1399.1	36405	0.875759360146653	0.0381926696517599
MA1400.1	36405	0.845048269857674	0.0377659558765281
MA1401.1	36405	0.85886191726914	0.0490085274299714
MA1402.1	36405	0.738557057300298	0.0616996552055288
MA1403.1	36405	0.615859551494746	0.0643608892828687
MA1404.1	36405	0.72465498718469	0.0582720530419869
MA0954.2	36405	0.83754196705781	0.0402492047818057
MA1000.2	36405	0.758402196391552	0.0563403295877599
MA0586.2	36405	0.811777444146228	0.0513838656392484
MA1026.2	36405	0.850501663022415	0.0396832207292846
MA0548.2	36405	0.810134652492278	0.0357173019950885
MA0550.2	36405	0.764387287776768	0.0491114380814331
MA1059.2	36405	0.782708742270284	0.0501805412884645
MA1405.1	36405	0.815828998285523	0.0433236234287517
MA1406.1	36405	0.898044208115963	0.0406799925344152
MA1407.1	36405	0.852495380489383	0.0447877043451598
MA1408.1	36405	0.8802264979532	0.0384622244451706
MA1409.1	36405	0.843412315948674	0.0409102627019393
MA1410.1	36405	0.764824034015771	0.0614342681310372
MA1411.1	36405	0.796499266574167	0.0496802807166528
MA1412.1	36405	0.777847176916819	0.0559806455142352
MA1413.1	36405	0.918047922765954	0.0364669954793525
MA1414.1	36405	0.815048830923172	0.053870383137721
MA1415.1	36405	0.860220816081197	0.0551676370872227
MA1085.2	36405	0.902242299510714	0.0618359302301697
MA1416.1	36405	0.767978754769098	0.0792570782882799
MA1417.1	36405	0.760079911770635	0.0483037744673719
MA1424.1	36405	0.79465175914947	0.0499619724748077
MA1425.1	36405	0.836462896937328	0.0600597726083663
MA1426.1	36405	0.842959771054929	0.0508156826199894
MA1427.1	36405	0.88219425569278	0.0423314092057734
MA1428.1	36405	0.846535781714623	0.0434996777694812
MA1430.1	36405	0.75304444748145	0.0569196760239435
MA0570.2	36405	0.80837036630418	0.0591489479889799
MA1659.1	36405	0.844931751059527	0.0525899110487284
MA1660.1	36405	0.748468990591383	0.0394287024982033
MA1661.1	36405	0.883808565259741	0.0403009963566891
MA1662.1	36405	0.860944163861956	0.0413386127588104
MA1663.1	36405	0.802986749802375	0.0447295062586107
MA1664.1	36405	0.78829921606262	0.0422625890952325
MA1665.1	36405	0.825029761721188	0.0405806478926728
MA1666.1	36405	0.785780134029816	0.0424397585418944
MA1667.1	36405	0.817730559829579	0.0462418808690769
MA1668.1	36405	0.783974831577521	0.0503042226916677
MA1669.1	36405	0.795948265019114	0.0492797664756372
MA1670.1	36405	0.803705013079943	0.0465547520380163
MA1671.1	36405	0.770083171257681	0.0658635236311075
MA1672.1	36405	0.819929210131489	0.0550174974120767
MA1673.1	36405	0.803147492731085	0.0538444118524014
MA1674.1	36405	0.753988874371124	0.0420890747963684
MA1675.1	36405	0.811182584483712	0.0403870050228205
MA1676.1	36405	0.774053034638081	0.0380645820391034
MA1677.1	36405	0.901270303456148	0.0482707238289579
MA1678.1	36405	0.749881577752477	0.0400929995237455
MA1679.1	36405	0.796229241902374	0.0472299681625739
MA1680.1	36405	0.85656252540948	0.0465519810148079
MA1681.1	36405	0.84941882904559	0.0397092424099597
MA1682.1	36405	0.864702077261986	0.0406571097396848
MA1245.2	36405	0.777273889704474	0.0622006493363399
MA1365.2	36405	0.896842089134131	0.0432159016024506
MA1327.2	36405	0.918176240103139	0.054091187293855
MA0110.3	36405	0.887505044752187	0.0406849901548215
MA1393.2	36405	0.858638627518928	0.0451365729985414
MA0974.2	36405	0.88713666227946	0.0421403440930892
MA0976.2	36405	0.752691208130953	0.0586510065706373
MA1265.2	36405	0.808995433070842	0.0510480785960071
MA1233.2	36405	0.791138606256104	0.0470489313715518
MA1227.2	36405	0.816199482056044	0.047477379371369
MA1238.2	36405	0.810490086609477	0.0484578116704631
MA0995.2	36405	0.83400012589349	0.0517645490252811
MA1001.2	36405	0.784488799303482	0.0579115804340924
MA1005.2	36405	0.780070070994224	0.0620638858846554
MA0992.2	36405	0.782662436441336	0.0575700344218123
MA0565.2	36405	0.864265073043971	0.0565815355482985
MA1368.2	36405	0.794257871431073	0.0408447704573085
MA1398.2	36405	0.863748648466404	0.0415625399850229
MA1391.2	36405	0.853600844526296	0.0392571680266163
MA1394.2	36405	0.84922564972154	0.0432721381070322
MA0980.2	36405	0.822603914139625	0.0493748133656041
MA1062.2	36405	0.717090361637009	0.047201711444595
MA1065.2	36405	0.718084342551039	0.0471391605493053
MA1047.2	36405	0.787241959445936	0.0422780226216559
MA1076.2	36405	0.844759979209261	0.0435457554201184
MA1311.2	36405	0.885993929950732	0.0463084279315106
MA1329.2	36405	0.870433143272029	0.054222675955397
MA1684.1	36405	0.940477406289501	0.0656552431077301
MA1685.1	36405	0.789563509487026	0.0425339067986215
MA1686.1	36405	0.718512215836156	0.0414017527253438
MA1687.1	36405	0.687157111127252	0.0418978274551593
MA1688.1	36405	0.814618641083569	0.0431886064728915
MA1689.1	36405	0.839190567813382	0.0437813431613995
MA1690.1	36405	0.779237026397465	0.0410191935574377
MA1691.1	36405	0.813656896742862	0.0439564936793048
MA1692.1	36405	0.817497802503607	0.0477262249247316
MA1693.1	36405	0.802269755081535	0.0466752943060445
MA1694.1	36405	0.805429179711686	0.0460637606376024
MA1695.1	36405	0.750374511398314	0.0408663273628868
MA1696.1	36405	0.794568728136713	0.0419167764163062
MA1697.1	36405	0.837909209130005	0.0481119461849756
MA1698.1	36405	0.751478910941511	0.0460214436527506
