[SHORT TFBS MATRIX]
MA0004.1	39583	0.887890739020614	0.0667984846462592
MA0069.1	39583	0.792740377732645	0.0358778376992521
MA0071.1	39583	0.859158575713308	0.0486376581684235
MA0074.1	39583	0.779283640819575	0.0366420428536483
MA0101.1	39583	0.893879184726244	0.0385507005231009
MA0107.1	39583	0.853763728625671	0.0473472963109451
MA0111.1	39583	0.886030045104739	0.0287449581405841
MA0115.1	39583	0.701036371611162	0.0414641360838014
MA0116.1	39583	0.847042484523247	0.0395749963361205
MA0119.1	39583	0.766559422677251	0.0476396180863266
MA0130.1	39583	0.982328931674682	0.0243449755199551
MA0142.1	39583	0.78582618773343	0.0468150184522384
MA0149.1	39583	0.714336108411753	0.0538481560420373
MA0151.1	39583	0.945497119241555	0.0662879695861019
MA0155.1	39583	0.874024252395485	0.0380417586995411
MA0159.1	39583	0.815508447884204	0.0319980545003604
MA0163.1	39583	0.819428398138484	0.0458156926797627
MA0145.2	39583	0.85346968809901	0.0362167966660303
MA0468.1	39583	0.839858599276059	0.0519551248669433
MA0515.1	39583	0.895176700312967	0.0446307634108443
MA0258.2	39583	0.82178291428264	0.0375288367250221
MA0595.1	39583	0.880082983389104	0.0429027080515693
MA0596.1	39583	0.86497531602631	0.0450992548510748
MA0599.1	39583	0.942466355582712	0.0510879714808923
MA0604.1	39583	0.861199162662761	0.051992872118093
MA0608.1	39583	0.855586759866622	0.0483018526338094
MA0613.1	39583	0.873236513219392	0.0654716696144175
MA0614.1	39583	0.897687072505923	0.0566919062923811
MA0636.1	39583	0.802567502048788	0.0526310770189206
MA0641.1	39583	0.799413294660166	0.0469743681904726
MA0042.2	39583	0.892353476218975	0.0578725535229737
MA0033.2	39583	0.92579176127479	0.0554576364847469
MA0153.2	39583	0.768028208992288	0.0598790951526064
MA0486.2	39583	0.771368452310989	0.0503252373657436
MA0653.1	39583	0.719690519094917	0.0458499652215424
MA0655.1	39583	0.809055425309802	0.0558069026634524
MA0660.1	39583	0.800176227135533	0.0664808637227131
MA0663.1	39583	0.802637754236167	0.0502592981430261
MA0665.1	39583	0.835744731231051	0.0429626697723653
MA0667.1	39583	0.821910668034656	0.0476639306007536
MA0669.1	39583	0.824303919906742	0.0458466730406809
MA0676.1	39583	0.871026931660274	0.048674628765368
MA0678.1	39583	0.827527430274709	0.0474920734746669
MA0068.2	39583	0.860334443918621	0.0559409817562881
MA0512.2	39583	0.749076902386115	0.0433326188713479
MA0083.3	39583	0.714760530087292	0.0448432372751262
MA0009.2	39583	0.728376156468853	0.039833770006205
MA0689.1	39583	0.831478474564416	0.0417724489015301
MA0691.1	39583	0.829013992888339	0.0504482539789703
MA0696.1	39583	0.789519548395069	0.0446783027219322
MA0713.1	39583	0.819601027799606	0.0628925090694614
MA0715.1	39583	0.797136242150553	0.0696234962227313
MA0724.1	39583	0.862861529320454	0.0531530916175086
MA0728.1	39583	0.748642654855658	0.0507791537790535
MA0729.1	39583	0.725512947803634	0.041913572555709
MA0730.1	39583	0.734127097450627	0.0387306281538286
MA0731.1	39583	0.695691973042101	0.0413985524694534
MA0472.2	39583	0.822801471933984	0.0488730634042435
MA0736.1	39583	0.802989905906065	0.041691945773209
MA0737.1	39583	0.761412636874147	0.0383480632016151
MA0741.1	39583	0.886259825297493	0.058096036082914
MA0088.2	39583	0.769814968896823	0.03929502067416
MA0758.1	39583	0.719006232832208	0.0454346169687936
MA0770.1	39583	0.784624599652227	0.0490138615171489
MA0771.1	39583	0.809765512122819	0.045060619196749
MA0773.1	39583	0.812375538692953	0.0688018727888253
MA0774.1	39583	0.892943314961902	0.0497543714129958
MA0776.1	39583	0.769081852117227	0.0422557478653347
MA0777.1	39583	0.736042537983538	0.0398169257387377
MA0105.4	39583	0.751389528027112	0.0519203046744914
MA0780.1	39583	0.78033386273711	0.0670642636108861
MA0783.1	39583	0.756388513008526	0.0483216973273128
MA0787.1	39583	0.813593513467523	0.0606179064781203
MA0788.1	39583	0.808736467657836	0.0598076878654708
MA0789.1	39583	0.836317530786983	0.0647325593255513
MA0792.1	39583	0.857510143144112	0.0593885034397443
MA0794.1	39583	0.784829103743918	0.040926700070674
MA0795.1	39583	0.782686340362718	0.0462244927181331
MA0796.1	39583	0.731707491557009	0.0508804504272115
MA0797.1	39583	0.762685707162673	0.0465785042521423
MA0511.2	39583	0.857536981539582	0.0443856170665931
MA0801.1	39583	0.891049488716026	0.0485653356325977
MA0803.1	39583	0.870947464410632	0.053286328861732
MA0805.1	39583	0.87091953954889	0.0536116473106809
MA0806.1	39583	0.89549798803772	0.0457639083043714
MA0807.1	39583	0.902191230225741	0.0424942334102744
MA0808.1	39583	0.904660588631671	0.0490029542957382
MA0813.1	39583	0.835203815067228	0.0522864072092564
MA0815.1	39583	0.82839398927196	0.0547299202200135
MA0816.1	39583	0.86291339065796	0.0479098315458935
MA0822.1	39583	0.755738469830706	0.05360605201094
MA0823.1	39583	0.829630829213032	0.0564918966028394
MA0826.1	39583	0.810115731185001	0.0506485475411726
MA0827.1	39583	0.850004959252666	0.043117189274669
MA0838.1	39583	0.806568856592119	0.0461724838233712
MA0845.1	39583	0.842068555171215	0.0583573320494838
MA0032.2	39583	0.871010669591086	0.0557289568621417
MA0848.1	39583	0.910602078920569	0.0531032372199308
MA0849.1	39583	0.895855418502896	0.0572727459527445
MA0850.1	39583	0.939128571841492	0.0384350931436092
MA0855.1	39583	0.74597627245214	0.0434540585229739
MA0856.1	39583	0.756161999858253	0.0426609533183866
MA0857.1	39583	0.71897230918928	0.0469161345504532
MA0858.1	39583	0.727091739801481	0.040313980986176
MA0860.1	39583	0.72453432218611	0.0441324283225127
MA0525.2	39583	0.722663418197964	0.0380437998600703
MA0106.3	39583	0.731659132566818	0.0361769713395292
MA0862.1	39583	0.838342268954703	0.0469373160600297
MA0863.1	39583	0.748547884506472	0.0378029730743829
MA0024.3	39583	0.788641260027564	0.0427978188066265
MA0866.1	39583	0.729125054537038	0.0511325726084579
MA0870.1	39583	0.729145328645068	0.0512321025474497
MA0872.1	39583	0.823454217122174	0.0560436164452695
MA1124.1	39583	0.750998562795218	0.0621191083465104
MA1155.1	39583	0.758348343338026	0.0425430219536654
MA1127.1	39583	0.783790034478632	0.0524197831228046
MA1129.1	39583	0.79570423589022	0.0519462231616969
MA1136.1	39583	0.808794025367032	0.0503541477167339
MA1420.1	39583	0.770097763004214	0.0376242649163971
MA1421.1	39583	0.799873184592376	0.04539281698306
MA1468.1	39583	0.875101388600713	0.0370771264400707
MA1485.1	39583	0.790511223173458	0.0431021053749403
MA1489.1	39583	0.812059469974484	0.0750887356775305
MA1493.1	39583	0.824499881236255	0.0423354705775069
MA1509.1	39583	0.819912840914204	0.0442538245522194
MA1538.1	39583	0.758903593343229	0.040452035568649
MA1539.1	39583	0.745243309723175	0.0414072268508395
MA1555.1	39583	0.786892310306713	0.0389132475949363
MA1556.1	39583	0.783012145798858	0.0408024285682219
MA1557.1	39583	0.806825498493695	0.0419754042857277
MA1570.1	39583	0.890331091775425	0.0393122182041291
MA1571.1	39583	0.777318609433198	0.0429616709275146
MA1572.1	39583	0.783862183436723	0.0421637818492019
MA1580.1	39583	0.819110393398819	0.0553923446592244
MA1587.1	39583	0.822443843553861	0.0630455405793948
MA1588.1	39583	0.758780051222342	0.0400837099824534
MA1594.1	39583	0.701230748539291	0.0307562235579255
MA1596.1	39583	0.820054393467154	0.0856995330413925
MA1597.1	39583	0.728494840752282	0.0395403377594605
MA0158.2	39583	0.901118708981353	0.0508854944876752
MA0912.2	39583	0.860472205250371	0.0577083246371473
MA0623.2	39583	0.825904635198995	0.0484039804005613
MA2093.1	39583	0.915955023194309	0.0470548433795393
MA2094.1	39583	0.801402366314052	0.0332461175993501
MA2095.1	39583	0.826918616832518	0.0487034052948649
MA2096.1	39583	0.86610727387969	0.0495096825230355
MA1715.1	39583	0.751172992709156	0.0402114412910568
MA2097.1	39583	0.801470118423884	0.0452172945883154
MA2098.1	39583	0.867614194391271	0.0497757778303337
MA2099.1	39583	0.916248002347442	0.0520591186365039
MA1718.1	39583	0.688054654512895	0.0439480635206908
MA2100.1	39583	0.66781009703133	0.0392338222119072
MA2101.1	39583	0.802001258246958	0.0448965969895441
MA1684.1	39583	0.978031558789863	0.0395332664890124
MA2102.1	39583	0.819420963961574	0.0541371925764251
MA1931.1	39583	0.754343426629235	0.0410377106750669
MA1957.1	39583	0.766896297641129	0.0395631181381618
MA1962.1	39583	0.762380379291696	0.0481136026988069
MA1972.1	39583	0.848211856186046	0.0381234148781586
MA1980.1	39583	0.797048098866332	0.0362369763978228
MA1985.1	39583	0.768530602861265	0.0427819557780437
MA2117.1	39583	0.882494112856447	0.0599388575805164
MA2118.1	39583	0.862809431835919	0.0586208748820503
MA2119.1	39583	0.912269247465716	0.0572987089726144
MA2120.1	39583	0.846967638502943	0.036095749565805
MA2121.1	39583	0.868428452164866	0.0671786717447243
MA2122.1	39583	0.813004677436274	0.0504012766593963
MA2123.1	39583	0.87134338458539	0.0456990994839867
MA2124.1	39583	0.890982469135638	0.0838566741729045
MA2125.1	39583	0.893901552269045	0.0526117832401377
MA2126.1	39583	0.862257115599444	0.0601689814503058
MA0079.5	39583	0.916057499110931	0.0728962975702439
MA0509.3	39583	0.722525755743915	0.0477353521637913
MA0516.3	39583	0.923887531892453	0.0644249261818433
MA0607.2	39583	0.803091005423731	0.0473222952373675
MA0685.2	39583	0.926859340203874	0.0656756475612656
MA0740.2	39583	0.928995869625305	0.0617814148354053
MA0742.2	39583	0.911449296722816	0.0710650489349216
MA0798.3	39583	0.724454944478404	0.0467553137828437
MA0818.2	39583	0.819852217240382	0.0482566926318287
MA0821.2	39583	0.840421613270792	0.0504859547538157
MA0831.3	39583	0.790888647018294	0.0535935756459152
MA0878.3	39583	0.839582112109636	0.0546648854974425
MA0884.2	39583	0.799451300850765	0.0563079834497632
MA1511.2	39583	0.919139648556282	0.0668141506748897
MA1532.2	39583	0.772367980625206	0.0377272206613659
MA1547.2	39583	0.884697868837681	0.0582613925294194
MA1563.2	39583	0.934739667443418	0.0441169017543299
MA1573.2	39583	0.760962738798053	0.0544271453265622
MA1601.2	39583	0.804849141269215	0.0407819421557768
MA1633.2	39583	0.82808957418689	0.0537125288925834
MA2323.1	39583	0.716525488877162	0.0458857046461764
MA2324.1	39583	0.899368304507561	0.0529907693480109
MA2325.1	39583	0.836271554521487	0.0492595862367321
MA2326.1	39583	0.956762164471944	0.0652896546413586
MA2327.1	39583	0.860956232407059	0.0640817256060311
MA2328.1	39583	0.855188159654672	0.0816558726930755
MA2329.1	39583	0.847457874466187	0.055002595319826
MA2330.1	39583	0.833018755526863	0.0577272856924498
MA2331.1	39583	0.693865092726502	0.0346230628463234
MA2332.1	39583	0.857053058884435	0.0495384790835791
MA2333.1	39583	0.862351820297685	0.0710452443839165
MA2334.1	39583	0.765333923261757	0.0413369286033174
MA2335.1	39583	0.669309006040263	0.0421690688512647
MA2336.1	39583	0.901431017609776	0.0531709250035085
MA2337.1	39583	0.958311678531319	0.0628901308356085
MA2338.1	39583	0.894684912762305	0.0548618498752449
MA2339.1	39583	0.873032848363431	0.05268812551885
MA2340.1	39583	0.815541605714802	0.0510291986945074
MA2341.1	39583	0.923285984744043	0.0484896738968805
MA0619.2	39583	0.924216793613958	0.068845207715625
MA0006.2	39583	0.958227644125659	0.0608343761479826
MA0854.2	39583	0.850422146124178	0.067133794137795
MA0634.2	39583	0.925337930211682	0.0612802337241664
MA0853.2	39583	0.800926401765649	0.0543527206200314
MA0690.3	39583	0.82873605960347	0.043375828312794
MA0007.4	39583	0.755480216016364	0.0411536919124837
MA1463.2	39583	0.844729228415083	0.0704263569129916
MA0601.2	39583	0.910718653603128	0.0694657604769162
MA0602.2	39583	0.869802179715086	0.0682832851419062
MA0259.2	39583	0.952094033772073	0.0610888405529368
MA1464.2	39583	0.846760160809994	0.0574842322587725
MA0603.2	39583	0.851932920274895	0.0549469382392587
MA0874.2	39583	0.831840834023433	0.0592511696194149
MA1100.3	39583	0.913817045642973	0.0441809055936799
MA1631.2	39583	0.883225093872922	0.0510792098561039
MA1632.2	39583	0.829622984828527	0.0573953505167704
MA1988.2	39583	0.881405478478791	0.0586682768169091
MA0605.3	39583	0.780969858462316	0.0589308705628305
MA0833.3	39583	0.817674589484376	0.0526358543983565
MA1466.2	39583	0.757832498434766	0.0413804315888792
MA0834.2	39583	0.769562791548709	0.0572187549916581
MA0461.3	39583	0.877345632695446	0.0477842838536389
MA1467.3	39583	0.896648512096448	0.0560437197370613
MA0591.2	39583	0.802651280662318	0.0423253902383091
MA0496.4	39583	0.821301812154273	0.0564409084645491
MA1101.3	39583	0.796447997945714	0.0505251098322236
MA1470.2	39583	0.728190460366493	0.0389614809581294
MA0877.4	39583	0.906972265800673	0.0536354840007655
MA0635.2	39583	0.944603584470572	0.045008359908099
MA0875.2	39583	0.940874574537769	0.0561621961037157
MA1471.2	39583	0.883896757090976	0.0580900721345002
MA1634.2	39583	0.879613631362647	0.0601884394407039
MA0462.3	39583	0.879708905978225	0.0599777050447904
MA0489.3	39583	0.850494826084176	0.0573871866297921
MA0488.2	39583	0.843249432816786	0.0504741562519875
MA0835.3	39583	0.882229279354369	0.0587376087017949
MA1989.2	39583	0.842155343146035	0.0534269257716384
MA0463.3	39583	0.778523954059071	0.0411405433402099
MA1472.3	39583	0.865587007794835	0.0525642731770995
MA1635.2	39583	0.904923713335938	0.0794103071524068
MA0817.2	39583	0.809131741766065	0.0516166696508035
MA0464.3	39583	0.852938903709351	0.0559561397572323
MA1928.2	39583	0.874574432784357	0.0611746443189363
MA0876.2	39583	0.951088324722073	0.0518709979982509
MA0465.3	39583	0.856251423759842	0.0611286115939387
MA1473.2	39583	0.862569497036439	0.0595581837624033
MA0102.5	39583	0.820658465303344	0.0512394144139365
MA0466.4	39583	0.773701243633193	0.0467117301376244
MA0836.3	39583	0.857640746590899	0.0547859051963051
MA0837.3	39583	0.777584832963387	0.0467223193094699
MA1636.2	39583	0.819386257059913	0.0515187482050877
MA0819.3	39583	0.890979888438683	0.0506041809008921
MA0018.5	39583	0.854427612589026	0.0642116346564773
MA0638.2	39583	0.79073302987882	0.0423290353352684
MA0839.2	39583	0.762242233468216	0.0409501248350947
MA1474.2	39583	0.830470800166194	0.0434553453437313
MA1475.2	39583	0.835638801201191	0.050649853616639
MA0840.2	39583	0.793738303195485	0.0566677669662057
MA0609.3	39583	0.779083523973977	0.0576860671145846
MA0467.3	39583	0.90382603663677	0.0767859986927445
MA0139.2	39583	0.822603205132511	0.0436556088674564
MA1929.2	39583	0.705225794106584	0.0366723848729241
MA1930.2	39583	0.69763794872652	0.0354676582545369
MA1102.3	39583	0.888941364801694	0.0589918490147406
MA0754.3	39583	0.807995542949943	0.0545743909997147
MA0650.4	39583	0.869632673843865	0.0566713573001456
MA0901.3	39583	0.850907810064361	0.0611042866275053
MA0755.2	39583	0.811572037741147	0.0591722949952341
MA0639.2	39583	0.822842306734049	0.0545696897954846
MA0019.2	39583	0.869846190957248	0.0404671470316509
MA0879.3	39583	0.935384043840175	0.0516656133053376
MA0885.3	39583	0.839375889864605	0.0542736999563722
MA0880.2	39583	0.92503260969349	0.0611622057906791
MA0881.2	39583	0.926034763726103	0.0598172694719579
MA1476.3	39583	0.841431350243608	0.0551651831085947
MA0882.2	39583	0.927725190018298	0.0603667457287812
MA0883.2	39583	0.859882480732903	0.0503132998421847
MA1603.2	39583	0.844190675056663	0.0573249874753899
MA0610.2	39583	0.889686103541239	0.0597901284846831
MA1707.2	39583	0.858058232809686	0.0493185623840171
MA1478.2	39583	0.959980842892453	0.0374793948947322
MA1479.2	39583	0.823990596654107	0.0487430224570138
MA1480.2	39583	0.847924890839615	0.0485383250767994
MA1481.2	39583	0.926964477683123	0.0626225097446141
MA0611.3	39583	0.784355971013231	0.0594046401293424
MA0864.3	39583	0.793248418754852	0.044800079949564
MA0469.4	39583	0.724164708573701	0.0404792320180492
MA0756.3	39583	0.835672268297403	0.0531507285334436
MA0470.3	39583	0.774997958944109	0.0431264678397571
MA0471.3	39583	0.898066127310806	0.050892859227989
MA0865.3	39583	0.864394603275153	0.049859459687785
MA0154.5	39583	0.818612027434124	0.0515743549672831
MA1604.2	39583	0.848765005650094	0.0544788843621893
MA1637.2	39583	0.849246987819431	0.0567762172295303
MA0162.5	39583	0.853966168223079	0.0592328986529388
MA0732.2	39583	0.810045732914389	0.0614046876899023
MA0733.2	39583	0.829660407895899	0.0546409416194982
MA0598.4	39583	0.877640199799024	0.0481741019861838
MA0473.4	39583	0.862707415859355	0.0505265125805804
MA1483.3	39583	0.855980949086759	0.0452826040714814
MA0640.3	39583	0.877693305362151	0.0473434129859403
MA0136.4	39583	0.898399769472908	0.0471734663984374
MA0028.3	39583	0.830035669367076	0.0550551775157208
MA0800.2	39583	0.856322588166609	0.0463612677888134
MA1708.2	39583	0.897866992423231	0.0414775423230984
MA1495.2	39583	0.929175991357527	0.0529048233940664
MA1932.2	39583	0.753282042828112	0.0367780220494269
MA0779.2	39583	0.768276604753641	0.0325098159184571
MA0014.4	39583	0.856623763893469	0.0498453030239746
MA0781.2	39583	0.746046953630251	0.03529743791554
MA0686.2	39583	0.829272909476656	0.043725149107351
MA1933.2	39583	0.760596826636436	0.0405495950374353
MA0828.3	39583	0.778584093739617	0.0554959745249278
MA0843.2	39583	0.814790579565576	0.0548555928166521
MA0759.3	39583	0.834560082016937	0.0557282969408831
MA0076.3	39583	0.881995939512815	0.0504825448598377
MA0612.3	39583	0.906531929946773	0.0697726683160761
MA0886.2	39583	0.90852336354986	0.0664817219658255
MA0027.3	39583	0.933440476030057	0.058536183768786
MA0642.3	39583	0.913536070302412	0.0545686840594033
MA0760.2	39583	0.858728200955487	0.0451310393080609
MA1934.2	39583	0.810461127515178	0.0428323014138583
MA0820.2	39583	0.962805288974192	0.0503597038862663
MA1935.2	39583	0.897455458611655	0.0365549508572456
MA1936.2	39583	0.866748646712631	0.0346436705068446
MA0480.3	39583	0.886269717901147	0.0569361769475874
MA1937.2	39583	0.830885207968024	0.0383717054680436
MA0058.4	39583	0.886457298280157	0.059799260184471
MA1938.2	39583	0.777774972679063	0.0371272579180664
MA0048.3	39583	0.869879494377347	0.0514521848667812
MA1939.2	39583	0.756719810272027	0.0343239889564944
MA0474.4	39583	0.853710465678619	0.0460596143748176
MA0112.4	39583	0.747293419203701	0.0431608453704118
MA0592.4	39583	0.835542105438142	0.0551400566685412
MA0141.4	39583	0.814014481438912	0.0532431489112889
MA0643.2	39583	0.862856462703009	0.0486404268136114
MA0644.3	39583	0.90178395134972	0.0612443878383104
MA0098.4	39583	0.874081268956396	0.045112581948983
MA1484.2	39583	0.871005821189226	0.0468457577924671
MA0761.3	39583	0.866673988860874	0.0479759635243505
MA0762.2	39583	0.850233382984518	0.0458739698380842
MA1940.2	39583	0.79834939803284	0.0424077150641851
MA1941.2	39583	0.796178151328688	0.0419114802274123
MA1942.2	39583	0.855607183699651	0.0422237579548351
MA1943.2	39583	0.803021405537263	0.0386198440563505
MA0763.2	39583	0.863333566250946	0.0425195050719803
MA0764.4	39583	0.858353585150011	0.0506488025287351
MA0765.4	39583	0.829858540610983	0.0542061676772364
MA1944.2	39583	0.808698942151087	0.0391970872258154
MA1945.2	39583	0.803234969662268	0.0416364996911685
MA1946.2	39583	0.83970576376981	0.0358607687495691
MA1947.2	39583	0.876972711888547	0.0379396115612951
MA1948.2	39583	0.813438489751268	0.036577094450867
MA0900.3	39583	0.904037723865933	0.0745062775158978
MA0645.2	39583	0.880062163301735	0.0477574511218909
MA0887.2	39583	0.937994558438289	0.0535506021514873
MA0888.2	39583	0.937176970994067	0.0543135265293824
MA0156.4	39583	0.830728868666902	0.0523366104571841
MA0475.3	39583	0.857766497352859	0.0475832273137785
MA1949.2	39583	0.776905542713821	0.0365107843877824
MA1950.2	39583	0.841008992435524	0.0443460011397241
MA0476.2	39583	0.863410697999804	0.0592994472271131
MA1951.2	39583	0.749829292073902	0.0495324081064603
MA0099.4	39583	0.853689569036553	0.0502903640517728
MA1126.2	39583	0.80695297784898	0.0516248823795714
MA1134.2	39583	0.842272046282738	0.0535226359551204
MA1140.3	39583	0.759749443707262	0.054154609591366
MA0490.3	39583	0.814992768076344	0.0573945840741165
MA1141.2	39583	0.846109827348306	0.0527312679733624
MA0492.2	39583	0.840687116366913	0.0493605210580215
MA0491.3	39583	0.815934879278277	0.0571305661389156
MA1135.2	39583	0.849364882708827	0.0533112761274226
MA0477.3	39583	0.827654991685881	0.0561703085435115
MA1128.2	39583	0.849395943079008	0.0517197876526018
MA1137.2	39583	0.8503939144817	0.050385683236097
MA1142.2	39583	0.89145068168401	0.0454671676315019
MA1143.2	39583	0.848492340903121	0.0468220097061032
MA0478.2	39583	0.866246982255998	0.0521853674395229
MA1130.2	39583	0.854154572943452	0.051383829802409
MA1131.2	39583	0.814546672551288	0.0528851946342744
MA1138.2	39583	0.845439426207104	0.0547585910299458
MA1139.2	39583	0.789531438481271	0.0562775227920783
MA1144.2	39583	0.846337135099831	0.0528401274360716
MA1145.2	39583	0.810709554987592	0.0542882257312426
MA0148.5	39583	0.851943782801464	0.0594947431863301
MA0047.4	39583	0.879070521987576	0.0601069484940281
MA1683.2	39583	0.881743988650293	0.0617640732585097
MA0846.2	39583	0.871750846906871	0.0551763702001411
MA0031.2	39583	0.886113864062688	0.0585849910562284
MA0847.4	39583	0.858364913380899	0.0552111174796317
MA0041.3	39583	0.836033924753832	0.0575506721066721
MA1487.3	39583	0.845356419961614	0.0545046099931141
MA1606.2	39583	0.896434324132996	0.0638660286608536
MA0030.2	39583	0.855966542549861	0.0561987489745351
MA0479.2	39583	0.875710496776371	0.0536615091005069
MA1952.2	39583	0.857688020025378	0.040913052572327
MA0682.3	39583	0.918378794691983	0.070188441156225
MA0851.2	39583	0.868473033431716	0.0587743830385816
MA0852.3	39583	0.891449427220731	0.0571983141734369
MA1103.3	39583	0.883370095644076	0.0618536008863839
MA1607.2	39583	0.833841072124433	0.0579560813314643
MA1953.2	39583	0.825462651037473	0.0401531508768574
MA1954.2	39583	0.821558365434016	0.0431012597855353
MA1955.2	39583	0.815547160022663	0.0422485126889745
MA1956.2	39583	0.808464639602728	0.041489135884511
MA0157.4	39583	0.888282600323586	0.0583227561142579
MA0481.4	39583	0.885578331106466	0.0612307684080048
MA0593.2	39583	0.88618681679157	0.0553443489486356
MA0040.2	39583	0.856951105529864	0.055580728685701
MA0062.4	39583	0.843209926253009	0.04759643550194
MA0035.5	39583	0.883228716570402	0.053707962489543
MA0140.3	39583	0.80229961803401	0.0452629008418152
MA0036.4	39583	0.882828049988876	0.0599289100925718
MA0037.5	39583	0.857696408848415	0.0547210090655327
MA0482.3	39583	0.862871350222294	0.0516318976029077
MA0766.3	39583	0.898214419989535	0.0545921562276581
MA1104.3	39583	0.85857091716936	0.0553996063814183
MA0889.2	39583	0.895196781292039	0.0664743084503998
MA0890.2	39583	0.914172253658109	0.0698412640744192
MA0646.2	39583	0.831839098400183	0.0388612378812397
MA0143.5	39583	0.892320102540955	0.0547879038620926
MA0767.2	39583	0.873630426787235	0.0411122247996623
MA0038.3	39583	0.833289553733929	0.0457282421491352
MA0483.2	39583	0.876015945023151	0.0446415008906062
MA1990.2	39583	0.826254600310861	0.0454508660975543
MA0734.4	39583	0.850997797923216	0.0474787787743431
MA1491.3	39583	0.748729457483985	0.039944584560947
MA0735.2	39583	0.72345956841342	0.0415011823091455
MA0615.2	39583	0.910194990005158	0.0488137795122726
MA0647.2	39583	0.796237033998829	0.0498888640974265
MA1105.3	39583	0.85150842652508	0.0523286776038398
MA0648.2	39583	0.927982668002675	0.0649572844389875
MA0891.2	39583	0.935118985628576	0.0565926593578578
MA0892.2	39583	0.945696123312051	0.0471394456084235
MA0893.3	39583	0.940212901115915	0.0453544845481627
MA0092.2	39583	0.911949409682575	0.034731640007136
MA0522.4	39583	0.912781273890651	0.0531484107997693
MA1638.2	39583	0.923530064823144	0.0698464995205346
MA1099.3	39583	0.889425460822698	0.060442673580645
MA0616.3	39583	0.847743271480346	0.0585806756338226
MA0894.2	39583	0.915794567864401	0.0714226782917799
MA0649.2	39583	0.854337999027052	0.0515318185494871
MA0739.2	39583	0.904224354891015	0.0392703529603639
MA0738.2	39583	0.977317317407291	0.0303332043712615
MA1106.2	39583	0.886936559374794	0.0627843482765569
MA0131.3	39583	0.874531607720397	0.0558636514297058
MA0043.4	39583	0.830518724646303	0.0585263935120097
MA0895.2	39583	0.903734534276373	0.0522724881419015
MA0896.2	39583	0.838911712660656	0.0539103786825425
MA0897.2	39583	0.78528643906105	0.0501930596282537
MA0898.2	39583	0.842064197626688	0.0544784977047469
MA1991.2	39583	0.835064464346123	0.0458284431237503
MA0046.3	39583	0.783306091557422	0.0600585693577121
MA1494.2	39583	0.756074099161301	0.0410919753348864
MA0114.5	39583	0.832924827733066	0.0495203132343373
MA0484.3	39583	0.836327289371397	0.0487323816534311
MA0899.2	39583	0.883237987217602	0.0563598339896523
MA0911.2	39583	0.859203513023136	0.0459562065901529
MA1496.2	39583	0.934781008516885	0.043418323649768
MA1497.2	39583	0.917252855359313	0.0479418372605037
MA1498.3	39583	0.95329761966485	0.0484383274486606
MA0594.3	39583	0.91100814792595	0.0415775275889091
MA0902.3	39583	0.944896812916998	0.0579358473206706
MA1566.3	39583	0.853871763480352	0.0464627907561567
MA0903.2	39583	0.947793579685158	0.0520872707690432
MA1499.2	39583	0.924610955045131	0.0710082238497525
MA0904.3	39583	0.92042843369658	0.0618908967939202
MA1500.2	39583	0.931215658777251	0.0451367859948809
MA1501.2	39583	0.903219281018031	0.0517749734967882
MA1502.2	39583	0.921168434493025	0.0557908799754234
MA1503.2	39583	0.833688962464585	0.0519331218407499
MA0905.2	39583	0.871428538997265	0.0507173539332069
MA0651.3	39583	0.772867201027255	0.0482570499221219
MA0906.2	39583	0.811867409734084	0.048455972950337
MA0907.2	39583	0.824657581429715	0.051415850154065
MA1504.2	39583	0.940007052489453	0.0598669832994581
MA1505.2	39583	0.940195548016898	0.0478377069688308
MA0485.3	39583	0.821507108051612	0.0532323942191765
MA1506.2	39583	0.810234285917446	0.0488092581090171
MA0908.2	39583	0.856455943848909	0.0503116064805249
MA0873.2	39583	0.820310020366046	0.0476023721771311
MA1958.2	39583	0.754616240545368	0.0412462876151187
MA0909.4	39583	0.880347608313163	0.0710022394304734
MA1507.2	39583	0.936182885110132	0.0652886550525562
MA0910.3	39583	0.921415839267587	0.0557801578278002
MA0913.3	39583	0.86514829187072	0.0582522719253169
MA1508.2	39583	0.888599178868173	0.049331394456179
MA1992.2	39583	0.872987875586455	0.0477366345983487
MA0050.4	39583	0.824362833751079	0.0534761739141924
MA0051.2	39583	0.792703061437377	0.0429672326144412
MA1418.2	39583	0.748865809951753	0.0439985864966351
MA1419.2	39583	0.728445386118819	0.0433992442660359
MA0772.2	39583	0.798143035856386	0.0483308781347832
MA0652.2	39583	0.744794992918084	0.0445659736338577
MA1608.2	39583	0.875638866111177	0.0557297682498247
MA0914.2	39583	0.948559216491053	0.0447890874583615
MA0654.2	39583	0.910079804665889	0.0736630785194163
MA0656.2	39583	0.78534037103369	0.0573418109288927
MA1132.2	39583	0.879106067028378	0.0476517669314074
MA1133.2	39583	0.798941521791585	0.0495878866628573
MA0493.3	39583	0.947650336001212	0.0619566983824059
MA1512.2	39583	0.89027473264521	0.0535411119873323
MA0657.2	39583	0.760752043237033	0.0410534871985371
MA1513.2	39583	0.907914801636593	0.0864691047464794
MA1514.2	39583	0.807797131509078	0.0464379873142358
MA1515.2	39583	0.938139267442696	0.0558276915745301
MA1516.2	39583	0.870143833876044	0.059882922534344
MA0039.5	39583	0.920346923307112	0.0618735112458244
MA1517.2	39583	0.909495654196747	0.0513331161116869
MA1959.2	39583	0.936701245292052	0.0649677146619716
MA1107.3	39583	0.839858299792954	0.0530093423497459
MA0618.2	39583	0.902174629388228	0.0552617839892492
MA0699.2	39583	0.924813445057965	0.0604409011110922
MA0768.3	39583	0.855851204407374	0.0529536115354489
MA1518.3	39583	0.796393347241274	0.0525153118507539
MA0700.3	39583	0.897020237245103	0.0709565007763297
MA0135.2	39583	0.83241064702266	0.0627132230698369
MA0704.2	39583	0.922271985779728	0.0546058458560983
MA1519.2	39583	0.887858347908758	0.0690182350397655
MA0658.2	39583	0.862709066564415	0.0588028351928344
MA0705.2	39583	0.931046698041214	0.0593980150732527
MA0701.3	39583	0.885425527136906	0.0633621914602521
MA0702.3	39583	0.862772146033121	0.075910031317804
MA0703.3	39583	0.828378919816492	0.0785301544767251
MA1520.2	39583	0.782538172919682	0.037806832085922
MA0501.2	39583	0.804120279620243	0.0451449386074577
MA0841.2	39583	0.793335687796477	0.053867134984239
MA1521.2	39583	0.78742296125319	0.0383828915001787
MA0117.3	39583	0.8476868461356	0.043242125588689
MA0495.4	39583	0.805807429693806	0.0481018142681023
MA0659.4	39583	0.782279165943151	0.0463180258446369
MA0089.3	39583	0.790809083581774	0.0465131949523663
MA0059.2	39583	0.826391358601416	0.0472010199892217
MA0147.4	39583	0.85620968112992	0.0558154715552288
MA1522.2	39583	0.918072521691302	0.0681984962462884
MA0029.2	39583	0.806052088125661	0.0503400714619539
MA0052.5	39583	0.842270952578376	0.0675052766753643
MA0497.2	39583	0.864597526163923	0.0576294498523015
MA0498.3	39583	0.978934050675322	0.0409348902359879
MA1639.2	39583	0.836165180996374	0.0560369679143017
MA1640.2	39583	0.833331324702792	0.0604640393737861
MA0775.2	39583	0.932238916734459	0.0460966526410498
MA0661.2	39583	0.899964469568211	0.0571922504926087
MA0706.2	39583	0.903867706211816	0.0527216696107208
MA1960.2	39583	0.818655843902531	0.0458667671118692
MA0620.4	39583	0.806485881103532	0.0522634315406236
MA0621.2	39583	0.851981093172471	0.0846763657835648
MA0662.2	39583	0.928804799877603	0.0581261271647753
MA0622.2	39583	0.854908251858963	0.0736752535326184
MA0664.2	39583	0.864580565740996	0.0512693751943048
MA0825.2	39583	0.890497312048824	0.05572062020514
MA0707.3	39583	0.945802900745661	0.05821151011341
MA1523.2	39583	0.922629206180626	0.0451962471430409
MA1524.3	39583	0.834529650424806	0.0462679815962963
MA0666.3	39583	0.917298450127045	0.0648903304891054
MA0708.3	39583	0.920751027469592	0.0617207365812051
MA0709.2	39583	0.909912598721692	0.0697147080856719
MA1108.3	39583	0.912787415675774	0.0658350648179773
MA0100.4	39583	0.906079441573502	0.0675554250975391
MA0104.5	39583	0.837290897575328	0.0557746038618935
MA1641.2	39583	0.862265941486052	0.0550636332615433
MA0499.3	39583	0.869266055441455	0.0477336370988205
MA0500.3	39583	0.883801637421267	0.0621494556604607
MA0056.3	39583	0.872435353767746	0.0489218451483905
MA1109.2	39583	0.884625315439058	0.0479507746071333
MA1993.2	39583	0.907514309939985	0.0775136121616169
MA0668.3	39583	0.882488809230712	0.0480447890006808
MA1642.2	39583	0.899639568801018	0.0535690554076236
MA0606.3	39583	0.885093832572194	0.0525718358905737
MA0624.3	39583	0.941371170664766	0.0676485582435482
MA0152.3	39583	0.87835460810789	0.0562414498211342
MA0625.3	39583	0.974518530018929	0.0340174901959255
MA1525.3	39583	0.901823771400357	0.0510403944210876
MA0150.3	39583	0.803187140986035	0.0459931246031429
MA0670.2	39583	0.892335935460509	0.0801773813410114
MA1643.2	39583	0.742256291738274	0.0446962757618827
MA0161.3	39583	0.889445298794024	0.0513858002973764
MA1527.2	39583	0.774032384641312	0.0475946560840693
MA0025.3	39583	0.834633377162404	0.0613141207335735
MA0671.2	39583	0.965652610306874	0.0296906204177578
MA1528.2	39583	0.791064412794077	0.0466763967256043
MA0778.2	39583	0.800306597118562	0.0561900857682575
MA0060.4	39583	0.869546321241346	0.0563088248469901
MA0502.3	39583	0.855911001925807	0.0531402622035404
MA1644.2	39583	0.885335847922228	0.0571122617993856
MA1529.2	39583	0.767635238663985	0.0460196303071833
MA1994.2	39583	0.883158767243415	0.0613449981394937
MA1645.2	39583	0.868134977281176	0.0460564958436196
MA0672.2	39583	0.90785903960218	0.0432869230030987
MA2003.2	39583	0.921106177755399	0.0358588177213413
MA0063.3	39583	0.889968695744811	0.0496910384009057
MA0673.2	39583	0.930451889564381	0.0332561079306103
MA0124.3	39583	0.903456722797371	0.0467758902423141
MA0122.4	39583	0.833950678561565	0.0531830491600703
MA0674.2	39583	0.913461038972054	0.0582616542939729
MA0675.2	39583	0.945258103772916	0.0545517389831449
MA1530.2	39583	0.905859024475438	0.0526150578627517
MA0125.2	39583	0.927918269315019	0.0593377836417878
MA0710.2	39583	0.91941694700219	0.0542223611776659
MA0626.2	39583	0.877417651705776	0.0512618591784275
MA1995.2	39583	0.858695665082711	0.0508964316468828
MA1531.2	39583	0.799086499265839	0.0389467687068074
MA1996.2	39583	0.923841869985419	0.0706594470286538
MA0494.2	39583	0.831990392210368	0.037236941488558
MA1110.3	39583	0.932501179492201	0.0637744006831841
MA1146.2	39583	0.789381818972281	0.0355766890585355
MA1533.2	39583	0.813036771397865	0.0327269915070058
MA1534.2	39583	0.895903959608801	0.0478368546291518
MA1535.2	39583	0.965971506883974	0.0496432032858546
MA0504.2	39583	0.843097377423635	0.0354468731173056
MA1536.2	39583	0.979812074941288	0.0267408658641554
MA0164.2	39583	0.878233426345352	0.0696220432659604
MA0017.3	39583	0.856643276386006	0.0512550276564607
MA1537.2	39583	0.780567710688703	0.0408995989876608
MA1111.2	39583	0.896570025957695	0.0547659690108552
MA0677.2	39583	0.771619113910642	0.0423695448222953
MA0113.4	39583	0.757941106081132	0.0448518791969415
MA0727.2	39583	0.758868905869592	0.0449590040727852
MA1112.3	39583	0.872211922451708	0.0520190371725115
MA0160.3	39583	0.891872845997059	0.04577870230578
MA1147.2	39583	0.803635079142821	0.0358178523765048
MA1540.3	39583	0.788697411697597	0.0491322271157823
MA0505.3	39583	0.841243420145876	0.0513845403210756
MA1541.2	39583	0.791224870354969	0.040642240027052
MA0506.3	39583	0.803799313535787	0.0717294740907105
MA0842.3	39583	0.822032589828217	0.044199639398952
MA1997.2	39583	0.910706137123283	0.0751461723550224
MA0679.3	39583	0.819571948610064	0.0678192091405706
MA0757.2	39583	0.783398975942041	0.0641487472437774
MA1542.2	39583	0.873501517745442	0.0435706288100073
MA1646.2	39583	0.881220422872244	0.0489320586853468
MA0711.2	39583	0.932558133194558	0.0607587135127001
MA0712.3	39583	0.90802700895922	0.0676312604907257
MA1544.2	39583	0.794665045215612	0.0491331367832303
MA1545.2	39583	0.843829691945544	0.0489643331335981
MA1961.2	39583	0.90892899465177	0.0680577741405451
MA0067.3	39583	0.789471012032538	0.0325500995511136
MA1546.2	39583	0.779459088339181	0.0351187028283723
MA0680.3	39583	0.787360640729428	0.06940985881673
MA0070.2	39583	0.841738277171177	0.0484897733491446
MA1113.3	39583	0.82900869873013	0.0620594476678109
MA1114.2	39583	0.802994425153295	0.0484520688618278
MA0132.3	39583	0.930640695204742	0.0668852857093702
MA0681.3	39583	0.776715466439264	0.0715412830706405
MA0714.2	39583	0.932895541131644	0.0585728606727736
MA0782.3	39583	0.820776537984344	0.0521625712110108
MA1615.2	39583	0.880483437579192	0.0568638098992157
MA1548.2	39583	0.884245586334017	0.0644501710425815
MA0784.3	39583	0.75891354761722	0.0577725954735249
MA0785.2	39583	0.850702489894947	0.0597512615874248
MA0507.3	39583	0.77285540523527	0.060750144591495
MA0627.3	39583	0.833748692184052	0.0627154723502356
MA0786.2	39583	0.845411770609732	0.0618012760291168
MA0790.2	39583	0.80182234261966	0.0665752783002747
MA0683.2	39583	0.736617118685117	0.057834195770295
MA0791.2	39583	0.796382610258263	0.067198017325817
MA1115.2	39583	0.896195358237173	0.0611000585531001
MA0628.2	39583	0.875483262179066	0.0781013855182458
MA1549.2	39583	0.894678553401162	0.0543328463113652
MA0793.2	39583	0.847294509682769	0.0571004065895418
MA1148.2	39583	0.783861278310601	0.0339716257482252
MA1550.2	39583	0.782588168844724	0.0395782429409138
MA0066.2	39583	0.766827121998828	0.0317627268883499
MA0065.3	39583	0.851134298279859	0.0360174238128406
MA0508.4	39583	0.91043837466949	0.0576138293095896
MA1998.2	39583	0.857245999432561	0.05157792610746
MA1616.2	39583	0.815780501352406	0.043601875175795
MA1647.3	39583	0.827023827450818	0.0445975398910566
MA1999.2	39583	0.814946782052023	0.0425571413541621
MA1723.2	39583	0.842365158093042	0.0408220049515882
MA0716.2	39583	0.9277749658935	0.063947867695783
MA0075.4	39583	0.873280714664684	0.0722377569909811
MA1618.2	39583	0.860731328683215	0.0494659283002318
MA1619.2	39583	0.873181825287619	0.0552587580336392
MA1620.2	39583	0.887261661685291	0.0538734697961927
MA1149.2	39583	0.813024511959902	0.0357801153185786
MA1552.2	39583	0.786552459226275	0.0380990357044215
MA0859.2	39583	0.744591350677647	0.0492138857221225
MA1553.2	39583	0.775180617778736	0.0396273019502157
MA0718.2	39583	0.930888236775305	0.062960252906075
MA0717.2	39583	0.929285411116947	0.0618575102913342
MA1116.2	39583	0.946520449277481	0.0657463248596177
MA1117.2	39583	0.891385684264421	0.0473552014750692
MA0138.3	39583	0.715779590763305	0.039481607924199
MA0600.3	39583	0.751748924067336	0.0484560843140491
MA0799.3	39583	0.745277751866927	0.047880485335679
MA0510.3	39583	0.74082235959451	0.0488740887367402
MA1724.2	39583	0.838462460661022	0.0465127225961955
MA1554.2	39583	0.912752428258635	0.0338932858456703
MA0629.2	39583	0.876354037611314	0.0427725916021686
MA0719.2	39583	0.981545744222078	0.0230589027087442
MA0072.2	39583	0.815253498533534	0.0486264370766538
MA1150.2	39583	0.863986849676693	0.0416806187476962
MA1151.2	39583	0.875351069680152	0.0393145735643725
MA0073.2	39583	0.819967652179394	0.0438722515491908
MA0002.3	39583	0.893445809335495	0.0406744250855443
MA0684.3	39583	0.879968012108819	0.0511419173501619
MA1963.2	39583	0.85816211363681	0.0688071748175913
MA0743.3	39583	0.825058555797617	0.0460901968519662
MA0744.3	39583	0.82329987050647	0.0459313604029312
MA0630.2	39583	0.933210010661535	0.063397945357807
MA0720.2	39583	0.923549161714219	0.0671474301332244
MA1118.2	39583	0.846959580783342	0.0486044817409363
MA1119.2	39583	0.802897826248996	0.0473306184856956
MA0631.2	39583	0.796051929603029	0.0456883972876685
MA2001.2	39583	0.88886239222518	0.0524150635623509
MA1964.2	39583	0.933431811390593	0.062746706570009
MA1153.2	39583	0.905587724657512	0.0624281263723606
MA1558.2	39583	0.930746870553129	0.054625313757499
MA0745.3	39583	0.884236799182508	0.0554785766959777
MA1559.2	39583	0.880152234341521	0.0518618099356021
MA1560.2	39583	0.841493907044188	0.0550305982871311
MA0442.3	39583	0.924983098196735	0.0699576050474818
MA0869.3	39583	0.879315870836651	0.0491595878673648
MA1561.2	39583	0.801249867225971	0.0445068682610187
MA1120.2	39583	0.8887053354489	0.0587027363886366
MA1562.2	39583	0.824573953116285	0.0487272322515755
MA1152.2	39583	0.948557122363749	0.0442500041767048
MA0078.3	39583	0.825075362008879	0.0495616992817361
MA0514.3	39583	0.890638672477048	0.0556443880142632
MA0867.3	39583	0.916347309296891	0.0499707475714884
MA0087.3	39583	0.868428138301643	0.0496250781925712
MA0868.3	39583	0.915738327731898	0.0545432330301614
MA0077.2	39583	0.885339562826678	0.047260659721438
MA0746.3	39583	0.874237374834603	0.0593252272308432
MA1965.2	39583	0.974585560638218	0.0574541077405984
MA0747.2	39583	0.895623107737455	0.0458853678933534
MA1564.2	39583	0.89886974864982	0.0591590715554638
MA0080.7	39583	0.807120082473807	0.0450693068936379
MA0081.3	39583	0.817570071305452	0.043477438482654
MA0687.2	39583	0.836453989588519	0.039790442089588
MA0829.3	39583	0.820806227169557	0.0550581500522596
MA0084.2	39583	0.942052100667896	0.0454936296389706
MA0137.4	39583	0.879761320798215	0.0501967683804593
MA0517.2	39583	0.835427423364056	0.0459138598473883
MA1623.2	39583	0.852104604405858	0.0589760786984783
MA0144.3	39583	0.899461319626269	0.0437654475702906
MA0518.2	39583	0.884757388109636	0.0464489845167948
MA1624.2	39583	0.851319306723532	0.0529997055026487
MA0519.2	39583	0.895935095765194	0.0447385387610859
MA1625.2	39583	0.8481358160525	0.0553696793805005
MA0520.2	39583	0.870569552091674	0.0495561021825393
MA0091.2	39583	0.854822989366778	0.0447518988264147
MA0108.3	39583	0.922235948209228	0.0628869913631027
MA0802.2	39583	0.853022923288131	0.0461548073793994
MA1565.2	39583	0.86932593550949	0.0457024170259194
MA0804.2	39583	0.730120287340957	0.0396812456493346
MA0688.2	39583	0.876394205216043	0.0428178616048215
MA1567.3	39583	0.858753718187721	0.0460851139984143
MA0521.3	39583	0.914500760990345	0.0718680524075137
MA1648.2	39583	0.914045193632582	0.0529837091290039
MA0832.2	39583	0.789864031353145	0.0501124471811289
MA1568.2	39583	0.849650720530432	0.0383512028958035
MA0830.3	39583	0.89785756501184	0.052033792642867
MA0769.3	39583	0.895742399010425	0.0599949166298954
MA0523.2	39583	0.879323942167833	0.0471402509846962
MA0632.3	39583	0.880534024201814	0.0626855622859343
MA0090.4	39583	0.84244492259241	0.050999104203234
MA1121.2	39583	0.889916924572281	0.0518000365929266
MA0809.3	39583	0.868274131928567	0.051505101808237
MA0810.2	39583	0.90575901162551	0.0473019368882137
MA0003.5	39583	0.872127991715486	0.0551211276129881
MA0811.2	39583	0.890129996780124	0.0468317208749064
MA0812.2	39583	0.89022431504109	0.0542117641766301
MA0524.3	39583	0.887220495146644	0.0468596674955608
MA0814.3	39583	0.875914709539306	0.053907537881265
MA1569.2	39583	0.914151581990097	0.059343233856364
MA1966.2	39583	0.818645109488395	0.0419483257586584
MA1967.2	39583	0.755246698951294	0.0430417057310482
MA1968.2	39583	0.840032166250136	0.0440630313721368
MA1122.2	39583	0.882014867889816	0.0594424691424745
MA0692.2	39583	0.876453650659005	0.0495154065438752
MA0871.3	39583	0.837357588025705	0.0572201155875853
MA0597.3	39583	0.898406712566398	0.0523637490499873
MA1969.2	39583	0.764681220184975	0.0421748293176835
MA1574.2	39583	0.825213425450104	0.0355908081243651
MA1575.2	39583	0.768736373052863	0.0402493087358166
MA1576.2	39583	0.763643789416948	0.0360895837428497
MA1577.2	39583	0.920307802506636	0.0803429541117746
MA0861.2	39583	0.766622472363008	0.0401162896450172
MA1970.2	39583	0.852537890507048	0.0573205260851453
MA1123.3	39583	0.872739958854305	0.0495337308970369
MA0633.3	39583	0.907800636118091	0.0772238089243815
MA0721.2	39583	0.926533218266605	0.0625289098104103
MA0093.4	39583	0.812508206367925	0.050600257432523
MA0526.5	39583	0.791780504421927	0.0548531473519363
MA0722.2	39583	0.910349611951255	0.0555744788929851
MA0723.3	39583	0.950655453003683	0.0432488730453975
MA0693.4	39583	0.896553156889497	0.0563810505577625
MA1578.2	39583	0.937163005120119	0.0631500966224336
MA0725.2	39583	0.888470600618943	0.0642664607356641
MA0726.2	39583	0.87954255120523	0.0658948487052434
MA1627.2	39583	0.8706992230936	0.0555520319573171
MA0844.2	39583	0.800989247106673	0.0437059164238461
MA0095.4	39583	0.877637400762955	0.0563398799572932
MA0748.3	39583	0.883036319966398	0.0542427966955346
MA0749.2	39583	0.731887816924619	0.0406054394358385
MA1971.2	39583	0.871913057214474	0.0475274414611174
MA1649.2	39583	0.897436148476184	0.0541717506986623
MA1650.2	39583	0.863224002342078	0.0648544243862515
MA0698.2	39583	0.828756884342271	0.0467186805250448
MA1579.2	39583	0.894989111882785	0.0535863012981367
MA0527.2	39583	0.805467789478539	0.0554759724521455
MA1581.2	39583	0.873817865645109	0.0513793810015963
MA0750.3	39583	0.864808849919169	0.0537339239822386
MA0694.2	39583	0.842191853472191	0.0470440504079659
MA0695.2	39583	0.898488517490667	0.0428353196355519
MA0103.4	39583	0.945673003524739	0.0643849208512222
MA2002.2	39583	0.930006730921984	0.0447142209755152
MA1651.2	39583	0.780641949289319	0.0502825505263946
MA1583.2	39583	0.874920272977975	0.0535490578759477
MA0146.3	39583	0.906359868603668	0.0578302761234336
MA1628.2	39583	0.916771686813839	0.0551289023257219
MA1629.2	39583	0.865545024416444	0.0509825609719089
MA0697.3	39583	0.908900343483079	0.0592845585589422
MA0751.2	39583	0.822890231975398	0.0419792351179281
MA1584.2	39583	0.789240918201258	0.0448771420918054
MA1709.2	39583	0.827744321914026	0.0506759522992229
MA1585.2	39583	0.830384019826846	0.0528469896385817
MA1973.2	39583	0.765903201890016	0.0426060835719554
MA1652.2	39583	0.877964429166891	0.0504695121909868
MA1589.2	39583	0.724093790537088	0.037121951869771
MA1653.2	39583	0.882485065142547	0.0704796049736864
MA1654.2	39583	0.729081174457051	0.0345010934697637
MA1725.2	39583	0.85264934108428	0.0487301555041188
MA1974.2	39583	0.791153580868586	0.0584034287089069
MA1975.2	39583	0.806875242122834	0.0380683895527497
MA1710.2	39583	0.915458566241555	0.0430611643250721
MA0528.3	39583	0.927370332327802	0.0636130252783989
MA1592.2	39583	0.815103896829161	0.039256790833284
MA1630.3	39583	0.889245085927779	0.068364010966627
MA1154.2	39583	0.773946342279565	0.0381925011050572
MA1593.2	39583	0.868915737483423	0.0523969125815616
MA1976.2	39583	0.777857846514957	0.0432449484042433
MA1977.2	39583	0.808793565075576	0.0361779836768735
MA1726.2	39583	0.841104949759335	0.0510242231563789
MA1655.2	39583	0.87331083148417	0.0482175404618995
MA1711.2	39583	0.764794652153291	0.0414641032862384
MA1978.2	39583	0.776035946261256	0.0494981905943545
MA1125.2	39583	0.907048023231447	0.0900181258703599
MA0752.2	39583	0.714325844092457	0.0432926235296277
MA1979.2	39583	0.849740400350474	0.0449489799042772
MA1727.2	39583	0.874933360994658	0.0633880745649535
MA1656.2	39583	0.839649211513454	0.0461014775838739
MA1712.2	39583	0.814576287381338	0.0518282573634722
MA1981.2	39583	0.833130391751253	0.0478504346821209
MA1728.2	39583	0.887284189317501	0.0523082639898067
MA1982.2	39583	0.811721759038511	0.0430452269633889
MA1983.2	39583	0.698679755796174	0.0367551546853565
MA1713.2	39583	0.837974452105475	0.0694304200976274
MA1657.2	39583	0.828078698051111	0.0571297186954867
MA1984.2	39583	0.82998402010761	0.0391908380512725
MA1714.2	39583	0.768396538621338	0.0335367430378281
MA1729.2	39583	0.817686414094847	0.0441857493947809
MA1599.2	39583	0.815338709633215	0.0539241301321507
MA1600.2	39583	0.767005389617886	0.038516749902672
MA1986.2	39583	0.897212895274123	0.0631614996715813
MA1987.2	39583	0.813474436221146	0.0357890003061217
MA1730.2	39583	0.854999649357015	0.0487407561031842
MA0753.3	39583	0.848105479701253	0.0579186623736626
MA1716.2	39583	0.773014869423932	0.0396232106925592
MA1731.2	39583	0.893867057896899	0.0467660039310597
MA1717.2	39583	0.853784700757975	0.0470797626135618
MA1719.2	39583	0.775632273965401	0.0453207781331164
MA1720.2	39583	0.804574050209232	0.0452669492684478
MA1721.2	39583	0.809464503270984	0.0678929031241018
MA1602.2	39583	0.811239410366793	0.0417992170174112
MA1722.2	39583	0.729349895412528	0.0343167353443457
