[SHORT TFBS MATRIX]
MA0004.1	33374	0.884269965394291	0.0670464226801965
MA0006.1	33374	0.932917178200252	0.0548450750610208
MA0019.1	33374	0.85069156584813	0.0370700295033782
MA0029.1	33374	0.796072275849999	0.0448303877465416
MA0030.1	33374	0.824480632549339	0.0462056318050097
MA0031.1	33374	0.885934178955196	0.051983261333028
MA0040.1	33374	0.85986071154496	0.0484549755040912
MA0051.1	33374	0.78592752496942	0.039206611485264
MA0059.1	33374	0.824288836501545	0.0481199764142125
MA0066.1	33374	0.764970639855083	0.0309390746852609
MA0069.1	33374	0.795401018554217	0.035094140509714
MA0070.1	33374	0.826698204818812	0.0434284585972388
MA0071.1	33374	0.866637120809268	0.0494574521967946
MA0072.1	33374	0.806053832115106	0.0451497743734094
MA0073.1	33374	0.828992256215017	0.047997734798927
MA0074.1	33374	0.782722347615744	0.0372293440067944
MA0077.1	33374	0.883342958288051	0.0422846587527325
MA0084.1	33374	0.921905156258281	0.0387578790298094
MA0091.1	33374	0.84910830957973	0.0433179412357543
MA0092.1	33374	0.908052121539087	0.033153068257028
MA0101.1	33374	0.890485514483218	0.038936476392176
MA0107.1	33374	0.849485228555216	0.0472235716492338
MA0108.2	33374	0.861248161105303	0.0408542660418309
MA0111.1	33374	0.883858874370431	0.0287243743457023
MA0115.1	33374	0.709425669047512	0.0425666276699045
MA0116.1	33374	0.842584868982366	0.0400057123597198
MA0119.1	33374	0.760904611752909	0.0468732384762512
MA0125.1	33374	0.903536516743083	0.0491895118296257
MA0130.1	33374	0.982444491795981	0.0243656538915312
MA0135.1	33374	0.831787393760547	0.0528593385097321
MA0139.1	33374	0.793436580659393	0.0421780743381693
MA0142.1	33374	0.792910108086207	0.0433102075447514
MA0149.1	33374	0.716731494744295	0.0586473200711463
MA0138.2	33374	0.707395423929796	0.0379013733998973
MA0002.2	33374	0.883364399520853	0.0379758919999998
MA0065.2	33374	0.830533832124056	0.0342871714766096
MA0151.1	33374	0.959563722443564	0.0564719141912856
MA0155.1	33374	0.868175018005375	0.0374017328692798
MA0159.1	33374	0.81680543033561	0.0322900029078141
MA0163.1	33374	0.808962684316819	0.04545642303565
MA0164.1	33374	0.880370138282323	0.0611057651368588
MA0259.1	33374	0.907300793794737	0.055111750699896
MA0145.2	33374	0.851853799492283	0.0368599422696147
MA0146.2	33374	0.856572553602756	0.0547738499955003
MA0468.1	33374	0.843329321398535	0.0458623857728652
MA0476.1	33374	0.861130659245585	0.0507429335188027
MA0478.1	33374	0.858676336242802	0.0495145776150474
MA0479.1	33374	0.863850058961797	0.0460110085503868
MA0483.1	33374	0.871603184426113	0.0411933826068496
MA0488.1	33374	0.827390409472538	0.0474507121256648
MA0492.1	33374	0.827355650391339	0.0462854970847126
MA0494.1	33374	0.815933404538279	0.0305124146356821
MA0497.1	33374	0.848859515111086	0.044259436299947
MA0501.1	33374	0.779935127265927	0.0431563332888677
MA0504.1	33374	0.839229527344119	0.035341557148182
MA0515.1	33374	0.902640943537231	0.0431179412609458
MA0517.1	33374	0.821384559175501	0.0424924330906977
MA0518.1	33374	0.865973581630416	0.0415509951882312
MA0519.1	33374	0.882730976867244	0.0425301334103848
MA0520.1	33374	0.849274045628051	0.0429992133474269
MA0523.1	33374	0.853909543321543	0.0393073327385051
MA0527.1	33374	0.779708533190721	0.0490680720362942
MA0076.2	33374	0.867871551877909	0.0486718293440131
MA0258.2	33374	0.825930494574539	0.0381397176538537
MA0150.2	33374	0.77666588771917	0.0423010379651715
MA0137.3	33374	0.864314941790496	0.0459155376180728
MA0144.2	33374	0.890570372237833	0.0416207959761266
MA0140.2	33374	0.800658042292907	0.0420434530978601
MA0591.1	33374	0.790639401482923	0.042104626477537
MA0593.1	33374	0.87854251349865	0.0490388079794939
MA0595.1	33374	0.873381060267605	0.0417644265837248
MA0596.1	33374	0.859099196451068	0.0429335120247779
MA0599.1	33374	0.940120265518174	0.0518645703802614
MA0601.1	33374	0.86206244712711	0.0594842550087388
MA0602.1	33374	0.833170432992137	0.0530520134751055
MA0603.1	33374	0.842391439782647	0.0545158732973483
MA0604.1	33374	0.85994209856182	0.0515164936315585
MA0608.1	33374	0.854248355806457	0.0486703853108788
MA0610.1	33374	0.84115811308522	0.0515228099692919
MA0613.1	33374	0.883519013127449	0.0589792799207164
MA0614.1	33374	0.907777999965143	0.0509439250373427
MA0615.1	33374	0.829171745275264	0.040589995987632
MA0618.1	33374	0.894977552970769	0.0504984454216145
MA0619.1	33374	0.912635091140669	0.0599535077774087
MA0621.1	33374	0.831843937874289	0.0702636131301209
MA0622.1	33374	0.855800025266725	0.0607025855718886
MA0626.1	33374	0.875455665329358	0.0478110027935744
MA0628.1	33374	0.830988358165197	0.0617746380512944
MA0629.1	33374	0.8254858032875	0.0350535264467856
MA0630.1	33374	0.911020525947608	0.0553721144565958
MA0631.1	33374	0.765537903898595	0.0401699983849727
MA0634.1	33374	0.880903049273463	0.0504701189318857
MA0007.3	33374	0.753404106614343	0.041118899760857
MA0635.1	33374	0.901194517878376	0.0369043580614942
MA0636.1	33374	0.79628037873145	0.0534298261426048
MA0638.1	33374	0.779130813838993	0.0414384630652447
MA0639.1	33374	0.823397270581913	0.0492530483457267
MA0641.1	33374	0.799169020668055	0.0486871851000718
MA0027.2	33374	0.910597792002302	0.0492910366061072
MA0643.1	33374	0.8561395374632	0.0477323055170325
MA0645.1	33374	0.869620655726529	0.0475088256619918
MA0475.2	33374	0.849916610868108	0.0479205412026298
MA0042.2	33374	0.900661281483861	0.052667972062953
MA0033.2	33374	0.935027758463564	0.0497691511517668
MA0646.1	33374	0.823475391037385	0.0387668485559366
MA0647.1	33374	0.790946643195026	0.0457500538956313
MA0648.1	33374	0.874345401902344	0.0482277518564763
MA0649.1	33374	0.832704537267186	0.0507983605910631
MA0131.2	33374	0.8217636445901	0.0498076927708341
MA0046.2	33374	0.784931271916825	0.0531268640626507
MA0153.2	33374	0.774932258523956	0.0534496720173744
MA0486.2	33374	0.779258092294102	0.0499676367007734
MA0652.1	33374	0.745870497560663	0.0418227151841778
MA0653.1	33374	0.724057887101541	0.0431097814450668
MA0654.1	33374	0.896103116962887	0.0636598736398015
MA0655.1	33374	0.814021759899701	0.0540985258086252
MA0656.1	33374	0.768343989136293	0.0558528604147014
MA0657.1	33374	0.75501709239241	0.0421140191887839
MA0658.1	33374	0.851988459978813	0.0510621881567285
MA0660.1	33374	0.796123205339561	0.0524635138465487
MA0661.1	33374	0.878957526633729	0.0486128888376976
MA0662.1	33374	0.904037990949003	0.050213332316929
MA0663.1	33374	0.797582120669044	0.0511218579906785
MA0664.1	33374	0.82366452631351	0.0495989990455971
MA0665.1	33374	0.839538247702589	0.042907352474048
MA0667.1	33374	0.82887861652056	0.0468870320168883
MA0669.1	33374	0.831709681882552	0.044867347309814
MA0670.1	33374	0.880640246500086	0.0665979618981373
MA0671.1	33374	0.950874960039572	0.0290088656613132
MA0048.2	33374	0.846615640102328	0.0492522166159046
MA0672.1	33374	0.897023594971464	0.0412714689767451
MA0673.1	33374	0.922201881033617	0.0333671935230327
MA0674.1	33374	0.91396304380749	0.0507480325595676
MA0675.1	33374	0.922490776761044	0.0498623433114334
MA0676.1	33374	0.879166529851435	0.0447830242409569
MA0677.1	33374	0.77495665166372	0.0430168471915839
MA0678.1	33374	0.836460945121304	0.0459945760497115
MA0068.2	33374	0.86398551495882	0.0529035866699099
MA0683.1	33374	0.735982014657889	0.0509565664859597
MA0512.2	33374	0.755608914761288	0.0446152464739892
MA0686.1	33374	0.822684262496832	0.0428094864321411
MA0687.1	33374	0.832560263315972	0.0375822650427096
MA0083.3	33374	0.720620466002457	0.0440788755825917
MA0009.2	33374	0.733303663095963	0.0402120337364753
MA0688.1	33374	0.851084881706519	0.0401501631441777
MA0689.1	33374	0.833439182873419	0.0408495393964463
MA0691.1	33374	0.830382658877929	0.0512307021972862
MA0692.1	33374	0.848950474722965	0.0482954997564669
MA0694.1	33374	0.81163492273992	0.0426794538968524
MA0695.1	33374	0.837553933127285	0.0383403240832345
MA0696.1	33374	0.782150004425066	0.0435474676541628
MA0698.1	33374	0.828793035798851	0.0447741565069594
MA0699.1	33374	0.88845160531494	0.0473766486064551
MA0704.1	33374	0.899791477395766	0.0486876502776603
MA0705.1	33374	0.906221351573211	0.0491452845756398
MA0706.1	33374	0.886619109541254	0.0469894220095741
MA0709.1	33374	0.896631202040695	0.0604085127245954
MA0710.1	33374	0.895327209550502	0.0471621249337482
MA0124.2	33374	0.86952687429385	0.0446264282196667
MA0711.1	33374	0.899495222706577	0.052100839163292
MA0132.2	33374	0.917459587588741	0.0571450884150915
MA0713.1	33374	0.826092046440817	0.0542836395411791
MA0714.1	33374	0.8948453185856	0.0501932071422354
MA0715.1	33374	0.803860506470515	0.0599645299736774
MA0716.1	33374	0.903488765815434	0.0573044271120679
MA0717.1	33374	0.907497402881447	0.0536041826181161
MA0718.1	33374	0.885802400830371	0.0522280618936528
MA0719.1	33374	0.970528683793228	0.0232138317364061
MA0720.1	33374	0.90406449388689	0.0578185514276061
MA0721.1	33374	0.906236017871222	0.0547708969489621
MA0722.1	33374	0.905148888707156	0.0496017867423912
MA0724.1	33374	0.867040814983702	0.0496096505985403
MA0725.1	33374	0.889768679292322	0.0583329263617341
MA0726.1	33374	0.874652330305764	0.059849428306453
MA0112.3	33374	0.73890091549063	0.0411746173264435
MA0141.3	33374	0.816365216848359	0.0520449459057473
MA0017.2	33374	0.839245432954687	0.0474171900200427
MA0113.3	33374	0.759089959677972	0.0428711554343489
MA0727.1	33374	0.755001905781391	0.042944163345808
MA0728.1	33374	0.74262412818713	0.04481495873077
MA0729.1	33374	0.725054972786721	0.0409008049013678
MA0730.1	33374	0.737008750176892	0.0395882282173254
MA0731.1	33374	0.70556429987453	0.0415664898837318
MA0472.2	33374	0.816772081903608	0.048192593094722
MA0732.1	33374	0.790846149010277	0.0544808297062942
MA0733.1	33374	0.793111127594607	0.0441943635021461
MA0735.1	33374	0.714676791590817	0.040792329239086
MA0736.1	33374	0.795982429672758	0.0408172730161986
MA0737.1	33374	0.757328942589786	0.0382970182404316
MA0738.1	33374	0.922983159183979	0.0349313991874021
MA0739.1	33374	0.888652350076355	0.0398887833715072
MA0741.1	33374	0.887106166558723	0.058058459131162
MA0747.1	33374	0.885619132798663	0.046971336325787
MA0749.1	33374	0.726365094225549	0.0393522804367341
MA0751.1	33374	0.812865028356749	0.0400240320272518
MA0088.2	33374	0.771688915830818	0.0402694596325823
MA0752.1	33374	0.715448581204038	0.0422706583472669
MA0755.1	33374	0.810533816963375	0.0530271698131018
MA0757.1	33374	0.78362481732633	0.05669546288196
MA0758.1	33374	0.717298142015276	0.0452923537158787
MA0760.1	33374	0.851055098054311	0.0456994357393766
MA0098.3	33374	0.866577611075831	0.0454965320500855
MA0762.1	33374	0.83047736003651	0.0440176357701399
MA0763.1	33374	0.854748987331701	0.0427728760805824
MA0767.1	33374	0.853996650876843	0.0385037243392421
MA0770.1	33374	0.792853048525026	0.0483028043137308
MA0771.1	33374	0.81678548540673	0.0453719706365398
MA0772.1	33374	0.799245876605426	0.0430008810975767
MA0773.1	33374	0.808922358187286	0.0536064106936066
MA0498.2	33374	0.964466957919305	0.036373643840038
MA0774.1	33374	0.900014564842979	0.0491933060874746
MA0775.1	33374	0.923526973899152	0.0424861869141457
MA0776.1	33374	0.773408989922586	0.0410652782505615
MA0777.1	33374	0.738639220209599	0.0383712362726951
MA0105.4	33374	0.73577098976093	0.0500031828986175
MA0778.1	33374	0.769409934446957	0.0507239487353524
MA0779.1	33374	0.764306730437508	0.0326222236733832
MA0780.1	33374	0.786819902192508	0.059987208662244
MA0781.1	33374	0.73889998352918	0.0348846429861536
MA0783.1	33374	0.758378890477819	0.0482483155952069
MA0785.1	33374	0.832332016523703	0.0520312255834172
MA0786.1	33374	0.832968181670028	0.0545113120862989
MA0787.1	33374	0.821351767171368	0.0546533334784251
MA0788.1	33374	0.815083314613382	0.0524719022193462
MA0789.1	33374	0.847343149160278	0.0586668983822456
MA0790.1	33374	0.786524539374673	0.0564292901523722
MA0791.1	33374	0.764277850035062	0.0546270733182728
MA0792.1	33374	0.866948292500217	0.0534577618763071
MA0793.1	33374	0.848164768525106	0.0531445258706996
MA0794.1	33374	0.785556827500316	0.040539597293252
MA0600.2	33374	0.74607050024472	0.047529303158678
MA0795.1	33374	0.792908353326252	0.0473812403484117
MA0796.1	33374	0.734956398141339	0.0510422780445469
MA0797.1	33374	0.765775491135925	0.0472965336507644
MA0510.2	33374	0.738587037791744	0.0479262699846333
MA0511.2	33374	0.860238212872998	0.0441984742880226
MA0800.1	33374	0.81876269167574	0.0422068926040023
MA0801.1	33374	0.885247676105987	0.0453324966619853
MA0802.1	33374	0.835988930274798	0.0448217580839933
MA0803.1	33374	0.865804673413726	0.0502665839497305
MA0804.1	33374	0.71621020234482	0.0379764627344925
MA0805.1	33374	0.866917186166422	0.0502326580850068
MA0806.1	33374	0.892321743853211	0.0434389084166764
MA0807.1	33374	0.89976096288438	0.0408897376659526
MA0808.1	33374	0.908299896816878	0.0480571197851998
MA0810.1	33374	0.87963617046023	0.0444177809492347
MA0811.1	33374	0.866186331796308	0.0435074991036602
MA0812.1	33374	0.86226886719342	0.0500898807542729
MA0813.1	33374	0.824798707799188	0.0514790231085979
MA0524.2	33374	0.862369165653739	0.0432775856967299
MA0815.1	33374	0.816358840497754	0.0536335815172544
MA0816.1	33374	0.861842156043072	0.0472901176000902
MA0461.2	33374	0.862604805166838	0.0432953598394927
MA0464.2	33374	0.833184328381678	0.0555617295277242
MA0817.1	33374	0.808091395835414	0.0488302841171751
MA0820.1	33374	0.892417695263938	0.0435261482381546
MA0822.1	33374	0.744180779645837	0.0507630610276576
MA0823.1	33374	0.824081235553079	0.0557885715045894
MA0058.3	33374	0.853947268575767	0.0528015999221892
MA0825.1	33374	0.862431432521229	0.0505012614579029
MA0826.1	33374	0.820175476427201	0.0487982466317778
MA0827.1	33374	0.857402841733102	0.0414903245152886
MA0832.1	33374	0.770408812508031	0.0458914090993871
MA0834.1	33374	0.75801571318741	0.0541738405330382
MA0838.1	33374	0.804892911479679	0.0438242158975576
MA0839.1	33374	0.755116778762373	0.0403973923410105
MA0840.1	33374	0.78943639808325	0.054966059362191
MA0117.2	33374	0.845429517122895	0.0405378346361449
MA0841.1	33374	0.793840587688046	0.0506673557387672
MA0843.1	33374	0.81302948564622	0.0476742714384196
MA0844.1	33374	0.774998889036774	0.0398854142877393
MA0845.1	33374	0.852833381705183	0.0522627196927509
MA0032.2	33374	0.880784247522732	0.0496382151873883
MA0846.1	33374	0.876742483227876	0.0509176593597508
MA0848.1	33374	0.918458509291716	0.0483648321759527
MA0849.1	33374	0.904488941668083	0.0525457656554834
MA0850.1	33374	0.946047586846229	0.033888250953271
MA0851.1	33374	0.836502849116049	0.050093455034932
MA0853.1	33374	0.783445085368359	0.0467426765900603
MA0854.1	33374	0.788392782960447	0.048451525830752
MA0855.1	33374	0.75241857768213	0.0447532260586098
MA0856.1	33374	0.762917431959489	0.0439012165638034
MA0857.1	33374	0.71856276210679	0.0447978573456295
MA0858.1	33374	0.732262657853497	0.0408121877425308
MA0859.1	33374	0.736297215209717	0.0444767083657567
MA0860.1	33374	0.722127175474373	0.0410740820381677
MA0525.2	33374	0.726392308168941	0.0366636897897975
MA0106.3	33374	0.734802577810556	0.0363347499916276
MA0861.1	33374	0.770502499201125	0.0380000306687247
MA0862.1	33374	0.838978869022139	0.0461541746045482
MA0863.1	33374	0.747018594084953	0.0384535397714755
MA0024.3	33374	0.780708201018914	0.043097021365633
MA0866.1	33374	0.736793004255303	0.0471952170802215
MA0870.1	33374	0.737732955440409	0.0468641986629315
MA0872.1	33374	0.81109960584715	0.0548825490624606
MA0028.2	33374	0.823336093660835	0.0554583450851554
MA0873.1	33374	0.821706288219877	0.0428528037743164
MA0874.1	33374	0.775989581122757	0.0461015348791112
MA0875.1	33374	0.92817924902744	0.0473395636880521
MA0876.1	33374	0.932983226108351	0.0439195330025595
MA0880.1	33374	0.917783171369376	0.0543299222309067
MA0881.1	33374	0.91711360619574	0.0524519663685565
MA0882.1	33374	0.916862011897212	0.0532619029142809
MA0883.1	33374	0.820884106209455	0.0397010846232557
MA0886.1	33374	0.872183956101184	0.0520684676234784
MA0887.1	33374	0.892141717257731	0.0419429562561007
MA0888.1	33374	0.890505379095426	0.0428346608804875
MA0889.1	33374	0.861766404323533	0.052707540078048
MA0890.1	33374	0.879192945917451	0.0560931141775653
MA0891.1	33374	0.887398864218023	0.0436117853486214
MA0892.1	33374	0.906617292354871	0.0404248635279068
MA0894.1	33374	0.876394540531923	0.0568060189906197
MA0895.1	33374	0.873712927422459	0.0420425654079712
MA0896.1	33374	0.795056999045516	0.0402863404642039
MA0897.1	33374	0.778491973449249	0.0427484510582197
MA0898.1	33374	0.77647751206478	0.0427768673768941
MA0899.1	33374	0.875144620653558	0.0485268113749358
MA0903.1	33374	0.91700861900962	0.0454987883373537
MA0905.1	33374	0.872710449533264	0.0454870104057083
MA0906.1	33374	0.815732849936047	0.0433906752476545
MA0907.1	33374	0.820039548738898	0.0460747073951949
MA0908.1	33374	0.856757197041941	0.0446991794447462
MA0911.1	33374	0.83575240716297	0.0404688856234233
MA0914.1	33374	0.903480353925708	0.0416689184655873
MA0852.2	33374	0.837258854057533	0.0446805866930014
MA0036.3	33374	0.86843743951701	0.0520287158174005
MA1106.1	33374	0.851899686920226	0.0553866205842716
MA0147.3	33374	0.829097243869878	0.0523676709610305
MA0100.3	33374	0.898888913309518	0.0600641994675048
MA0104.4	33374	0.807510058770597	0.0530536109522755
MA1109.1	33374	0.855718069413802	0.0450231519781584
MA0161.2	33374	0.869321548236486	0.050207536111575
MA0060.3	33374	0.850769112790769	0.0549204225207441
MA1111.1	33374	0.865157579156153	0.0501251445996312
MA0014.3	33374	0.824899147869164	0.0447601029721203
MA1114.1	33374	0.785092140605788	0.0453761201060683
MA1115.1	33374	0.862183091749865	0.0556442688174733
MA1116.1	33374	0.924711640580277	0.0578410806963277
MA1117.1	33374	0.848889205688327	0.0458575012960253
MA1118.1	33374	0.827099600707094	0.0438880620931806
MA1119.1	33374	0.773709504334635	0.0409483472159671
MA0442.2	33374	0.897790303462271	0.0536320932268579
MA1120.1	33374	0.874333783897376	0.0526080955440659
MA1121.1	33374	0.836025859672489	0.0462014127210859
MA1122.1	33374	0.854627601758128	0.0585612250218059
MA0750.2	33374	0.841484106452713	0.0519106321843214
MA0103.3	33374	0.896477237985447	0.0552472318051968
MA1124.1	33374	0.753948429083286	0.0532973890662339
MA1125.1	33374	0.887026855286875	0.083146727084481
MA1154.1	33374	0.762487057342293	0.035947597520648
MA1155.1	33374	0.768304191218018	0.0429600754394901
MA0099.3	33374	0.848299771990145	0.0479532267179022
MA1126.1	33374	0.777354094577029	0.0439292568945264
MA1127.1	33374	0.785450398649705	0.0528365571259342
MA1128.1	33374	0.836810464036966	0.0477303604194031
MA1129.1	33374	0.795247021686178	0.0525849144904785
MA1130.1	33374	0.84331472909344	0.0479548599995842
MA1131.1	33374	0.808802959573496	0.051622650090434
MA1132.1	33374	0.851138025529434	0.0440555322695382
MA1133.1	33374	0.79932990790447	0.0495608287228017
MA1134.1	33374	0.8287968733133	0.0492107896034509
MA1135.1	33374	0.844093244552798	0.0501279153820896
MA1136.1	33374	0.809058707171288	0.051291756157144
MA1137.1	33374	0.834262571141722	0.0455779760051507
MA1138.1	33374	0.840804997032277	0.0515569511454834
MA1139.1	33374	0.781747836583406	0.0547116537268976
MA1141.1	33374	0.827810964600772	0.0480787464269109
MA1142.1	33374	0.869248623811471	0.0433580211983622
MA1143.1	33374	0.83865959789857	0.0454042351410005
MA1144.1	33374	0.839841822241555	0.0501563426176193
MA1145.1	33374	0.786368037266242	0.0504785522889783
MA1146.1	33374	0.779093601526192	0.0351665295681445
MA1147.1	33374	0.792219295184595	0.0348092387316108
MA1148.1	33374	0.784377487007886	0.0341783308980332
MA1149.1	33374	0.808279977362787	0.0353211720639735
MA1150.1	33374	0.861705104790285	0.0403513370299187
MA1151.1	33374	0.864626989125035	0.0382883885867604
MA1152.1	33374	0.915162178317248	0.0418541957020987
MA1153.1	33374	0.897522442287608	0.0562864372935029
MA1418.1	33374	0.735571988459243	0.0398498284101037
MA1419.1	33374	0.731269201044487	0.0410855916220012
MA1420.1	33374	0.772706134488349	0.0370026487454983
MA1421.1	33374	0.808913713744843	0.0425763975308391
MA1463.1	33374	0.835280953440612	0.0627142157844072
MA1464.1	33374	0.827517183928825	0.0564054407432302
MA1466.1	33374	0.753598662595817	0.0417597154150022
MA1468.1	33374	0.881026366693617	0.0374592910188428
MA1101.2	33374	0.744405524184138	0.0432806373161123
MA1470.1	33374	0.725258687481325	0.0373722252440823
MA1471.1	33374	0.865954183661514	0.0495825966303943
MA1473.1	33374	0.8406379284054	0.0496761741848581
MA1474.1	33374	0.808509236859528	0.0424519164863589
MA1475.1	33374	0.797998206200269	0.0502336122972372
MA1478.1	33374	0.847732111895759	0.0413876403530062
MA1479.1	33374	0.820244729167775	0.0441067369642868
MA1480.1	33374	0.841389102705054	0.0454233424453721
MA1481.1	33374	0.910259791280318	0.0557711097974615
MA1484.1	33374	0.867034540947166	0.0470954106967337
MA1485.1	33374	0.787007092672559	0.0426257361727764
MA1489.1	33374	0.823256876610535	0.0716544950967497
MA1493.1	33374	0.822359764501125	0.0419163310089771
MA1494.1	33374	0.75862771051345	0.0419389106715342
MA1495.1	33374	0.91210299684754	0.0430993742066891
MA1496.1	33374	0.93147298736865	0.0387622333439388
MA1497.1	33374	0.885805774954756	0.0399759342914784
MA1499.1	33374	0.910495303436273	0.0596180072314737
MA1500.1	33374	0.926250566135728	0.0398809549932709
MA1501.1	33374	0.872190339178973	0.0420233100552155
MA1502.1	33374	0.914745955496166	0.0486383877996559
MA1503.1	33374	0.831823291681524	0.0469696928702931
MA1504.1	33374	0.934749636469697	0.0530235867109188
MA1505.1	33374	0.913742257171583	0.0407808279645263
MA1506.1	33374	0.813850462578596	0.0445152976647131
MA1507.1	33374	0.928964293848057	0.0572238879132845
MA1508.1	33374	0.865154564907524	0.0452147199691536
MA1509.1	33374	0.819765218672803	0.0424666452029453
MA1512.1	33374	0.880062325348905	0.0540990317737967
MA1513.1	33374	0.866876639604195	0.0887143748760504
MA1514.1	33374	0.801122170723142	0.0458428844376807
MA1515.1	33374	0.907542515243415	0.0530999219191685
MA1516.1	33374	0.855172969667608	0.0568790044761128
MA1517.1	33374	0.894796129841709	0.0513822234370819
MA1519.1	33374	0.884761612783247	0.0625174033721585
MA1520.1	33374	0.775185119178231	0.038472165433667
MA1521.1	33374	0.779823112095352	0.0389043895517433
MA1522.1	33374	0.892000383355028	0.068655795884114
MA1523.1	33374	0.876977118785655	0.0402100392464266
MA1527.1	33374	0.763852543974694	0.0474280438324729
MA1528.1	33374	0.773540311198222	0.0462907876855938
MA1529.1	33374	0.746773374546857	0.0427887429422074
MA1530.1	33374	0.899456554277561	0.0477527606634346
MA1531.1	33374	0.792557039886982	0.0375281108597727
MA1533.1	33374	0.801760143200137	0.0323140776704842
MA1534.1	33374	0.886591357184494	0.0450922811926828
MA1535.1	33374	0.939554268500896	0.0491075694810567
MA1536.1	33374	0.968474661068277	0.0269781640913457
MA1537.1	33374	0.780319343822409	0.0419368748509555
MA1538.1	33374	0.758654290853523	0.0408460707752262
MA1539.1	33374	0.744847333343593	0.041886101557613
MA1541.1	33374	0.782342460974078	0.0419865926534046
MA1542.1	33374	0.861581580661217	0.0435298999715905
MA1544.1	33374	0.781463891883708	0.0428241439426341
MA1545.1	33374	0.814697027321524	0.041594698773792
MA1546.1	33374	0.772046583053435	0.0337122580890309
MA1548.1	33374	0.853301905532961	0.0595745998325333
MA1549.1	33374	0.876745788547811	0.04746180171482
MA1550.1	33374	0.782368718233837	0.0403991961056784
MA1552.1	33374	0.774066800088289	0.037777538247396
MA1553.1	33374	0.764675206256785	0.0386122228794644
MA1554.1	33374	0.904148231351405	0.0334167381036486
MA1555.1	33374	0.782245799911692	0.0391060455304983
MA1556.1	33374	0.777602937964425	0.0405861949038962
MA1557.1	33374	0.812773969442433	0.0437273358686545
MA1558.1	33374	0.902579777533849	0.0485874232921143
MA1559.1	33374	0.863642268480174	0.0475397351941696
MA1560.1	33374	0.824262667808754	0.053740220875123
MA1561.1	33374	0.803569710440708	0.0416056944954356
MA1562.1	33374	0.816685505651232	0.0449556690691066
MA1564.1	33374	0.878124522924452	0.0583778091003306
MA1565.1	33374	0.83976235781784	0.0407317759566413
MA1568.1	33374	0.839455974080047	0.0378842936851628
MA1569.1	33374	0.881887223871189	0.0573340784719752
MA1570.1	33374	0.896175358083576	0.0405728387307182
MA1571.1	33374	0.779015045464662	0.0443258716260292
MA1572.1	33374	0.786820264689063	0.0437629030712021
MA1574.1	33374	0.820608972695853	0.0363588655654119
MA1575.1	33374	0.756886787381099	0.038947904672645
MA1576.1	33374	0.762233388855316	0.0346114720369682
MA1577.1	33374	0.90241995259906	0.0668677736337161
MA1578.1	33374	0.891088164703333	0.0601705704208191
MA1579.1	33374	0.867026839703549	0.0491492011745245
MA1580.1	33374	0.829737116039184	0.0512466975032368
MA1581.1	33374	0.843125069081419	0.0457589234961179
MA1583.1	33374	0.830678644954818	0.0500366023964673
MA1584.1	33374	0.780050738562521	0.0440790095884017
MA1585.1	33374	0.82594340172836	0.0487057118535382
MA1587.1	33374	0.796916137004438	0.0434918848889468
MA1588.1	33374	0.76299725113399	0.0394529211077344
MA1589.1	33374	0.704793834189081	0.0340377993129818
MA1592.1	33374	0.805743415465062	0.0364947578242075
MA1593.1	33374	0.83390158978729	0.0453489883796335
MA1594.1	33374	0.704824157099285	0.0296976586353342
MA1596.1	33374	0.786092036162914	0.0651744727523637
MA1597.1	33374	0.730128271784303	0.0390189263227025
MA1599.1	33374	0.777431482372255	0.0485134716495991
MA1600.1	33374	0.746791899157165	0.0347900835904414
MA1602.1	33374	0.817175496380118	0.0449255270477366
MA1603.1	33374	0.807272837980962	0.0465421160617377
MA1604.1	33374	0.822212118576593	0.0503897775475723
MA1606.1	33374	0.871647769566544	0.0550832920537484
MA1607.1	33374	0.830993528471059	0.0509923750416059
MA1608.1	33374	0.862031102060328	0.0502484645728638
MA1615.1	33374	0.836935323708396	0.0533015539526642
MA1616.1	33374	0.803165355203349	0.0413836787348373
MA1618.1	33374	0.857842815071042	0.0486361279279932
MA1619.1	33374	0.856823035683818	0.052811585679453
MA1620.1	33374	0.864687369171509	0.048051124551051
MA1621.1	33374	0.859974023897104	0.0470745283130784
MA1623.1	33374	0.840472902744762	0.0501476256326972
MA1624.1	33374	0.846642565727631	0.0489145752519952
MA1625.1	33374	0.833154675831957	0.051944452080034
MA1627.1	33374	0.844404536558416	0.056928656460976
MA1628.1	33374	0.887370810932838	0.0510941914879412
MA1629.1	33374	0.825040062399169	0.0468320102134553
MA1100.2	33374	0.894904173342216	0.0426255673814375
MA0605.2	33374	0.767833545465403	0.0582281651441573
MA0462.2	33374	0.836808589059346	0.0522147164731092
MA0463.2	33374	0.774887297675274	0.039574115016086
MA0864.2	33374	0.766437259892374	0.0396463027742848
MA0469.3	33374	0.717812725921663	0.0386380344594661
MA0470.2	33374	0.760412837727015	0.0415381687167829
MA0612.2	33374	0.886921108491421	0.0569397354714757
MA0766.2	33374	0.886918997747765	0.0493051300456145
MA0038.2	33374	0.828955796182327	0.0432461489466618
MA0893.2	33374	0.931584563406585	0.041116794786453
MA1099.2	33374	0.864921049941934	0.0579971340361114
MA0616.2	33374	0.822967477981996	0.057709062942281
MA0900.2	33374	0.888967771045092	0.0613095014317162
MA0158.2	33374	0.907209601932298	0.0474538574224359
MA0594.2	33374	0.889635199038358	0.0372802521231744
MA0902.2	33374	0.920550056573765	0.0473826748856383
MA0904.2	33374	0.899017142808367	0.0498349826039478
MA0485.2	33374	0.823093803799613	0.0483019643064188
MA0912.2	33374	0.867764962172936	0.0541959101100715
MA0910.2	33374	0.909096437597828	0.0480105938228488
MA0913.2	33374	0.865756460840966	0.0511859855496567
MA1140.2	33374	0.74652642293618	0.0545225248775212
MA0701.2	33374	0.881964150581218	0.057723982117872
MA0702.2	33374	0.861864119572518	0.0663541272122195
MA0703.2	33374	0.816738042957907	0.0681210042020608
MA0623.2	33374	0.834494058232115	0.0476336900226194
MA0842.2	33374	0.811736223621102	0.0419029765723988
MA0682.2	33374	0.893471617337318	0.061028384395601
MA0075.3	33374	0.872083601651394	0.0658812945511884
MA0867.2	33374	0.907249925342447	0.043902574385213
MA0868.2	33374	0.873932331714438	0.0437722236653575
MA0746.2	33374	0.864920679645756	0.0586352831225782
MA0632.2	33374	0.845877559833994	0.0600665214018396
MA0871.2	33374	0.819248781232317	0.0556667085577106
MA0753.2	33374	0.827996383014711	0.0666311896858452
MA0122.3	33374	0.823630113123538	0.0482142358411698
MA1707.1	33374	0.841287960902073	0.0439691913193036
MA1708.1	33374	0.878442605218604	0.0406758729691003
MA1709.1	33374	0.815076275943549	0.0446160482745459
MA1710.1	33374	0.896528095656678	0.0421358204489507
MA1711.1	33374	0.756612386754873	0.0411003011402957
MA1712.1	33374	0.797684075753413	0.0454798363872626
MA1713.1	33374	0.803546689403095	0.0664519445364133
MA1714.1	33374	0.763655116950293	0.0322745791634013
MA1715.1	33374	0.750136623488697	0.0404127391561678
MA1716.1	33374	0.755825245780537	0.0396833605613718
MA1717.1	33374	0.819058218620393	0.04277398630645
MA1718.1	33374	0.694856502350591	0.0397010419274617
MA1719.1	33374	0.759565248135427	0.0411547056656888
MA1720.1	33374	0.781264327553647	0.0406048914527163
MA1721.1	33374	0.776385997360729	0.0646627961768574
MA1722.1	33374	0.724611370153347	0.0343642447799863
MA1723.1	33374	0.822864887319499	0.0445027716060612
MA1724.1	33374	0.821857597894429	0.0492024469925001
MA1631.1	33374	0.85791773941632	0.0498690673654929
MA1632.1	33374	0.817266931499634	0.0536768842995199
MA1634.1	33374	0.838592459123036	0.052358059013697
MA1635.1	33374	0.881177836984638	0.0650357304301232
MA1636.1	33374	0.797406815690632	0.0442362341447858
MA1637.1	33374	0.821603039819235	0.051713324853121
MA1638.1	33374	0.901035485484608	0.0608425371295648
MA1639.1	33374	0.831228710475867	0.0492040875856913
MA1640.1	33374	0.806648796467374	0.0503045120170654
MA1641.1	33374	0.848590883138664	0.0523185967201506
MA1642.1	33374	0.867069777106334	0.0471909919000962
MA1643.1	33374	0.728940972699866	0.0430181920158062
MA1644.1	33374	0.851744606441047	0.0548620000615919
MA1645.1	33374	0.84497609618553	0.0436376334426496
MA1646.1	33374	0.872772994060096	0.0469936890273216
MA1648.1	33374	0.889318519901694	0.0514057289528
MA1649.1	33374	0.880692471842399	0.0525829710625197
MA1650.1	33374	0.822452926445099	0.0655734608059823
MA1651.1	33374	0.758951195470021	0.0467580561631571
MA1652.1	33374	0.843236865411696	0.0461228973908364
MA1653.1	33374	0.865027592629476	0.0712720250080765
MA1654.1	33374	0.717714784630239	0.0319312648594723
MA1655.1	33374	0.849616804544901	0.0460676091684427
MA1656.1	33374	0.818569451708389	0.0451598034715162
MA1657.1	33374	0.8140603751547	0.0508142529381487
MA1683.1	33374	0.869932625335819	0.0526763685687616
MA1725.1	33374	0.834003755370673	0.043646641319164
MA1726.1	33374	0.810047796196227	0.0473798738470118
MA1727.1	33374	0.804013238528162	0.0494574146349249
MA1728.1	33374	0.854386071737441	0.0488543907358505
MA1729.1	33374	0.793583647303206	0.0394327224750244
MA1730.1	33374	0.806526316469394	0.0416416175565087
MA1731.1	33374	0.820538612650381	0.0394516921104022
MA0833.2	33374	0.799351240490656	0.0463498503058814
MA0835.2	33374	0.836260125942551	0.0509071051556659
MA0465.2	33374	0.838825148909745	0.0519522947877757
MA0102.4	33374	0.80283379987185	0.0454701627608415
MA0836.2	33374	0.817720862648485	0.0467053906672104
MA0018.4	33374	0.829113710959842	0.0581174749139304
MA1102.2	33374	0.844914289175585	0.0594540230103989
MA0471.2	33374	0.860479732120923	0.0501978315097339
MA0154.4	33374	0.800434646685313	0.0475778989619316
MA0162.4	33374	0.825050010966412	0.060672057590554
MA0598.3	33374	0.830694011639186	0.0448388158398307
MA0473.3	33374	0.832430985409749	0.0465152171997003
MA0640.2	33374	0.845781667484071	0.0443689939735206
MA0592.3	33374	0.817496059910711	0.052056947387257
MA0761.2	33374	0.842098318170163	0.0458000051891387
MA0477.2	33374	0.824987480063453	0.052782659959221
MA0148.4	33374	0.840341810640342	0.0513868994522827
MA0047.3	33374	0.867207664743885	0.0527267496049333
MA1103.2	33374	0.867881288481648	0.0527236670356046
MA0481.3	33374	0.873686942380533	0.0527552258903817
MA0062.3	33374	0.83309159123925	0.0459299767698277
MA0035.4	33374	0.856009553234025	0.0470420094426419
MA0482.2	33374	0.845638393757614	0.0459024035140954
MA1104.2	33374	0.828024001042891	0.0479080505501766
MA1105.2	33374	0.825826480141643	0.0473550349836827
MA0043.3	33374	0.818072100605624	0.0493787581132771
MA0114.4	33374	0.818127995664495	0.0475012215374191
MA0484.2	33374	0.821919526795688	0.0469691818311606
MA0901.2	33374	0.82718112829952	0.0548821225466797
MA0490.2	33374	0.81312201591335	0.0535698828324304
MA0491.2	33374	0.815136527105691	0.0533883795532011
MA0039.4	33374	0.897113409827844	0.0624110265269792
MA1107.2	33374	0.820218351238882	0.0534461249493976
MA0700.2	33374	0.855153911996409	0.056055585647339
MA0495.3	33374	0.78277656324231	0.0431096847142491
MA0496.3	33374	0.777102933170373	0.0469047660848995
MA0052.4	33374	0.819032690320168	0.051304034959356
MA0620.3	33374	0.783084823311589	0.0482112781546288
MA1108.2	33374	0.909141559264014	0.0617326998371715
MA0499.2	33374	0.84978036169755	0.0451840898145825
MA0500.2	33374	0.85294734373348	0.0580432747732484
MA0056.2	33374	0.846155817282403	0.0460793336795463
MA0089.2	33374	0.773784014747433	0.0442608334912048
MA0025.2	33374	0.820705647745662	0.0520585262880697
MA0502.2	33374	0.826280796017854	0.0510504322850111
MA0063.2	33374	0.876117865209623	0.0454944364307105
MA1112.2	33374	0.862719147597455	0.0484426605131403
MA0679.2	33374	0.782017616195528	0.0603293372336501
MA0712.2	33374	0.867117535704494	0.0527930135696565
MA1113.2	33374	0.820434810670072	0.0532594779533929
MA0681.2	33374	0.771515697557517	0.062245410558373
MA0782.2	33374	0.804365867054797	0.0483168142860847
MA0627.2	33374	0.822173777803041	0.056201147453744
MA0508.3	33374	0.888344125145282	0.0518775485512923
MA0684.2	33374	0.864627837125861	0.0477915211037624
MA0743.2	33374	0.791830341378692	0.0417483340265816
MA0744.2	33374	0.794150987826243	0.0418446278643904
MA0745.2	33374	0.842135095899463	0.0478744295995802
MA0143.4	33374	0.868973082954067	0.0489008246267998
MA0081.2	33374	0.804169103109059	0.0416060429858802
MA0829.2	33374	0.796004275956042	0.0460493147942835
MA0522.3	33374	0.890057319955266	0.0509059649226065
MA0830.2	33374	0.855324750314446	0.0496320409066897
MA0769.2	33374	0.876098555349433	0.0512109287898925
MA0090.3	33374	0.829280826884518	0.0472946286396892
MA0809.2	33374	0.849076434518055	0.0472571359705382
MA0003.4	33374	0.831757783260914	0.0519623692321276
MA0814.2	33374	0.832565703059651	0.0528213736588157
MA1123.2	33374	0.853916914601325	0.0463746505676029
MA0093.3	33374	0.803817787154706	0.0483655374488668
MA0748.2	33374	0.832137525238989	0.0544850318144919
MA0528.2	33374	0.870837745653054	0.0572405993035271
MA0609.2	33374	0.753442531800581	0.05474294057935
MA1684.1	33374	0.976378796699224	0.0399376981612965
MA1928.1	33374	0.845734376956982	0.0521809517416917
MA1929.1	33374	0.699617657198244	0.0379591285808377
MA1930.1	33374	0.69082664875696	0.0352685662573211
MA1931.1	33374	0.757291280721476	0.0407610073765523
MA1932.1	33374	0.749880947443949	0.0366226685866367
MA1933.1	33374	0.757010659211158	0.0398043760196536
MA1934.1	33374	0.797579838346362	0.0403052543563644
MA1935.1	33374	0.847890913670614	0.034510591408612
MA1936.1	33374	0.858274469170419	0.0331350491763271
MA1937.1	33374	0.817896136256558	0.0349875160024533
MA1938.1	33374	0.771317728465679	0.0361482558369985
MA1939.1	33374	0.753856411564111	0.0344215112919153
MA1940.1	33374	0.790664383496509	0.0386666399693762
MA1941.1	33374	0.781442037239877	0.0397094369510039
MA1942.1	33374	0.816919848773433	0.0382505569925935
MA1943.1	33374	0.792778443879408	0.0361252150161741
MA1944.1	33374	0.801962440375836	0.0363613602668297
MA1945.1	33374	0.793258989459945	0.0416054428153832
MA1946.1	33374	0.833029982486103	0.0356027470196282
MA1947.1	33374	0.85366236732104	0.0356603969146585
MA1948.1	33374	0.80503486024759	0.0351434868213787
MA1949.1	33374	0.773371951615926	0.0356204122797498
MA1950.1	33374	0.823880476887113	0.0414133425034211
MA1951.1	33374	0.748081831357037	0.0504739253292468
MA1952.1	33374	0.837297832946783	0.0377751673289594
MA1953.1	33374	0.828447665445279	0.0388503269066335
MA1954.1	33374	0.82355210936614	0.0416803166065536
MA1955.1	33374	0.817820538134977	0.0409532464643853
MA1956.1	33374	0.807216546211903	0.0391710520496399
MA1957.1	33374	0.769438669762075	0.0395012837831964
MA1958.1	33374	0.749126696843045	0.037147302563259
MA1959.1	33374	0.925563423333401	0.0653159262771059
MA1960.1	33374	0.819611295533194	0.0422084401735896
MA1961.1	33374	0.894044507395325	0.0703534610260855
MA1962.1	33374	0.769605899652047	0.0429350213924285
MA1963.1	33374	0.826545513386676	0.0583590342105627
MA1964.1	33374	0.904285924434337	0.0570468178339949
MA1965.1	33374	0.928252331229303	0.0616244149401684
MA1966.1	33374	0.800501233964425	0.039991417255902
MA1967.1	33374	0.748076995890021	0.0418503217441299
MA1968.1	33374	0.836575179312059	0.041326146894251
MA1969.1	33374	0.73605002976707	0.0332268649754618
MA1970.1	33374	0.839614691765582	0.0503792131774761
MA1971.1	33374	0.832825160783046	0.0397569437123195
MA1972.1	33374	0.843480689669519	0.0385767000595798
MA1973.1	33374	0.760388010730524	0.0445026863179753
MA1974.1	33374	0.775732463296999	0.0507845020379452
MA1975.1	33374	0.799325681380743	0.0352631714373705
MA1976.1	33374	0.759579127037143	0.038976516237188
MA1977.1	33374	0.781987987709878	0.0335809634942885
MA1978.1	33374	0.782240529947784	0.0420887036504696
MA1979.1	33374	0.835021474314805	0.0447607579878529
MA1980.1	33374	0.802674985762316	0.0352700731696117
MA1981.1	33374	0.80923675476751	0.0472905534758363
MA1982.1	33374	0.805638699582037	0.0413659660536029
MA1983.1	33374	0.691164719658397	0.0340678470125366
MA1984.1	33374	0.830503732753355	0.0383398078154654
MA1985.1	33374	0.762833014727205	0.0415431776595542
MA1986.1	33374	0.867655696347776	0.0595188626035475
MA1987.1	33374	0.803786905880205	0.0374764729603667
MA1988.1	33374	0.861322294188338	0.0520989954862349
MA1989.1	33374	0.825068049160313	0.0487694835107044
MA1990.1	33374	0.812856330077902	0.0438014847919252
MA1991.1	33374	0.838480859555129	0.041368777633713
MA1992.1	33374	0.830826902945154	0.0436274163474836
MA1993.1	33374	0.893019753034179	0.0621861797994801
MA1994.1	33374	0.843499316556081	0.0462161310094978
MA1995.1	33374	0.84089537568766	0.0479662218643944
MA1996.1	33374	0.895465362280771	0.0603908704818266
MA1997.1	33374	0.893735099602111	0.0643288134330537
MA1998.1	33374	0.826606103782399	0.0441444649322926
MA1999.1	33374	0.790583027242366	0.0407339383198013
MA2001.1	33374	0.852879121850761	0.0473982059808028
MA2002.1	33374	0.899382576352741	0.043421664982628
MA2003.1	33374	0.904868607885883	0.0348686658518183
MA0037.4	33374	0.851075551299884	0.0482674578457182
MA0041.2	33374	0.829921979891564	0.0535481462109803
MA0050.3	33374	0.80284859931061	0.0453422208981117
MA0067.2	33374	0.780678048796448	0.0320188045757282
MA0078.2	33374	0.824065335263743	0.0452594689655772
MA0079.5	33374	0.908868324053513	0.0742083508356552
MA0080.6	33374	0.79320158321621	0.0432053664542664
MA0087.2	33374	0.840690370042121	0.0424096444591268
MA0095.3	33374	0.84385478438979	0.0506168431582178
MA0136.3	33374	0.873859664064885	0.0443206789233051
MA0152.2	33374	0.826932764105824	0.0471146986576342
MA0156.3	33374	0.81831652870618	0.0514422376026454
MA0157.3	33374	0.871871628967221	0.049377230884204
MA0160.2	33374	0.878753015370477	0.0428416396519531
MA0466.3	33374	0.758200022402462	0.0425223397924815
MA0467.2	33374	0.881690818429923	0.064685207495246
MA0474.3	33374	0.842818690589596	0.0442082193212327
MA0480.2	33374	0.879769413549919	0.0486906549686613
MA0489.2	33374	0.845676176385653	0.0533181397511938
MA0493.2	33374	0.939707483441792	0.0620721626825702
MA0505.2	33374	0.818093642692283	0.0554526274654164
MA0506.2	33374	0.78234672432056	0.0703874961211743
MA0507.2	33374	0.773969585436454	0.0554876943066613
MA0509.3	33374	0.726708012786211	0.04852433650351
MA0514.2	33374	0.879733304521417	0.0498929631492799
MA0516.3	33374	0.915262948013981	0.0660160947235162
MA0521.2	33374	0.870639525931343	0.05898370765081
MA0526.4	33374	0.77609871393646	0.0539151365155263
MA0606.2	33374	0.852706037254977	0.0463443526102969
MA0607.2	33374	0.812578549170629	0.0477649967518204
MA0611.2	33374	0.772362928209091	0.0496156696765694
MA0624.2	33374	0.875175103331791	0.0505440291213119
MA0625.2	33374	0.940304877683059	0.0331846257336089
MA0633.2	33374	0.896019613828402	0.0674815534256865
MA0642.2	33374	0.910918092009528	0.0481788226324061
MA0644.2	33374	0.898870265405185	0.055553175108782
MA0650.3	33374	0.856726863454272	0.0505281103997381
MA0651.2	33374	0.775298485915362	0.0441162778290712
MA0659.3	33374	0.768546719634779	0.0485165406312256
MA0666.2	33374	0.897797770589315	0.0570247648692594
MA0668.2	33374	0.841580495073661	0.0435777187484708
MA0680.2	33374	0.772090815897243	0.0600572339168357
MA0685.2	33374	0.921480939169342	0.0669653014232891
MA0690.2	33374	0.816976285743051	0.0427681301489949
MA0693.3	33374	0.888671639617114	0.0554775197972309
MA0697.2	33374	0.83667380630424	0.0501130959118517
MA0707.2	33374	0.929480773958887	0.0509631196673591
MA0708.2	33374	0.9025185202003	0.0542365402003786
MA0723.2	33374	0.939103754981046	0.0364527844323377
MA0734.3	33374	0.826846513017088	0.0441671502067858
MA0740.2	33374	0.923752866953586	0.0621811639849179
MA0742.2	33374	0.902723616479788	0.0723727638558784
MA0754.2	33374	0.805602563319369	0.0493297351016056
MA0756.2	33374	0.828159212760864	0.0473954483977346
MA0759.2	33374	0.821930803599835	0.0560437694384281
MA0764.3	33374	0.848786346619337	0.0512883125122253
MA0765.3	33374	0.823878834277706	0.0548289770309894
MA0768.2	33374	0.824425523327549	0.0455233881925687
MA0784.2	33374	0.757486019281792	0.0518190150749646
MA0798.3	33374	0.727726709511617	0.047311394410882
MA0799.2	33374	0.732357505403637	0.0459921600910302
MA0818.2	33374	0.829424135052834	0.047688240823917
MA0819.2	33374	0.871074060571999	0.0457207090833036
MA0821.2	33374	0.834181120266572	0.0493497691579305
MA0828.2	33374	0.75305423672623	0.049354037131388
MA0831.3	33374	0.787562114862204	0.0547708864033406
MA0837.2	33374	0.762483973500547	0.042118104149849
MA0847.3	33374	0.859118199181685	0.0478983498718377
MA0865.2	33374	0.811004951683745	0.0423895719070696
MA0869.2	33374	0.868862092135472	0.0426977402145417
MA0877.3	33374	0.869268896615576	0.0462862418349404
MA0878.3	33374	0.845748878948943	0.0490757159146933
MA0879.2	33374	0.926964494118297	0.0447773940199907
MA0884.2	33374	0.806549782175145	0.0498005277138107
MA0885.2	33374	0.831838489666785	0.0490588023443129
MA0909.3	33374	0.869479714458676	0.0613801982821408
MA1110.2	33374	0.913357623211754	0.0590475387279559
MA1467.2	33374	0.876173845653599	0.0497174458996459
MA1472.2	33374	0.852681717194878	0.0498017526015086
MA1476.2	33374	0.833967876592955	0.0496325557436454
MA1483.2	33374	0.835768748377749	0.0433446798889264
MA1487.2	33374	0.843950663971377	0.0476621482518463
MA1491.2	33374	0.745061864709897	0.0391571813209357
MA1498.2	33374	0.925532117752374	0.0423279043825943
MA1511.2	33374	0.914117905867939	0.0673445100444244
MA1518.2	33374	0.7564236719735	0.0451285193325926
MA1524.2	33374	0.816652693520806	0.0417957347891071
MA1525.2	33374	0.888773703085424	0.0475805547670287
MA1532.2	33374	0.771779402996863	0.0375683139542365
MA1547.2	33374	0.885612972544709	0.0610791383577849
MA1563.2	33374	0.941322911821	0.0394347073648721
MA1566.2	33374	0.835226898124155	0.0441461106359188
MA1567.2	33374	0.84348596216044	0.0437600572490548
MA1573.2	33374	0.762079309258575	0.056449127695204
MA1601.2	33374	0.805819145078204	0.0409858004811137
MA1630.2	33374	0.880481554190302	0.0697351037863074
MA1633.2	33374	0.833619332377197	0.0522686107528065
MA1647.2	33374	0.791304557472256	0.0396598816833732
MA0597.2	33374	0.859890671466492	0.050679281105721
MA1540.2	33374	0.783255544864045	0.0607400873496211
