[SHORT TFBS MATRIX]
MA0004.1	39500	0.860761194797838	0.067536674089561
MA0069.1	39500	0.76802316204128	0.039248776526861
MA0071.1	39500	0.823596180248344	0.0543135147374373
MA0074.1	39500	0.755843164563743	0.0392580530572947
MA0101.1	39500	0.869723627835168	0.0447453741456398
MA0107.1	39500	0.826261398279409	0.053404918800326
MA0111.1	39500	0.866446042057145	0.0312986921204431
MA0115.1	39500	0.674225039398647	0.0445949675489313
MA0116.1	39500	0.82618805053791	0.0432821009207263
MA0119.1	39500	0.738836982000565	0.0500067695262556
MA0130.1	39500	0.962334833888671	0.0376203793091209
MA0142.1	39500	0.749368200203323	0.0569157782158883
MA0149.1	39500	0.688718931088185	0.0550921642523579
MA0151.1	39500	0.890971994580307	0.0882829730875604
MA0155.1	39500	0.856931692399101	0.0417853299637078
MA0159.1	39500	0.797424779672262	0.0338241567048573
MA0163.1	39500	0.800303152115057	0.0509689678675135
MA0145.2	39500	0.836188387143257	0.0400956336677825
MA0468.1	39500	0.799978385991217	0.0628751083807529
MA0515.1	39500	0.863375925141884	0.0525040082172176
MA0258.2	39500	0.8003067575394	0.0407414426669388
MA0595.1	39500	0.852330630473685	0.0463512120175189
MA0596.1	39500	0.834401368397293	0.0482249671427326
MA0599.1	39500	0.927129342972765	0.0613176077316157
MA0604.1	39500	0.839026509859779	0.0560413361297619
MA0608.1	39500	0.830925186694856	0.0540609400125309
MA0613.1	39500	0.826161424797146	0.0782707259895455
MA0614.1	39500	0.853256334295854	0.0706465584957566
MA0636.1	39500	0.775302666563017	0.0571674143697898
MA0641.1	39500	0.779683045360163	0.0526435169007318
MA0042.2	39500	0.849504877914129	0.069756109346412
MA0033.2	39500	0.88241184390253	0.0681698866798715
MA0153.2	39500	0.722750602912238	0.0708723181768345
MA0486.2	39500	0.738583706867227	0.0542837101586214
MA0653.1	39500	0.689432496468329	0.0500600534189166
MA0655.1	39500	0.770418487328704	0.0640513275539679
MA0660.1	39500	0.747383262252654	0.0740916061626651
MA0663.1	39500	0.773005161110998	0.0559423746011123
MA0665.1	39500	0.808408775530393	0.047380676662789
MA0667.1	39500	0.790487522231846	0.0525102982788737
MA0669.1	39500	0.792908627514428	0.0497954324887886
MA0676.1	39500	0.834739921596289	0.0573350152963963
MA0678.1	39500	0.793352109947457	0.0519616063547076
MA0068.2	39500	0.815675048429546	0.0695665089945222
MA0512.2	39500	0.72297749530337	0.0458635352901167
MA0083.3	39500	0.683751386334148	0.0492391140476722
MA0009.2	39500	0.700361216402142	0.0427387429502174
MA0689.1	39500	0.800431344852393	0.0471685521981636
MA0691.1	39500	0.795974806575647	0.0568268534886976
MA0696.1	39500	0.773983924424801	0.0485858102211742
MA0713.1	39500	0.771733938711451	0.0754710801900205
MA0715.1	39500	0.742195066899056	0.0847456399164265
MA0724.1	39500	0.82156590092732	0.0641974853718025
MA0728.1	39500	0.713143995616255	0.0475118973314291
MA0729.1	39500	0.694550384817345	0.042572910408239
MA0730.1	39500	0.710775248817181	0.0409374387705961
MA0731.1	39500	0.667688960920233	0.04518154233879
MA0472.2	39500	0.807642136370109	0.0548164321505615
MA0736.1	39500	0.787916374769181	0.0457781867403901
MA0737.1	39500	0.742582441108417	0.0409303498040175
MA0741.1	39500	0.870237410675528	0.0666963387214109
MA0088.2	39500	0.746619255079931	0.0425829605671124
MA0758.1	39500	0.691227423644313	0.0490168971387839
MA0770.1	39500	0.75191891627685	0.0532298794454156
MA0771.1	39500	0.781838428553174	0.0477315688694295
MA0773.1	39500	0.757133246652632	0.0774447836017796
MA0774.1	39500	0.861451762747761	0.0562006392474262
MA0776.1	39500	0.742721073395825	0.0456346454806949
MA0777.1	39500	0.711769443245017	0.0427211764651276
MA0105.4	39500	0.721762916463621	0.054935353739754
MA0780.1	39500	0.729436874288462	0.078628344475165
MA0783.1	39500	0.723260506488664	0.0518844899059288
MA0787.1	39500	0.767473144263391	0.073088348927663
MA0788.1	39500	0.761915464827078	0.0732811314905442
MA0789.1	39500	0.788628371224836	0.0764188275184095
MA0792.1	39500	0.813010173647348	0.0716511435366142
MA0794.1	39500	0.758834121856723	0.0441767158394926
MA0795.1	39500	0.752591377616881	0.0501969138740285
MA0796.1	39500	0.697263732673895	0.0549345900160705
MA0797.1	39500	0.731125850913229	0.0505466057230349
MA0511.2	39500	0.830750781833928	0.0481831069057227
MA0801.1	39500	0.856762152341658	0.0506774956206809
MA0803.1	39500	0.83487382192178	0.0545171846546418
MA0805.1	39500	0.83310532976298	0.0562448703232321
MA0806.1	39500	0.862475810314124	0.0486898955205723
MA0807.1	39500	0.872002691304384	0.0457951581002383
MA0808.1	39500	0.870267208662024	0.0545842924403762
MA0813.1	39500	0.81571109347833	0.0576705925062397
MA0815.1	39500	0.809051175922995	0.0604884836286849
MA0816.1	39500	0.837568055843165	0.052634161388088
MA0822.1	39500	0.730111451536917	0.0549256681420874
MA0823.1	39500	0.805222789545121	0.0622597393657311
MA0826.1	39500	0.77414738998085	0.0551904096898376
MA0827.1	39500	0.81922392899844	0.0469616582538394
MA0838.1	39500	0.775314995634798	0.0512783012284395
MA0845.1	39500	0.796464945194492	0.070175571395764
MA0032.2	39500	0.825645979638911	0.0692985582678237
MA0848.1	39500	0.869702344625268	0.0658131481889198
MA0849.1	39500	0.853824274389665	0.0686903049617204
MA0850.1	39500	0.908427276839374	0.0493869498713193
MA0855.1	39500	0.719794441838703	0.0460162702939596
MA0856.1	39500	0.729943747218117	0.0454234051990096
MA0857.1	39500	0.684077331096425	0.0476925329542619
MA0858.1	39500	0.700887647552625	0.0434448061405672
MA0860.1	39500	0.695241534603443	0.0443324026058132
MA0525.2	39500	0.696673167606648	0.0408715890758001
MA0106.3	39500	0.707965407212494	0.0387886650671286
MA0862.1	39500	0.812881168957493	0.0522304433703318
MA0863.1	39500	0.728825159161512	0.0401570781415215
MA0024.3	39500	0.769512055468939	0.0465474788675141
MA0866.1	39500	0.691728738522443	0.0576966064442601
MA0870.1	39500	0.692485239417116	0.0574206148394609
MA0872.1	39500	0.803831482163493	0.0618762350820007
MA1124.1	39500	0.709732447643514	0.0640643341685714
MA1155.1	39500	0.731009383371017	0.0455365589265484
MA1127.1	39500	0.75374514896036	0.0604449617581266
MA1129.1	39500	0.765419271145185	0.0597649721857041
MA1136.1	39500	0.780393814057566	0.057585956210313
MA1420.1	39500	0.746351704161287	0.0416082161584356
MA1421.1	39500	0.767579579777355	0.0519262200665448
MA1468.1	39500	0.849982762145161	0.0404719513030292
MA1485.1	39500	0.770080545851308	0.0465251614980643
MA1489.1	39500	0.765822784810127	0.0826516773388325
MA1493.1	39500	0.801066972859093	0.0450981683669279
MA1509.1	39500	0.792110512029269	0.048556563585543
MA1538.1	39500	0.73664529363889	0.0426824389084809
MA1539.1	39500	0.721954845982508	0.0435360877377331
MA1555.1	39500	0.763644363444469	0.0419915333721684
MA1556.1	39500	0.760126433863642	0.0439599039467441
MA1557.1	39500	0.781480924509207	0.0451018369574605
MA1570.1	39500	0.861013165278226	0.047354860524841
MA1571.1	39500	0.749277414217891	0.0464341570653441
MA1572.1	39500	0.756392961265176	0.0459145577170878
MA1580.1	39500	0.777633448373422	0.0620854214899952
MA1587.1	39500	0.784996236531259	0.0556269671311827
MA1588.1	39500	0.727818374062158	0.0454254797192465
MA1594.1	39500	0.680514129178042	0.0332160243873434
MA1596.1	39500	0.777409288795711	0.0720970343753793
MA1597.1	39500	0.706414116572867	0.0416958284801004
MA0158.2	39500	0.864010157279251	0.0598599602315888
MA0912.2	39500	0.818653667973368	0.0665146244048368
MA0623.2	39500	0.792310631997966	0.0516674799342266
MA2093.1	39500	0.88168727125517	0.0562477787159414
MA2094.1	39500	0.78496888959755	0.0360393355090044
MA2095.1	39500	0.792425964553147	0.0562440079932568
MA2096.1	39500	0.84024546750899	0.0525360741114327
MA1715.1	39500	0.731490583036366	0.0426924602758125
MA2097.1	39500	0.772577273124308	0.0490719737274572
MA2098.1	39500	0.830542851187853	0.058955856659742
MA2099.1	39500	0.887250544583941	0.0590225685068334
MA1718.1	39500	0.656612967366827	0.0462361260190988
MA2100.1	39500	0.642616319733249	0.0418507894501713
MA2101.1	39500	0.769254573674178	0.0514956479935165
MA1684.1	39500	0.956518287186197	0.0607261775460589
MA2102.1	39500	0.778226976741078	0.0625189342025885
MA1931.1	39500	0.734698838924885	0.0456332371568184
MA1957.1	39500	0.747467809209945	0.0435606527435226
MA1962.1	39500	0.725475527959546	0.0573567005691597
MA1972.1	39500	0.828188579979362	0.0432074182815244
MA1980.1	39500	0.772817040987243	0.0400006640158779
MA1985.1	39500	0.75282113650379	0.0461441698734938
MA2117.1	39500	0.838319617384746	0.0720751167349762
MA2118.1	39500	0.818642475501805	0.070866869345316
MA2119.1	39500	0.87015823388784	0.0673400899256119
MA2120.1	39500	0.823035666971198	0.0408752045528029
MA2121.1	39500	0.835017264898283	0.0677045676741216
MA2122.1	39500	0.788717999775584	0.053755384941107
MA2123.1	39500	0.84361510801213	0.0502632107261715
MA2124.1	39500	0.821638062391662	0.103507860030586
MA2125.1	39500	0.860184859005687	0.0570608053283498
MA2126.1	39500	0.839584134744463	0.0671605028534434
MA0079.5	39500	0.898047056769375	0.0839853063329905
MA0509.3	39500	0.699060520724745	0.0516444697204887
MA0516.3	39500	0.90714916807854	0.075525923518198
MA0607.2	39500	0.770501956554379	0.0509709130108764
MA0685.2	39500	0.909375982716271	0.0765831761868381
MA0740.2	39500	0.912147254562057	0.0723313174390528
MA0742.2	39500	0.893710212910302	0.0816086005411988
MA0798.3	39500	0.702905159268688	0.0502151171035651
MA0818.2	39500	0.786770994457626	0.0512950847354387
MA0821.2	39500	0.818025695914252	0.0556493342251545
MA0831.3	39500	0.761226368234332	0.0600969222521844
MA0878.3	39500	0.799624203901899	0.0638724524132347
MA0884.2	39500	0.757598557852989	0.0651330044696007
MA1511.2	39500	0.90161010841721	0.0772799314984594
MA1532.2	39500	0.746613708068728	0.0400399615097118
MA1547.2	39500	0.839725857903223	0.0638292258063158
MA1563.2	39500	0.900313598735921	0.0543998219887139
MA1573.2	39500	0.734108068576074	0.0587220471321611
MA1601.2	39500	0.779952826607441	0.0436685089379963
MA1633.2	39500	0.792083350989751	0.0616310108763684
MA2323.1	39500	0.683361296148977	0.0521428163413886
MA2324.1	39500	0.863907151295541	0.0589368847467922
MA2325.1	39500	0.815978212479746	0.0533734340049866
MA2326.1	39500	0.923034420546317	0.0736000191904609
MA2327.1	39500	0.817689421623508	0.0732092923474393
MA2328.1	39500	0.839322081443326	0.0898041831671238
MA2329.1	39500	0.828313188946747	0.0607886814367708
MA2330.1	39500	0.809938808041024	0.0621059605085925
MA2331.1	39500	0.669430888039086	0.0375255154194034
MA2332.1	39500	0.828788247642252	0.0567992817682773
MA2333.1	39500	0.810148837091881	0.0846204037363375
MA2334.1	39500	0.738707884952237	0.0449243692013198
MA2335.1	39500	0.63536621745448	0.0497666549504112
MA2336.1	39500	0.861071169007635	0.061254482219766
MA2337.1	39500	0.918051480618489	0.0731058024558566
MA2338.1	39500	0.856687793768596	0.0604989245880364
MA2339.1	39500	0.836996952249366	0.0610619333884962
MA2340.1	39500	0.798697376187605	0.0560066270358055
MA2341.1	39500	0.894986648119194	0.0548148377965274
MA0619.2	39500	0.870375253740312	0.0864280350332471
MA0006.2	39500	0.932560386692863	0.0710800574048875
MA0854.2	39500	0.800137372448642	0.0796603629508158
MA0634.2	39500	0.877918443041706	0.0769228155442687
MA0853.2	39500	0.76148166061174	0.0629189888739278
MA0690.3	39500	0.797894818357806	0.0470686765061043
MA0007.4	39500	0.73060858206113	0.0441533598557906
MA1463.2	39500	0.790115316711924	0.0850665109094299
MA0601.2	39500	0.851871514412631	0.09462866058102
MA0602.2	39500	0.814749147498418	0.0841283722091133
MA0259.2	39500	0.921156392748965	0.0737038661008048
MA1464.2	39500	0.81765011630338	0.0656669292541956
MA0603.2	39500	0.824295139296234	0.0614714623662795
MA0874.2	39500	0.788019591393627	0.0694409103621802
MA1100.3	39500	0.889107655071537	0.0513217430780313
MA1631.2	39500	0.856592488402551	0.0554819720374608
MA1632.2	39500	0.791118907805426	0.0654121162064262
MA1988.2	39500	0.842243735056703	0.0698593590930034
MA0605.3	39500	0.749526179657723	0.066573951884446
MA0833.3	39500	0.780103593189255	0.0593053538958582
MA1466.2	39500	0.736624640947181	0.045233345642771
MA0834.2	39500	0.737918063731356	0.0647418436325966
MA0461.3	39500	0.843071212309798	0.0535244865079046
MA1467.3	39500	0.861987037710994	0.0607156333119678
MA0591.2	39500	0.777065425454746	0.0463351895603233
MA0496.4	39500	0.784735078005257	0.0592166280320282
MA1101.3	39500	0.762330212905069	0.0553949086528337
MA1470.2	39500	0.701024470350986	0.0439316852489435
MA0877.4	39500	0.868034022067509	0.0633428269060802
MA0635.2	39500	0.908067625355649	0.0599874872292109
MA0875.2	39500	0.894656853439488	0.0743473955838028
MA1471.2	39500	0.836075848873178	0.073513883266279
MA1634.2	39500	0.83916522075452	0.0720525961424437
MA0462.3	39500	0.839466393306413	0.0718813085161633
MA0489.3	39500	0.810867325955311	0.0675164478649893
MA0488.2	39500	0.810122920757235	0.0584338701023704
MA0835.3	39500	0.842821468587652	0.0703069696127252
MA1989.2	39500	0.804075600402194	0.0610567704558188
MA0463.3	39500	0.751982409741247	0.0449949848107764
MA1472.3	39500	0.835514492060727	0.0577514533595066
MA1635.2	39500	0.874592573069448	0.0800051871875923
MA0817.2	39500	0.772658896883782	0.0559351816841067
MA0464.3	39500	0.8227729235122	0.0639701237234095
MA1928.2	39500	0.833648373135315	0.0740163431354026
MA0876.2	39500	0.907547192189776	0.0718512981907003
MA0465.3	39500	0.8098034473117	0.0722856250562988
MA1473.2	39500	0.817563552117443	0.0704477019298216
MA0102.5	39500	0.781188365278854	0.0599632656720178
MA0466.4	39500	0.742940810120576	0.0513060757301264
MA0836.3	39500	0.816908759614797	0.0643840897694251
MA0837.3	39500	0.74610753783615	0.0513632866827749
MA1636.2	39500	0.781651008310767	0.0591678334821525
MA0819.3	39500	0.860805392433161	0.056794358371538
MA0018.5	39500	0.812120666408907	0.0732828449856168
MA0638.2	39500	0.769029444933319	0.0468288870074961
MA0839.2	39500	0.741362294067089	0.0444063364157233
MA1474.2	39500	0.811003369718187	0.0476584533466626
MA1475.2	39500	0.811951883483024	0.0568498101392861
MA0840.2	39500	0.761425703877103	0.0653356865163659
MA0609.3	39500	0.750130690234918	0.0643944216205858
MA0467.3	39500	0.851907001787799	0.0791366736415184
MA0139.2	39500	0.805998043139888	0.0469926912521494
MA1929.2	39500	0.690828486243859	0.038543729206973
MA1930.2	39500	0.683385223183441	0.0376044188108306
MA1102.3	39500	0.867450623366308	0.0658665568831613
MA0754.3	39500	0.768294518111468	0.0609844487244017
MA0650.4	39500	0.825829219616832	0.069684056515877
MA0901.3	39500	0.80145670924869	0.0778200081473937
MA0755.2	39500	0.768128830917609	0.067406305768026
MA0639.2	39500	0.786685861811844	0.0616885250716473
MA0019.2	39500	0.838686858503225	0.0450905592954357
MA0879.3	39500	0.896747851819953	0.0642949778097368
MA0885.3	39500	0.800851043658081	0.0629477974770844
MA0880.2	39500	0.880033139874153	0.0747056176611099
MA0881.2	39500	0.882932952150739	0.0722259568425096
MA1476.3	39500	0.801844694875786	0.0642211201946041
MA0882.2	39500	0.883559940178336	0.0737423528376061
MA0883.2	39500	0.819433021856032	0.0571008939650796
MA1603.2	39500	0.798277714173396	0.0689649471551828
MA0610.2	39500	0.847209747661421	0.0654314463256539
MA1707.2	39500	0.821352399972213	0.0566094913443113
MA1478.2	39500	0.928754175527411	0.0499313864140955
MA1479.2	39500	0.788057784350026	0.0552088038507604
MA1480.2	39500	0.810509940639046	0.0564902814017402
MA1481.2	39500	0.877487386050884	0.0800153784321732
MA0611.3	39500	0.741134030710264	0.0696331502370471
MA0864.3	39500	0.772188373119248	0.0466654506916928
MA0469.4	39500	0.698299994996855	0.0444573333520094
MA0756.3	39500	0.797753161633685	0.0587321438426831
MA0470.3	39500	0.754400558584752	0.0458496977987365
MA0471.3	39500	0.878860794388606	0.0582898024082381
MA0865.3	39500	0.846247261048033	0.0552155874652719
MA0154.5	39500	0.794667079642282	0.0549539809178027
MA1604.2	39500	0.821783836943716	0.0589470872487104
MA1637.2	39500	0.822232277920527	0.0612716980300331
MA0162.5	39500	0.83681338019288	0.0680425875040229
MA0732.2	39500	0.793685078082085	0.0682609485587489
MA0733.2	39500	0.813608783296451	0.0615370425200943
MA0598.4	39500	0.851974694519658	0.0556228318688402
MA0473.4	39500	0.836998608239405	0.0569072961612069
MA1483.3	39500	0.836375832869516	0.0518144597950762
MA0640.3	39500	0.851569655509254	0.0545830945204972
MA0136.4	39500	0.869215931997703	0.0551637908310636
MA0028.3	39500	0.810865788765597	0.0605757341486568
MA0800.2	39500	0.822379593243631	0.0504430506798461
MA1708.2	39500	0.878707309971422	0.0494834262459248
MA1495.2	39500	0.88786091487681	0.0679587151532163
MA1932.2	39500	0.733268685137271	0.0406798420125295
MA0779.2	39500	0.750847606759551	0.0348845741560823
MA0014.4	39500	0.833541070982034	0.0545765876815027
MA0781.2	39500	0.726311141233983	0.0374285129449175
MA0686.2	39500	0.809450466904621	0.0484625578601656
MA1933.2	39500	0.745195755583158	0.0443601112700279
MA0828.3	39500	0.744297852321923	0.0598701591655299
MA0843.2	39500	0.777816318714083	0.0613003224009452
MA0759.3	39500	0.816225241169479	0.061202016571111
MA0076.3	39500	0.863345455894667	0.0572523372821918
MA0612.3	39500	0.854790169469319	0.0829917340305943
MA0886.2	39500	0.856682133188929	0.08345684496811
MA0027.3	39500	0.888974488415818	0.0745001556510686
MA0642.3	39500	0.873127432449742	0.0663823365120837
MA0760.2	39500	0.839860923640688	0.0505863704561258
MA1934.2	39500	0.79133722502716	0.0461278897294241
MA0820.2	39500	0.9305881811217	0.0598676552180702
MA1935.2	39500	0.875546822223668	0.0425098295055773
MA1936.2	39500	0.844923176889119	0.0388747903132394
MA0480.3	39500	0.844797868907733	0.068680726364646
MA1937.2	39500	0.807044151019413	0.0421947171264051
MA0058.4	39500	0.854871690517569	0.0707449355095326
MA1938.2	39500	0.762128754236448	0.0401407717419851
MA0048.3	39500	0.84513878979735	0.0573114324055121
MA1939.2	39500	0.736975487156984	0.0376338389087188
MA0474.4	39500	0.82904606822509	0.0528169446894307
MA0112.4	39500	0.721095140027258	0.0455569261709239
MA0592.4	39500	0.798845953243758	0.057210961252273
MA0141.4	39500	0.777968407699623	0.0562629749585563
MA0643.2	39500	0.829753400386879	0.052186730023911
MA0644.3	39500	0.856613758381028	0.0737738927955632
MA0098.4	39500	0.854591903991277	0.0517526884090813
MA1484.2	39500	0.852966298006057	0.0524175619555427
MA0761.3	39500	0.839879100223503	0.0551081086569367
MA0762.2	39500	0.827931303307563	0.0520087005885896
MA1940.2	39500	0.771844960183141	0.046817165718246
MA1941.2	39500	0.777759000201712	0.0450768711776446
MA1942.2	39500	0.830914972536721	0.0481738863422182
MA1943.2	39500	0.778814321254161	0.0429486524140924
MA0763.2	39500	0.844850379220965	0.0482871013479884
MA0764.4	39500	0.84140505501025	0.0560207353058039
MA0765.4	39500	0.810805545779548	0.059721131404658
MA1944.2	39500	0.78524902066904	0.0428803190418027
MA1945.2	39500	0.783699859396397	0.0449021781506727
MA1946.2	39500	0.818875442291716	0.0393613924661976
MA1947.2	39500	0.85218606079047	0.0421126643027869
MA1948.2	39500	0.791742594039599	0.0399084425638183
MA0900.3	39500	0.850638898021596	0.0862898490052316
MA0645.2	39500	0.860281687126254	0.0546220600676564
MA0887.2	39500	0.893444679135864	0.0719146848543219
MA0888.2	39500	0.892534614444945	0.0718192751575338
MA0156.4	39500	0.811074726225337	0.0579806727673935
MA0475.3	39500	0.837820841727869	0.053792808182377
MA1949.2	39500	0.755870813199226	0.0406170375663361
MA1950.2	39500	0.812610745639828	0.0502200119832919
MA0476.2	39500	0.822782898759018	0.0700169747371975
MA1951.2	39500	0.723973464567108	0.0554089939941132
MA0099.4	39500	0.819514431190772	0.058963285807553
MA1126.2	39500	0.77755408169659	0.0587270564850285
MA1134.2	39500	0.805350621409092	0.0621475837282005
MA1140.3	39500	0.730749223192448	0.0606671895122618
MA0490.3	39500	0.775891365261825	0.0663114615743353
MA1141.2	39500	0.810425354866492	0.0613014330752189
MA0492.2	39500	0.809419248336233	0.0565709501100227
MA0491.3	39500	0.776948960285744	0.0658626118477281
MA1135.2	39500	0.812601110583174	0.062175798269268
MA0477.3	39500	0.789151192188499	0.0653294433427216
MA1128.2	39500	0.814928843419563	0.0600135036307029
MA1137.2	39500	0.816156219153127	0.0586543742317343
MA1142.2	39500	0.859449813658874	0.0547609720122474
MA1143.2	39500	0.821650651196851	0.0549244313782055
MA0478.2	39500	0.829842330992732	0.0578189694485025
MA1130.2	39500	0.819211102512591	0.0603710760940563
MA1131.2	39500	0.78371351947114	0.0615708929360705
MA1138.2	39500	0.807510527681254	0.0638893554137502
MA1139.2	39500	0.756755148587241	0.0652593978324042
MA1144.2	39500	0.810138055436249	0.0615286845812727
MA1145.2	39500	0.779480865585151	0.0628685791428898
MA0148.5	39500	0.807070393983238	0.0708787406864023
MA0047.4	39500	0.833463871162252	0.072700321419073
MA1683.2	39500	0.836038625860688	0.0741544357670178
MA0846.2	39500	0.826719246953064	0.0681484528913086
MA0031.2	39500	0.843772600946161	0.0703445712721085
MA0847.4	39500	0.813269719413852	0.0680453617058062
MA0041.3	39500	0.78907552813601	0.0692042478983642
MA1487.3	39500	0.79893383484759	0.0671357022409763
MA1606.2	39500	0.849071583394474	0.0767834449935921
MA0030.2	39500	0.813828174544585	0.0670254243890197
MA0479.2	39500	0.834644104935433	0.0634840212435471
MA1952.2	39500	0.832512448361383	0.0482774230933969
MA0682.3	39500	0.86647850673721	0.0732872351963456
MA0851.2	39500	0.822061087876444	0.0719411383703211
MA0852.3	39500	0.848582853933026	0.0698693482811529
MA1103.3	39500	0.837266277631934	0.0748621508323514
MA1607.2	39500	0.788628696104798	0.0713750383740738
MA1953.2	39500	0.7995974123754	0.0453095508695412
MA1954.2	39500	0.795599268496883	0.0481758654863871
MA1955.2	39500	0.789616155443828	0.0472590551444411
MA1956.2	39500	0.781401730897519	0.0472587913641107
MA0157.4	39500	0.84466954229995	0.0713215930301827
MA0481.4	39500	0.839938927974224	0.0740204467896645
MA0593.2	39500	0.842976941308591	0.0689095141678273
MA0040.2	39500	0.812640108281831	0.0676726310147965
MA0062.4	39500	0.818099458049545	0.0537917517683716
MA0035.5	39500	0.842742251786347	0.0649202628243094
MA0140.3	39500	0.769302100806497	0.0516167884376293
MA0036.4	39500	0.838580736764737	0.0697424501874088
MA0037.5	39500	0.816907295126949	0.0640156375827795
MA0482.3	39500	0.824850728824077	0.0598550004035417
MA0766.3	39500	0.861948153630008	0.059915753505715
MA1104.3	39500	0.817055661012233	0.0651297155089497
MA0889.2	39500	0.848493084909459	0.0781028068327873
MA0890.2	39500	0.864739378940472	0.0830854712033955
MA0646.2	39500	0.811061328837975	0.0426278365779769
MA0143.5	39500	0.854211219101763	0.0636543347870688
MA0767.2	39500	0.85240429887169	0.0455227930983043
MA0038.3	39500	0.801212262672431	0.0520975806008651
MA0483.2	39500	0.843679998987735	0.0517347840441694
MA1990.2	39500	0.800001868074158	0.0495602239714141
MA0734.4	39500	0.824268657870727	0.0518256924417986
MA1491.3	39500	0.728437791595336	0.0433774283478558
MA0735.2	39500	0.704956903186281	0.0444807199279303
MA0615.2	39500	0.889393138061502	0.0559425463867876
MA0647.2	39500	0.761548972154126	0.0551732089683368
MA1105.3	39500	0.816679153738484	0.0571680648739902
MA0648.2	39500	0.873994526450166	0.0758807353893308
MA0891.2	39500	0.888685728528857	0.0658531982189665
MA0892.2	39500	0.907130447600099	0.0621835084475035
MA0893.3	39500	0.904972541494558	0.0569920494882144
MA0092.2	39500	0.887036333938924	0.0399533734856637
MA0522.4	39500	0.8875283432774	0.0569331509132942
MA1638.2	39500	0.887444580586466	0.0675000425214586
MA1099.3	39500	0.867684212176943	0.0678603866728926
MA0616.3	39500	0.823713706111756	0.0655116157896244
MA0894.2	39500	0.863650783944344	0.086647390587732
MA0649.2	39500	0.83005971504797	0.0559376587265786
MA0739.2	39500	0.877883509315496	0.0444118953653221
MA0738.2	39500	0.954910574637234	0.0426052013695272
MA1106.2	39500	0.860472356243409	0.0646501014238965
MA0131.3	39500	0.858141152145746	0.0607642202451688
MA0043.4	39500	0.78850810338443	0.0676786294023084
MA0895.2	39500	0.864813730625119	0.0613794641885807
MA0896.2	39500	0.799553227673401	0.0624965049784898
MA0897.2	39500	0.747514145355646	0.0583103703628132
MA0898.2	39500	0.801487812496117	0.0638841615722157
MA1991.2	39500	0.802867578266177	0.0525411988469607
MA0046.3	39500	0.73661290081114	0.0716760567245989
MA1494.2	39500	0.730210289027562	0.0443345776106185
MA0114.5	39500	0.796900889651472	0.0566903911600236
MA0484.3	39500	0.800949312939379	0.0555258649050273
MA0899.2	39500	0.838277192980933	0.0713410897007374
MA0911.2	39500	0.824454112625917	0.0552803412356897
MA1496.2	39500	0.902437820328801	0.0513591624917395
MA1497.2	39500	0.881223778389273	0.058326948207385
MA1498.3	39500	0.91375359939828	0.0643863895667513
MA0594.3	39500	0.882264813858016	0.0490391121129366
MA0902.3	39500	0.898345405519701	0.0760197036126304
MA1566.3	39500	0.820288578642526	0.0500334515485832
MA0903.2	39500	0.90374015986315	0.0708260148059045
MA1499.2	39500	0.875075487730787	0.0803915692565508
MA0904.3	39500	0.873442304374113	0.0751688354197697
MA1500.2	39500	0.897378039488828	0.054572377830589
MA1501.2	39500	0.865810112353204	0.0593426838259503
MA1502.2	39500	0.87877494715811	0.0686230646716833
MA1503.2	39500	0.796016326491965	0.0603071197447818
MA0905.2	39500	0.83267647413908	0.0618202584136632
MA0651.3	39500	0.738756700279738	0.0546548153604843
MA0906.2	39500	0.776715610433883	0.0560015970654472
MA0907.2	39500	0.784668964529196	0.061349814879465
MA1504.2	39500	0.894868216296583	0.0732799107662218
MA1505.2	39500	0.901907999225316	0.0629846424954221
MA0485.3	39500	0.782765179662086	0.0617351237362985
MA1506.2	39500	0.775771284894815	0.0554327735282292
MA0908.2	39500	0.817195456115207	0.0617987132684149
MA0873.2	39500	0.786465274572229	0.0543070082868251
MA1958.2	39500	0.728467870984153	0.0456774046945236
MA0909.4	39500	0.829302385089377	0.0821624830551061
MA1507.2	39500	0.889042784249379	0.0770005170388619
MA0910.3	39500	0.879085072481331	0.0684004640780637
MA0913.3	39500	0.820288052126653	0.0710606274315829
MA1508.2	39500	0.856418111033202	0.0571569918966242
MA1992.2	39500	0.848834718199435	0.0536371798444083
MA0050.4	39500	0.783792623445914	0.0648886570546571
MA0051.2	39500	0.763541187395161	0.0485531759286993
MA1418.2	39500	0.718692177520108	0.0502529150762821
MA1419.2	39500	0.701027218349044	0.0479223565730498
MA0772.2	39500	0.762815422871204	0.0571096872541734
MA0652.2	39500	0.716953283353551	0.0489988630564001
MA1608.2	39500	0.835788786445529	0.0642768951814128
MA0914.2	39500	0.911437929462138	0.0571730510182873
MA0654.2	39500	0.860254664168795	0.0856607347386459
MA0656.2	39500	0.753464664826147	0.0654954406390923
MA1132.2	39500	0.84883900997185	0.0550817791164007
MA1133.2	39500	0.771284636799481	0.0566844428233559
MA0493.3	39500	0.927499930450617	0.0748392940806299
MA1512.2	39500	0.873378688562307	0.0613608077578092
MA0657.2	39500	0.744486895712143	0.0451524208233702
MA1513.2	39500	0.889051121218943	0.0987669213687232
MA1514.2	39500	0.788350582518379	0.0507869151053138
MA1515.2	39500	0.917896948772428	0.0664993407590891
MA1516.2	39500	0.849232057485358	0.0662554656859451
MA0039.5	39500	0.898622022154009	0.0707824579978204
MA1517.2	39500	0.889953400936352	0.0583313054453245
MA1959.2	39500	0.917520697887872	0.0778529689952672
MA1107.3	39500	0.818702759946454	0.0601009486500579
MA0618.2	39500	0.861309202726856	0.0643674932473092
MA0699.2	39500	0.883707798090511	0.0704320044076301
MA0768.3	39500	0.819503230355212	0.0603752723823496
MA1518.3	39500	0.758324198701711	0.0612258481972201
MA0700.3	39500	0.84812142617233	0.0834294972741693
MA0135.2	39500	0.783100450239641	0.0767933006484942
MA0704.2	39500	0.879534170540755	0.069953904192772
MA1519.2	39500	0.840296984545618	0.0789618374394695
MA0658.2	39500	0.821176501535539	0.067491589822763
MA0705.2	39500	0.887923005262912	0.0726733917685349
MA0701.3	39500	0.839954390798312	0.0737457748240502
MA0702.3	39500	0.806746294620459	0.0898882856186321
MA0703.3	39500	0.768572167986092	0.0944412348759832
MA1520.2	39500	0.75969521561339	0.0420788306423506
MA0501.2	39500	0.776186666833054	0.0497023183811047
MA0841.2	39500	0.756505076761593	0.0607916362186994
MA1521.2	39500	0.765207623831594	0.0425135587997263
MA0117.3	39500	0.816873375319649	0.0491203695648621
MA0495.4	39500	0.769625082163267	0.0545493467065276
MA0659.4	39500	0.754104792307666	0.0506208178118356
MA0089.3	39500	0.761822928565614	0.0515544240450549
MA0059.2	39500	0.799962603593491	0.0515632954141626
MA0147.4	39500	0.828221629119183	0.0621637754300976
MA1522.2	39500	0.895556354112686	0.0768638374278613
MA0029.2	39500	0.767277997050142	0.0587271984895276
MA0052.5	39500	0.786084461473021	0.0795034630396232
MA0497.2	39500	0.8165904836183	0.0678476296890945
MA0498.3	39500	0.949654339727698	0.055480045146638
MA1639.2	39500	0.794860465339177	0.0657020512674738
MA1640.2	39500	0.786997069674133	0.0722435931404237
MA0775.2	39500	0.899230754287779	0.0543287162863154
MA0661.2	39500	0.858493966546003	0.0669877722583193
MA0706.2	39500	0.864834144548366	0.0632016531159471
MA1960.2	39500	0.785960466615639	0.0513966559900135
MA0620.4	39500	0.77529106118156	0.0593419335323582
MA0621.2	39500	0.787658363872458	0.102831573075373
MA0662.2	39500	0.884380582756929	0.072896163237048
MA0622.2	39500	0.82046835443038	0.0893716761447503
MA0664.2	39500	0.834406124873601	0.0611672588784886
MA0825.2	39500	0.861446129343004	0.065084900426914
MA0707.3	39500	0.901571198080781	0.0733950029192075
MA1523.2	39500	0.892041388215153	0.0533004317878517
MA1524.3	39500	0.803620417712308	0.0507148022250637
MA0666.3	39500	0.870459106618164	0.0777919926780016
MA0708.3	39500	0.876788440113486	0.0735473619159191
MA0709.2	39500	0.859452658737698	0.0838898762233223
MA1108.3	39500	0.876507590132007	0.0673254374420745
MA0100.4	39500	0.876421462629556	0.0627732495002465
MA0104.5	39500	0.810836885439981	0.0608617704674333
MA1641.2	39500	0.830706751144395	0.0605718483457873
MA0499.3	39500	0.840564719040839	0.0523533356361097
MA0500.3	39500	0.854857558629214	0.0672082364714787
MA0056.3	39500	0.842716705600657	0.0530649373048678
MA1109.2	39500	0.853749523038861	0.0546202559173754
MA1993.2	39500	0.87784690853082	0.0780796910239692
MA0668.3	39500	0.851379514093507	0.0542676819814987
MA1642.2	39500	0.866410887831687	0.0588338201232824
MA0606.3	39500	0.846072023166885	0.0619223116315808
MA0624.3	39500	0.900371775327266	0.0723764050953988
MA0152.3	39500	0.838040170736095	0.0651989379191678
MA0625.3	39500	0.950035933150053	0.0432224616321725
MA1525.3	39500	0.867671247489125	0.0568137684723082
MA0150.3	39500	0.774373302308722	0.050677863740008
MA0670.2	39500	0.860396624472574	0.0736275812293304
MA1643.2	39500	0.718104955958389	0.0474885177829975
MA0161.3	39500	0.85688647288693	0.0613995037431125
MA1527.2	39500	0.748260677121292	0.0513237562053656
MA0025.3	39500	0.790077698317047	0.0717955964357871
MA0671.2	39500	0.945391660298993	0.037826675081657
MA1528.2	39500	0.766644349270167	0.0509357458682268
MA0778.2	39500	0.769616729370793	0.0593218378968264
MA0060.4	39500	0.841552904592959	0.0648956632151902
MA0502.3	39500	0.829912522874883	0.0602593118689273
MA1644.2	39500	0.854609872682817	0.0678574366279398
MA1529.2	39500	0.749454452966323	0.0501604391577441
MA1994.2	39500	0.837915206101623	0.0682920231449001
MA1645.2	39500	0.837537528399482	0.0508285282025657
MA0672.2	39500	0.876326959872972	0.0493126346842193
MA2003.2	39500	0.893605698267822	0.0420758891920083
MA0063.3	39500	0.852452941848879	0.0599919937514906
MA0673.2	39500	0.903251331471959	0.0404801341722968
MA0124.3	39500	0.867864860008347	0.0554832815335581
MA0122.4	39500	0.794191764423443	0.0602481642308323
MA0674.2	39500	0.869518711013479	0.0695865320863702
MA0675.2	39500	0.900946980195994	0.0731001000199116
MA1530.2	39500	0.867485820850535	0.0615396835284584
MA0125.2	39500	0.883554014459003	0.073141171796657
MA0710.2	39500	0.873845287671689	0.0708896279158149
MA0626.2	39500	0.846303536430381	0.0583276092994589
MA1995.2	39500	0.83007997631431	0.0564388666083939
MA1531.2	39500	0.774198944451619	0.0405408942232407
MA1996.2	39500	0.88366271680653	0.0681064349150508
MA0494.2	39500	0.805803037544007	0.037103317586075
MA1110.3	39500	0.892600793104056	0.0645039813929555
MA1146.2	39500	0.766586006014092	0.0383883225291006
MA1533.2	39500	0.79399464713711	0.0351468559759906
MA1534.2	39500	0.859756882294958	0.0543355138643616
MA1535.2	39500	0.933318020313554	0.0594810979065269
MA0504.2	39500	0.825828398967079	0.0383860074849964
MA1536.2	39500	0.958472773413743	0.0363633834431577
MA0164.2	39500	0.836687349130702	0.0767350682057649
MA0017.3	39500	0.821511787618906	0.0533746825976839
MA1537.2	39500	0.756924629289052	0.0429315229686408
MA1111.2	39500	0.856616602013073	0.0622491113159111
MA0677.2	39500	0.746369777895089	0.0446718816520979
MA0113.4	39500	0.728918442003238	0.0486707955362719
MA0727.2	39500	0.730013480350125	0.0487408092622731
MA1112.3	39500	0.835351466431506	0.0593909223252096
MA0160.3	39500	0.860648096490823	0.0513996141887236
MA1147.2	39500	0.782305945563729	0.0383571818645844
MA1540.3	39500	0.754061582381427	0.0513825805835364
MA0505.3	39500	0.80701841459964	0.0551316829840161
MA1541.2	39500	0.763088828911889	0.0435758094925188
MA0506.3	39500	0.787515164454004	0.07786711313326
MA0842.3	39500	0.791309231512075	0.049559748323434
MA1997.2	39500	0.881718832571608	0.0759210912610246
MA0679.3	39500	0.767581520183479	0.0789321181194764
MA0757.2	39500	0.732570039348064	0.0752852463445412
MA1542.2	39500	0.848540149877426	0.0467406412501289
MA1646.2	39500	0.853685625848586	0.0535914773034914
MA0711.2	39500	0.884702995908555	0.0670090191603724
MA0712.3	39500	0.857012401256136	0.0716268763758876
MA1544.2	39500	0.763449079684467	0.0531579477186224
MA1545.2	39500	0.817184148563051	0.0541269046826417
MA1961.2	39500	0.891701289837404	0.079210433069453
MA0067.3	39500	0.773570201967917	0.0352784046276734
MA1546.2	39500	0.755341348716785	0.0386601760994728
MA0680.3	39500	0.733905274395519	0.0832182030912738
MA0070.2	39500	0.807656371885882	0.0558992714429597
MA1113.3	39500	0.781156717766744	0.074255080092285
MA1114.2	39500	0.774307119082956	0.0517173761821132
MA0132.3	39500	0.877600676794355	0.0847337824177002
MA0681.3	39500	0.719862208238103	0.0883431703189441
MA0714.2	39500	0.885883174244812	0.0658999425952244
MA0782.3	39500	0.787997671886653	0.0559457856542356
MA1615.2	39500	0.854561214100336	0.0618289926417851
MA1548.2	39500	0.861848790538994	0.071730291992369
MA0784.3	39500	0.715346202284325	0.0685328012421176
MA0785.2	39500	0.806605697049127	0.0710408886749804
MA0507.3	39500	0.727943742948872	0.071334988851383
MA0627.3	39500	0.787626477751699	0.0744630600460851
MA0786.2	39500	0.79786781585182	0.075659485196159
MA0790.2	39500	0.748411829674156	0.0818054962843919
MA0683.2	39500	0.691818486073552	0.0685533943690634
MA0791.2	39500	0.742680380782569	0.0824182148366291
MA1115.2	39500	0.848641963934262	0.0751928005001029
MA0628.2	39500	0.816374452517943	0.0940117418814123
MA1549.2	39500	0.854961844674863	0.0635924021409563
MA0793.2	39500	0.8035232967334	0.0672697761380369
MA1148.2	39500	0.761899161808274	0.0366354603512368
MA1550.2	39500	0.758197160749701	0.04229493946981
MA0066.2	39500	0.745630382528972	0.0347152679423866
MA0065.3	39500	0.830624026823443	0.0393350098505991
MA0508.4	39500	0.877538639220719	0.0636536519345024
MA1998.2	39500	0.823106600867263	0.052636976316894
MA1616.2	39500	0.787544398914076	0.0475782405192793
MA1647.3	39500	0.79547378374723	0.0506860839522522
MA1999.2	39500	0.787165326980681	0.0462188538555043
MA1723.2	39500	0.824502643666345	0.0469265404323457
MA0716.2	39500	0.877363545519422	0.0818940282433029
MA0075.4	39500	0.821156385807771	0.0846719728081316
MA1618.2	39500	0.826255000777244	0.0556537469068349
MA1619.2	39500	0.841320052190783	0.0608908390427155
MA1620.2	39500	0.850108229513304	0.0580158961151966
MA1149.2	39500	0.794637015294998	0.0379672727505123
MA1552.2	39500	0.763543190648933	0.0408736169304505
MA0859.2	39500	0.708860145201238	0.04796951531042
MA1553.2	39500	0.749820569274417	0.0422961350973503
MA0718.2	39500	0.881063486216306	0.0810635393917315
MA0717.2	39500	0.88300002671669	0.0764720374986204
MA1116.2	39500	0.908793860014463	0.0711243343713775
MA1117.2	39500	0.86206932349512	0.0582453019449378
MA0138.3	39500	0.69661731690014	0.0404808364643132
MA0600.3	39500	0.724713653037169	0.0539694874645614
MA0799.3	39500	0.722126194471398	0.0509247138892709
MA0510.3	39500	0.715672716254677	0.053288318429842
MA1724.2	39500	0.80999868247253	0.0526053169363403
MA1554.2	39500	0.893753470626316	0.0386383237201812
MA0629.2	39500	0.845837565103152	0.0497132448005931
MA0719.2	39500	0.959007808728669	0.0358776938738134
MA0072.2	39500	0.779417835852965	0.0553191374135059
MA1150.2	39500	0.832883842195647	0.0481957090592385
MA1151.2	39500	0.847230711676494	0.0443551158384042
MA0073.2	39500	0.797134082054354	0.0478004655207043
MA0002.3	39500	0.866888903981275	0.0456518791490763
MA0684.3	39500	0.84278262144419	0.0576054017907182
MA1963.2	39500	0.804981512620596	0.0836888722470238
MA0743.3	39500	0.794308902111532	0.0506325833821757
MA0744.3	39500	0.793783328075173	0.0501077635246871
MA0630.2	39500	0.882105108703463	0.0827169861619269
MA0720.2	39500	0.872854584238087	0.0837066077795676
MA1118.2	39500	0.813271550377029	0.0558599120776637
MA1119.2	39500	0.769416599798481	0.053623859678189
MA0631.2	39500	0.760936115835326	0.0499451971301206
MA2001.2	39500	0.851030150540766	0.0626079597020302
MA1964.2	39500	0.902425032037108	0.0633936232707222
MA1153.2	39500	0.871921273375542	0.0622998328942054
MA1558.2	39500	0.897387824935836	0.0574441026482464
MA0745.3	39500	0.84829311823211	0.0582857899312507
MA1559.2	39500	0.848247178836826	0.0533435758328639
MA1560.2	39500	0.815935199241138	0.0606682221243141
MA0442.3	39500	0.884402551509086	0.073520966457461
MA0869.3	39500	0.845659512831202	0.0568700008717793
MA1561.2	39500	0.769979322412286	0.0507325651994889
MA1120.2	39500	0.849232531923102	0.0665896618053813
MA1562.2	39500	0.790397034217892	0.0556660625108454
MA1152.2	39500	0.909130530956332	0.06251239355997
MA0078.3	39500	0.789277753444789	0.0576619120318756
MA0514.3	39500	0.852545449637065	0.0639170493856408
MA0867.3	39500	0.878393577885967	0.0616220240499005
MA0087.3	39500	0.833968443033703	0.0567737570522504
MA0868.3	39500	0.873242177357217	0.0685359870211732
MA0077.2	39500	0.85191304692249	0.0551782023061907
MA0746.3	39500	0.858412343965148	0.067586567264954
MA1965.2	39500	0.948268572101274	0.0754659408361409
MA0747.2	39500	0.879465083760937	0.0528342118131137
MA1564.2	39500	0.88266015560565	0.0681609867204482
MA0080.7	39500	0.781342953899031	0.0507484038288596
MA0081.3	39500	0.793427582230443	0.0485198885297143
MA0687.2	39500	0.810487049915397	0.0453088132872055
MA0829.3	39500	0.783918077943163	0.057132864292001
MA0084.2	39500	0.902574287999845	0.0634732940489548
MA0137.4	39500	0.847883157938422	0.0572518581698871
MA0517.2	39500	0.801586130993284	0.055551011169937
MA1623.2	39500	0.805851708197825	0.072617496662158
MA0144.3	39500	0.869954904070255	0.0518923728832897
MA0518.2	39500	0.854425034189365	0.0533785602902383
MA1624.2	39500	0.816453047841736	0.0597278571775269
MA0519.2	39500	0.865663688889773	0.0521065544304895
MA1625.2	39500	0.812190412232668	0.0623901766448485
MA0520.2	39500	0.834424007893023	0.0592922428577317
MA0091.2	39500	0.824464912407693	0.0500990623756107
MA0108.3	39500	0.871009852387183	0.0846400432135262
MA0802.2	39500	0.819025987234985	0.0505861954117971
MA1565.2	39500	0.836290208503074	0.0491092479458642
MA0804.2	39500	0.70203917905266	0.0427048292093796
MA0688.2	39500	0.844324203816624	0.047202322532454
MA1567.3	39500	0.827222156523659	0.0494330259016726
MA0521.3	39500	0.882996039402125	0.0748865663975768
MA1648.2	39500	0.88896031583671	0.0573351651320744
MA0832.2	39500	0.758626332147923	0.0543412693150459
MA1568.2	39500	0.824569178708623	0.0407708599851589
MA0830.3	39500	0.8702087475714	0.0565145613618912
MA0769.3	39500	0.855292902368443	0.0671620590563886
MA0523.2	39500	0.844489829459327	0.0560656077946946
MA0632.3	39500	0.861879385989036	0.0696085291706095
MA0090.4	39500	0.805305610733831	0.0578502220061082
MA1121.2	39500	0.854491778665591	0.0598575185386105
MA0809.3	39500	0.831518398145603	0.0582810960223173
MA0810.2	39500	0.889866182065399	0.0537876913754866
MA0003.5	39500	0.845227118991282	0.0620311178503812
MA0811.2	39500	0.872977716576946	0.0524394742869474
MA0812.2	39500	0.868646994530213	0.0617141843905559
MA0524.3	39500	0.869982467501402	0.0523171334164059
MA0814.3	39500	0.849549602763536	0.060674560717179
MA1569.2	39500	0.893013209798416	0.0687492110686629
MA1966.2	39500	0.801297155173887	0.0460010724744246
MA1967.2	39500	0.734164322836606	0.0464278821514139
MA1968.2	39500	0.812013535155307	0.0485170017181645
MA1122.2	39500	0.863573517471981	0.0660402760772545
MA0692.2	39500	0.848959552273437	0.0562033208045875
MA0871.3	39500	0.808532095902344	0.0632366431015486
MA0597.3	39500	0.873786800966423	0.0555830200630034
MA1969.2	39500	0.738841722004195	0.040055310240945
MA1574.2	39500	0.804465026521904	0.0380445348778909
MA1575.2	39500	0.748165320196202	0.0422619038302634
MA1576.2	39500	0.74154523453837	0.0374459634617001
MA1577.2	39500	0.85784445217648	0.10027233926526
MA0861.2	39500	0.741943816212996	0.0423801778240165
MA1970.2	39500	0.809885123274681	0.0667799547411855
MA1123.3	39500	0.840025338870133	0.055505998194171
MA0633.3	39500	0.878226012586386	0.0778223490866062
MA0721.2	39500	0.878102897596438	0.078791245153599
MA0093.4	39500	0.782591928106707	0.0570160923214892
MA0526.5	39500	0.761627493902737	0.060804362411924
MA0722.2	39500	0.867450339242201	0.0682516002488884
MA0723.3	39500	0.914638536724069	0.0599398874814583
MA0693.4	39500	0.854924217679431	0.0627320104683064
MA1578.2	39500	0.914292525721092	0.0717179859903185
MA0725.2	39500	0.837511581897476	0.0791341680582063
MA0726.2	39500	0.827722894820179	0.0799456295964962
MA1627.2	39500	0.849896523931634	0.0616770948521678
MA0844.2	39500	0.779546811008463	0.0481536270423168
MA0095.4	39500	0.834697137681953	0.0660470508185105
MA0748.3	39500	0.860550442698914	0.0623556440012343
MA0749.2	39500	0.706897697047017	0.0447442091613
MA1971.2	39500	0.843719226539723	0.053925941848873
MA1649.2	39500	0.868737519627829	0.058010549616349
MA1650.2	39500	0.845816443189961	0.0716271243553401
MA0698.2	39500	0.796081414418824	0.0512009295986899
MA1579.2	39500	0.859997037778671	0.0588620764127737
MA0527.2	39500	0.788096376135057	0.0606738382814261
MA1581.2	39500	0.844155504801274	0.0543776967242112
MA0750.3	39500	0.846571852705399	0.0599182299705316
MA0694.2	39500	0.820857109370686	0.0525628523940335
MA0695.2	39500	0.876259558588299	0.0497349419903546
MA0103.4	39500	0.909072686635297	0.067142679352784
MA2002.2	39500	0.901855535500521	0.0504055494170516
MA1651.2	39500	0.754484874769866	0.0554497138072676
MA1583.2	39500	0.852691498311028	0.0615741805078442
MA0146.3	39500	0.879468267123356	0.0638885770724413
MA1628.2	39500	0.89398794182494	0.0579565670971438
MA1629.2	39500	0.839983081275012	0.0549303598996997
MA0697.3	39500	0.884510402511141	0.0629281002264082
MA0751.2	39500	0.808067621999037	0.0463888626267243
MA1584.2	39500	0.774815058798918	0.0494706974648249
MA1709.2	39500	0.790197367359486	0.0597443484974346
MA1585.2	39500	0.797126893405173	0.0533926982317754
MA1973.2	39500	0.744785117871904	0.045926471451845
MA1652.2	39500	0.852352738783802	0.0567223590256246
MA1589.2	39500	0.700749240523206	0.0385019183470416
MA1653.2	39500	0.86236050321423	0.0800827746520164
MA1654.2	39500	0.711443431678215	0.0357030723273022
MA1725.2	39500	0.824975060167488	0.0525709018221723
MA1974.2	39500	0.748920695173849	0.0636722941043798
MA1975.2	39500	0.779798373980823	0.0426454182467079
MA1710.2	39500	0.889790534402517	0.049248973175732
MA0528.3	39500	0.901306403374286	0.0680171955278798
MA1592.2	39500	0.790124821789361	0.0429783519186389
MA1630.3	39500	0.868538724988284	0.0778014742192619
MA1154.2	39500	0.751263025571376	0.0406931101315854
MA1593.2	39500	0.836780633032191	0.0579281931951616
MA1976.2	39500	0.762565100760112	0.0471079597925808
MA1977.2	39500	0.78467905302103	0.039379149171655
MA1726.2	39500	0.818136945418332	0.0543530231887575
MA1655.2	39500	0.844969733882186	0.0535279545770857
MA1711.2	39500	0.7487466268309	0.045485632944271
MA1978.2	39500	0.734541629315205	0.0608186099551467
MA1125.2	39500	0.832212685072471	0.11395379585771
MA0752.2	39500	0.683147175436198	0.0476793192157729
MA1979.2	39500	0.820993271531638	0.0498588983785676
MA1727.2	39500	0.852481270359172	0.0694016018001117
MA1656.2	39500	0.816146033874585	0.0511073867219824
MA1712.2	39500	0.800055126036821	0.0560156832843788
MA1981.2	39500	0.815122842869512	0.0525036853042358
MA1728.2	39500	0.863697694909391	0.0571834310454366
MA1982.2	39500	0.795035039812743	0.0465990852935057
MA1983.2	39500	0.674744312444885	0.0396193240067222
MA1713.2	39500	0.82190744453696	0.0763374832164639
MA1657.2	39500	0.787354037876013	0.0642232782773571
MA1984.2	39500	0.803193428968383	0.0432246210237313
MA1714.2	39500	0.746619438877722	0.0365381400515001
MA1729.2	39500	0.786062337305477	0.0508818644111749
MA1599.2	39500	0.795667594760893	0.0591427180557449
MA1600.2	39500	0.747032460806371	0.040697428522903
MA1986.2	39500	0.870869495424129	0.0684174790171853
MA1987.2	39500	0.796697400506558	0.0404071254170513
MA1730.2	39500	0.831157699901083	0.05059760261844
MA0753.3	39500	0.827509348784884	0.065997428337532
MA1716.2	39500	0.753993385793685	0.0430777375481143
MA1731.2	39500	0.868403591254527	0.0508534758398551
MA1717.2	39500	0.824691345555192	0.0520806650661421
MA1719.2	39500	0.755776196579991	0.0478609614602241
MA1720.2	39500	0.770118233369494	0.0505544661612284
MA1721.2	39500	0.792685186243764	0.0732402840625758
MA1602.2	39500	0.78723638268795	0.0449232399762686
MA1722.2	39500	0.709753045264482	0.036197185410664
