[SHORT TFBS MATRIX]
MA0004.1	39438	0.826759996052156	0.0749349250874041
MA0069.1	39438	0.741325396719814	0.0428024115958139
MA0071.1	39438	0.784970004780564	0.0609291942165486
MA0074.1	39438	0.728618445508427	0.0423606123284781
MA0101.1	39438	0.840170096589395	0.0511467974477345
MA0107.1	39438	0.792861952021864	0.0590590570175915
MA0111.1	39438	0.845768815251662	0.0344000571379836
MA0115.1	39438	0.644031951370543	0.0482053916554078
MA0116.1	39438	0.801648337987031	0.0467356344424287
MA0119.1	39438	0.710084406882617	0.0529370915921915
MA0130.1	39438	0.934095083050909	0.0519462053668641
MA0142.1	39438	0.709697601998011	0.065246438325646
MA0149.1	39438	0.659900291261851	0.0576490862389647
MA0151.1	39438	0.829539597259877	0.101933699004613
MA0155.1	39438	0.836143200479052	0.0454016126007685
MA0159.1	39438	0.776769645249658	0.0359942916678893
MA0163.1	39438	0.778267796318265	0.0551150934109865
MA0145.2	39438	0.815891237344099	0.0441219793066625
MA0468.1	39438	0.758433758366996	0.0718386442711692
MA0515.1	39438	0.826034850989206	0.062264051145651
MA0258.2	39438	0.775749345309106	0.0438695584542447
MA0595.1	39438	0.824540750714836	0.050001726486895
MA0596.1	39438	0.804111983677653	0.0519399879194858
MA0599.1	39438	0.907512039817482	0.0715870721307018
MA0604.1	39438	0.812777870160319	0.0619348429520009
MA0608.1	39438	0.802798891655947	0.0587106568023307
MA0613.1	39438	0.77437898312868	0.089107852060787
MA0614.1	39438	0.805065651992142	0.0820398276040547
MA0636.1	39438	0.747122575790065	0.0613000332295798
MA0641.1	39438	0.756028378352043	0.0585310641155295
MA0042.2	39438	0.803361719458576	0.0795438666595871
MA0033.2	39438	0.836901283191875	0.0777206297250835
MA0153.2	39438	0.675701775314566	0.0778223803418845
MA0486.2	39438	0.702211425277805	0.058658583378083
MA0653.1	39438	0.656470086780826	0.0544131426350548
MA0655.1	39438	0.730320509230118	0.0702267276149932
MA0660.1	39438	0.697156712603804	0.0795954576819477
MA0663.1	39438	0.742775910712043	0.0596213634411398
MA0665.1	39438	0.779078906877588	0.05199843881384
MA0667.1	39438	0.756748735067984	0.0571841624942198
MA0669.1	39438	0.759986040072309	0.0536074466600429
MA0676.1	39438	0.795068858764813	0.0653778432378601
MA0678.1	39438	0.758632119426067	0.0552111590376088
MA0068.2	39438	0.766248783038076	0.08003481273068
MA0512.2	39438	0.693238974644253	0.0487653051616113
MA0083.3	39438	0.65086637283825	0.0537187731288903
MA0009.2	39438	0.671659396358434	0.0454380844228656
MA0689.1	39438	0.766796929173472	0.0527147077154258
MA0691.1	39438	0.761184335601758	0.0629327312823796
MA0696.1	39438	0.755364746595751	0.0520950530365979
MA0713.1	39438	0.721407649837805	0.0852203378982961
MA0715.1	39438	0.68453167630559	0.0949264473133628
MA0724.1	39438	0.777293438877946	0.0730094315232068
MA0728.1	39438	0.681347864305571	0.0473698027274967
MA0729.1	39438	0.664491503025589	0.0444925798210793
MA0730.1	39438	0.684993162528172	0.0434418614876279
MA0731.1	39438	0.636654105835874	0.0482331795485385
MA0472.2	39438	0.789124871536915	0.0600974282800968
MA0736.1	39438	0.769518262724713	0.0495858464716188
MA0737.1	39438	0.721329298274996	0.0433284130527406
MA0741.1	39438	0.849865058752034	0.075299492179624
MA0088.2	39438	0.721479588737712	0.0455098945468559
MA0758.1	39438	0.659341909450235	0.0521949262864625
MA0770.1	39438	0.716146973016711	0.057513906336955
MA0771.1	39438	0.75118763449602	0.0509324831171563
MA0773.1	39438	0.704051087983998	0.0835510431789874
MA0774.1	39438	0.826294170405364	0.0641103801836237
MA0776.1	39438	0.713545580493249	0.048698936390637
MA0777.1	39438	0.684430685502808	0.0454729388975956
MA0105.4	39438	0.690759401320933	0.0571230738739159
MA0780.1	39438	0.675996773990755	0.0872139006056609
MA0783.1	39438	0.690189062546	0.0551032114069208
MA0787.1	39438	0.717972851148378	0.0820126541205064
MA0788.1	39438	0.711599207461952	0.0826440997612376
MA0789.1	39438	0.737997761677936	0.0847600856727254
MA0792.1	39438	0.764340516981219	0.0810447986305166
MA0794.1	39438	0.730363337720324	0.0472307601520449
MA0795.1	39438	0.72036513684045	0.053071416452626
MA0796.1	39438	0.662833648197302	0.0586919216949231
MA0797.1	39438	0.699472876589313	0.0539861295431539
MA0511.2	39438	0.801573283334493	0.0522830334740027
MA0801.1	39438	0.823662377670823	0.0534530107491505
MA0803.1	39438	0.800173632976002	0.0571173697379666
MA0805.1	39438	0.795838817392697	0.0596925907175914
MA0806.1	39438	0.82974074365723	0.0519961701279976
MA0807.1	39438	0.841284204911108	0.0498300731890996
MA0808.1	39438	0.833117111183646	0.0604302148040125
MA0813.1	39438	0.792483386193775	0.0624846759099734
MA0815.1	39438	0.785840131681565	0.0655839069323941
MA0816.1	39438	0.809042184720033	0.0583598483359312
MA0822.1	39438	0.705231273850731	0.057681057234266
MA0823.1	39438	0.778126208733972	0.0678607295154334
MA0826.1	39438	0.737450186785757	0.0587077401060531
MA0827.1	39438	0.787909957180727	0.0500483234549348
MA0838.1	39438	0.743752676613208	0.0554998913612463
MA0845.1	39438	0.74848432182491	0.0792399835873085
MA0032.2	39438	0.777124577656541	0.079689633282108
MA0848.1	39438	0.825134776769631	0.0761868542999674
MA0849.1	39438	0.808177704721201	0.0784170637828656
MA0850.1	39438	0.8737850694297	0.0583601770944761
MA0855.1	39438	0.68989730606169	0.0489321702629704
MA0856.1	39438	0.700164007694088	0.0484088100503401
MA0857.1	39438	0.650319071475412	0.0498898798300468
MA0858.1	39438	0.672424288364836	0.0466627517294182
MA0860.1	39438	0.665719306711241	0.0457236757730248
MA0525.2	39438	0.670312295954965	0.0433814509242679
MA0106.3	39438	0.683168054457989	0.0413503553350773
MA0862.1	39438	0.78418204329993	0.057902401795586
MA0863.1	39438	0.706347512935237	0.0425555756607836
MA0024.3	39438	0.747389030291384	0.0500148430496289
MA0866.1	39438	0.653152589041969	0.0626216123665865
MA0870.1	39438	0.655018044951987	0.0622072451160575
MA0872.1	39438	0.780123940036022	0.0670882124545189
MA1124.1	39438	0.667844687603865	0.0649541295095889
MA1155.1	39438	0.701940860082952	0.0482241776126991
MA1127.1	39438	0.722227174497505	0.0681393262610058
MA1129.1	39438	0.734509771036402	0.0669875118025585
MA1136.1	39438	0.751367647551289	0.0641441759346985
MA1420.1	39438	0.719038701031377	0.0453754348904987
MA1421.1	39438	0.731699599254014	0.0580931991156974
MA1468.1	39438	0.823940500836453	0.0438162966473062
MA1485.1	39438	0.747371270233322	0.0499721445533167
MA1489.1	39438	0.716612150717582	0.0922010550248379
MA1493.1	39438	0.775976553901014	0.0478155451155062
MA1509.1	39438	0.76070488307325	0.0528802672187131
MA1538.1	39438	0.711586149659909	0.0450255150669655
MA1539.1	39438	0.695894066741797	0.0458704418768325
MA1555.1	39438	0.738953520774032	0.0445162634688321
MA1556.1	39438	0.735620156191653	0.0467923294604314
MA1557.1	39438	0.754096798931085	0.0480571931948563
MA1570.1	39438	0.829491193408121	0.0540682850920632
MA1571.1	39438	0.721120324409418	0.0494667986469705
MA1572.1	39438	0.728267481813432	0.0492945841409585
MA1580.1	39438	0.735154154137277	0.0672204219962887
MA1587.1	39438	0.755091190748233	0.051468500833866
MA1588.1	39438	0.69529266314375	0.0500753442212891
MA1594.1	39438	0.65827877460864	0.0365718637630709
MA1596.1	39438	0.74786915716336	0.0659182929476754
MA1597.1	39438	0.681194396030777	0.0439136816318718
MA0158.2	39438	0.826248804065397	0.066218015884938
MA0912.2	39438	0.775544421169207	0.0735600084911247
MA0623.2	39438	0.75847092302998	0.0546280192052654
MA2093.1	39438	0.845108434949604	0.0652718865849439
MA2094.1	39438	0.767657653038966	0.0388735686847116
MA2095.1	39438	0.753979583287521	0.0645106602559086
MA2096.1	39438	0.812812444548972	0.0550204135823521
MA1715.1	39438	0.709472217035824	0.0453313624687393
MA2097.1	39438	0.739530452984418	0.0532350711841542
MA2098.1	39438	0.788274132191952	0.0676939205678001
MA2099.1	39438	0.857782031025845	0.0644272220139573
MA1718.1	39438	0.625137501334111	0.0486057106939722
MA2100.1	39438	0.615821576411437	0.0446963478139197
MA2101.1	39438	0.734048428040696	0.0583416874587882
MA1684.1	39438	0.924525054170482	0.0751724861084893
MA2102.1	39438	0.735071615776429	0.0689147894435561
MA1931.1	39438	0.711458871872761	0.0504478062568546
MA1957.1	39438	0.725021374019727	0.0483348063433665
MA1962.1	39438	0.686601884509061	0.0647448799442283
MA1972.1	39438	0.805374754769318	0.0475879877085172
MA1980.1	39438	0.74616069721607	0.0440657495638344
MA1985.1	39438	0.733758985081302	0.049112493458787
MA2117.1	39438	0.790828944829292	0.0813574379395902
MA2118.1	39438	0.770923330530362	0.0808515414237926
MA2119.1	39438	0.826688308209556	0.0755566310596208
MA2120.1	39438	0.795162394102198	0.0463309481763895
MA2121.1	39438	0.805732356965692	0.0705452426426898
MA2122.1	39438	0.758901735039366	0.0572430152670202
MA2123.1	39438	0.813619005766573	0.0545978328018646
MA2124.1	39438	0.747062129675706	0.117859247036929
MA2125.1	39438	0.826687445834821	0.0609386332780048
MA2126.1	39438	0.813226617480771	0.0726179821062829
MA0079.5	39438	0.874804175774654	0.0950886230247324
MA0509.3	39438	0.672724947244117	0.054966376300156
MA0516.3	39438	0.886548444811418	0.0860135884762471
MA0607.2	39438	0.73714508092589	0.0545010155044838
MA0685.2	39438	0.887252022030085	0.0872976874068848
MA0740.2	39438	0.891129142638997	0.0827075231766033
MA0742.2	39438	0.871859309437414	0.0914508831750428
MA0798.3	39438	0.678414158145495	0.0531305802737441
MA0818.2	39438	0.753438319527627	0.0537492923194891
MA0821.2	39438	0.794050632464161	0.0610042574697206
MA0831.3	39438	0.730384407086675	0.0647744873119747
MA0878.3	39438	0.756254099915787	0.0717960558151045
MA0884.2	39438	0.714514690954547	0.0721382886653161
MA1511.2	39438	0.87983494919227	0.0869942204869488
MA1532.2	39438	0.720417776279624	0.0419663687221103
MA1547.2	39438	0.795312462871374	0.0687101578827389
MA1563.2	39438	0.862353068553124	0.0632169155582089
MA1573.2	39438	0.704522116788621	0.0608004330946228
MA1601.2	39438	0.75195652513248	0.0469666467595781
MA1633.2	39438	0.754284388997865	0.068342011859761
MA2323.1	39438	0.647459863755031	0.0575926455626052
MA2324.1	39438	0.828351149757799	0.0624820998996362
MA2325.1	39438	0.792215390411205	0.057170945689365
MA2326.1	39438	0.887839869296556	0.0767527769099947
MA2327.1	39438	0.769139110760162	0.0818055576785578
MA2328.1	39438	0.8197006279822	0.0962818270196902
MA2329.1	39438	0.805269871433642	0.0666327235714095
MA2330.1	39438	0.781412763769386	0.0658776326974674
MA2331.1	39438	0.643497738550079	0.0403049697325289
MA2332.1	39438	0.796329037075937	0.0651082251294734
MA2333.1	39438	0.753022621876796	0.0947785677984838
MA2334.1	39438	0.710928905418982	0.0487480442644579
MA2335.1	39438	0.599195446327486	0.0546300412532888
MA2336.1	39438	0.819868043392533	0.0675786930451207
MA2337.1	39438	0.881402594320029	0.0698844769987937
MA2338.1	39438	0.815119090990032	0.0671286279418529
MA2339.1	39438	0.799858235361885	0.066771260410075
MA2340.1	39438	0.778672613512442	0.06074609048188
MA2341.1	39438	0.866128402519664	0.0601611445859908
MA0619.2	39438	0.809747343014055	0.0992207532750254
MA0006.2	39438	0.898997447644903	0.0798586196483866
MA0854.2	39438	0.747291921898973	0.0892377937233636
MA0634.2	39438	0.825234360435134	0.0897703413238205
MA0853.2	39438	0.719857672374134	0.0699562101217755
MA0690.3	39438	0.76532850123444	0.0506494574525377
MA0007.4	39438	0.702313823325447	0.0466556599855159
MA1463.2	39438	0.732465778904671	0.0953883958418494
MA0601.2	39438	0.783525815503594	0.113555020448521
MA0602.2	39438	0.755050321717296	0.094751360351111
MA0259.2	39438	0.885974061998763	0.080684829907001
MA1464.2	39438	0.784260836764197	0.0718797262282512
MA0603.2	39438	0.793410506843425	0.0669027236274062
MA0874.2	39438	0.741936551284086	0.0775917596344219
MA1100.3	39438	0.86148035392782	0.0573472772489917
MA1631.2	39438	0.828154133458689	0.0600968185549855
MA1632.2	39438	0.753729637530335	0.0730676321071256
MA1988.2	39438	0.799197750516445	0.077995426641194
MA0605.3	39438	0.716977664407586	0.0739039583381854
MA0833.3	39438	0.7433773125272	0.0655103351565849
MA1466.2	39438	0.713850032584443	0.0488579359232513
MA0834.2	39438	0.704984277587415	0.0721678680284712
MA0461.3	39438	0.807578387106352	0.0579899767523145
MA1467.3	39438	0.824310964867611	0.066548707971052
MA0591.2	39438	0.750986646160955	0.0495085839335828
MA0496.4	39438	0.751101515076456	0.0615333861765566
MA1101.3	39438	0.728471656113566	0.0592610806092056
MA1470.2	39438	0.672720530524943	0.0492954531098218
MA0877.4	39438	0.823258616422545	0.0725505427247463
MA0635.2	39438	0.863814694883674	0.0738075968297734
MA0875.2	39438	0.842350576100398	0.0868583177115421
MA1471.2	39438	0.784016391342177	0.0853651833034053
MA1634.2	39438	0.794405185122604	0.0808134373782687
MA0462.3	39438	0.794915314725771	0.0804430082778197
MA0489.3	39438	0.768935554862485	0.0746917693249115
MA0488.2	39438	0.776876389080276	0.0660046259468692
MA0835.3	39438	0.798987967221182	0.0789110097188017
MA1989.2	39438	0.763410706174576	0.0683961445521065
MA0463.3	39438	0.721602058624863	0.0487736941719374
MA1472.3	39438	0.802850260510504	0.0634684652075445
MA1635.2	39438	0.839011415573432	0.0892292894232323
MA0817.2	39438	0.735477471081527	0.0593251106037405
MA0464.3	39438	0.790798315798388	0.0681320152515039
MA1928.2	39438	0.789726678427475	0.0808309540303258
MA0876.2	39438	0.856904372638524	0.0846673055755214
MA0465.3	39438	0.760589096614011	0.0817578682713716
MA1473.2	39438	0.769146937794791	0.0795371808003043
MA0102.5	39438	0.740674868670505	0.0668969870384263
MA0466.4	39438	0.711784448573449	0.0550456589630948
MA0836.3	39438	0.772725886935514	0.0728050305260328
MA0837.3	39438	0.714430163459119	0.0552384479499787
MA1636.2	39438	0.744220459238089	0.0657910948686118
MA0819.3	39438	0.826221744608898	0.0640185547144079
MA0018.5	39438	0.770714526059455	0.0828966972571448
MA0638.2	39438	0.744506074945992	0.0515749664034079
MA0839.2	39438	0.718615392661076	0.0480403962839651
MA1474.2	39438	0.788595384581061	0.052039346583481
MA1475.2	39438	0.786527999709201	0.0628114544362028
MA0840.2	39438	0.727644429600825	0.0734880315923386
MA0609.3	39438	0.72021671889966	0.0707401718956295
MA0467.3	39438	0.799147240930254	0.0871221659175391
MA0139.2	39438	0.786621855157314	0.0499439922189938
MA1929.2	39438	0.673968266054448	0.0406236798876924
MA1930.2	39438	0.666585723307739	0.039785056843255
MA1102.3	39438	0.841787004846605	0.0715847800188215
MA0754.3	39438	0.728147145152459	0.0665195939452527
MA0650.4	39438	0.776917556450566	0.0815155116011427
MA0901.3	39438	0.746212140712435	0.091037424306012
MA0755.2	39438	0.723641943533672	0.0745911482330901
MA0639.2	39438	0.750254694171119	0.0687069919004321
MA0019.2	39438	0.807966687862155	0.048292890955894
MA0879.3	39438	0.853048116618366	0.0759394585573349
MA0885.3	39438	0.759359973552047	0.0707974092443285
MA0880.2	39438	0.829740739030805	0.0870479856356977
MA0881.2	39438	0.834630010369449	0.0841488915054133
MA1476.3	39438	0.759337387535231	0.0719951321306838
MA0882.2	39438	0.833872910959508	0.0859962447093993
MA0883.2	39438	0.779288866083163	0.061818656624666
MA1603.2	39438	0.748432155185135	0.0799737292873843
MA0610.2	39438	0.805477714429849	0.068964756688432
MA1707.2	39438	0.784316009834183	0.0626194118918469
MA1478.2	39438	0.89360733751741	0.0588378531155068
MA1479.2	39438	0.752071603311047	0.060725901173746
MA1480.2	39438	0.771610292393572	0.0624812816496583
MA1481.2	39438	0.823131538699065	0.0922443321992967
MA0611.3	39438	0.695800273688909	0.0778036139934875
MA0864.3	39438	0.749203522460808	0.0492392375555043
MA0469.4	39438	0.668870310985711	0.047886672159882
MA0756.3	39438	0.75869712624707	0.0637327928731873
MA0470.3	39438	0.731082563942758	0.0488769743314561
MA0471.3	39438	0.855379524746848	0.065295877695309
MA0865.3	39438	0.825736296180914	0.0598777393996232
MA0154.5	39438	0.765015103566832	0.0586527128394233
MA1604.2	39438	0.788802189072427	0.0632057341642399
MA1637.2	39438	0.789135218724625	0.0655643183352419
MA0162.5	39438	0.815764288690401	0.0758884781433767
MA0732.2	39438	0.773402528703443	0.0745123763874567
MA0733.2	39438	0.79417295841091	0.0678481435417233
MA0598.4	39438	0.821571712907122	0.0640703089411435
MA0473.4	39438	0.807180208577187	0.0643263403792694
MA1483.3	39438	0.81187737261898	0.0592953631641329
MA0640.3	39438	0.821144854951413	0.0623956120703544
MA0136.4	39438	0.834860234642817	0.063802506768621
MA0028.3	39438	0.78724945325421	0.06630787883847
MA0800.2	39438	0.78771294335497	0.0543857225259831
MA1708.2	39438	0.853430249065839	0.0588917933366649
MA1495.2	39438	0.842759719867627	0.0797464344437537
MA1932.2	39438	0.710799459435243	0.0450283372700663
MA0779.2	39438	0.732100803949806	0.0372509158233568
MA0014.4	39438	0.809579867811898	0.0585211628900324
MA0781.2	39438	0.705923051766995	0.0396401834554136
MA0686.2	39438	0.785957195597114	0.0536987382190973
MA1933.2	39438	0.726449404861491	0.0478606033858969
MA0828.3	39438	0.71083933966172	0.0643114733282181
MA0843.2	39438	0.74071811305854	0.0671048082939072
MA0759.3	39438	0.793709884027405	0.0666740129844793
MA0076.3	39438	0.839991284957125	0.0643042035546317
MA0612.3	39438	0.800612672500395	0.0929767036468512
MA0886.2	39438	0.800602850075475	0.0953232479247914
MA0027.3	39438	0.839430703257772	0.0879352009499269
MA0642.3	39438	0.829419672894518	0.0761998595444658
MA0760.2	39438	0.817356961399089	0.0565504443256194
MA1934.2	39438	0.76908774083661	0.0491832611359242
MA0820.2	39438	0.8978741519198	0.0628642453953897
MA1935.2	39438	0.850570127200296	0.0495124189789371
MA1936.2	39438	0.820946116960686	0.0436873726704877
MA0480.3	39438	0.799883528300424	0.0774361490028282
MA1937.2	39438	0.780749104396085	0.0466571441418653
MA0058.4	39438	0.81608850635189	0.0804409443854517
MA1938.2	39438	0.744009199072838	0.0432459750452725
MA0048.3	39438	0.816946757108366	0.0633735323503778
MA1939.2	39438	0.715542322492741	0.0409884440734045
MA0474.4	39438	0.800422757532583	0.0608345617997105
MA0112.4	39438	0.693575187571879	0.047424767307305
MA0592.4	39438	0.760877036900239	0.0610174197541496
MA0141.4	39438	0.740316069421989	0.0601117458477233
MA0643.2	39438	0.795021894800762	0.0552422733470792
MA0644.3	39438	0.808174898808223	0.0847416971174324
MA0098.4	39438	0.830986603923419	0.0587999394869597
MA1484.2	39438	0.83119449588527	0.0582467855370998
MA0761.3	39438	0.808780389845594	0.0637474932051142
MA0762.2	39438	0.801965872104791	0.0588320847856706
MA1940.2	39438	0.743080414267737	0.0515993012280684
MA1941.2	39438	0.756329484612581	0.0484582942464225
MA1942.2	39438	0.803460055232892	0.0548302555679471
MA1943.2	39438	0.7515382045681	0.0474854230718697
MA0763.2	39438	0.822763122209397	0.0540304000011603
MA0764.4	39438	0.820358130647633	0.0616587149672599
MA0765.4	39438	0.787472757189114	0.0653082479466618
MA1944.2	39438	0.759742804797091	0.0470336586466366
MA1945.2	39438	0.761579979632366	0.0482915892678331
MA1946.2	39438	0.795817866051724	0.043861596940374
MA1947.2	39438	0.825530654404582	0.0466225798875986
MA1948.2	39438	0.767974180342866	0.0440068121260224
MA0900.3	39438	0.794826753440359	0.0963260086583664
MA0645.2	39438	0.835741179013027	0.0620952074959498
MA0887.2	39438	0.84404440373598	0.0841014006095041
MA0888.2	39438	0.843416895104854	0.0834019879213995
MA0156.4	39438	0.786962365422469	0.0640803428931502
MA0475.3	39438	0.813736623161215	0.060464421867628
MA1949.2	39438	0.732497572753217	0.045260389068944
MA1950.2	39438	0.782003128645958	0.0568383599277362
MA0476.2	39438	0.778983827534455	0.078143189266982
MA1951.2	39438	0.696845769674438	0.061392133129837
MA0099.4	39438	0.782220913960487	0.0667780732131417
MA1126.2	39438	0.746975621760519	0.0659878817511011
MA1134.2	39438	0.766459193772292	0.0690154265382373
MA1140.3	39438	0.700372290912434	0.0671659506657227
MA0490.3	39438	0.734536457864767	0.0738056349524236
MA1141.2	39438	0.772417573959512	0.0685537799457689
MA0492.2	39438	0.777352491239706	0.0635573975931236
MA0491.3	39438	0.735821668381624	0.0730690246876958
MA1135.2	39438	0.773395908097524	0.0694989890264395
MA0477.3	39438	0.748612694468314	0.0722816334148566
MA1128.2	39438	0.777599950502292	0.0677254189703084
MA1137.2	39438	0.779167874056261	0.0661181033082637
MA1142.2	39438	0.824359444550411	0.0630440376191146
MA1143.2	39438	0.791768913589532	0.0636180838301975
MA0478.2	39438	0.794304385628709	0.0621188866193218
MA1130.2	39438	0.781107125696363	0.06842665379636
MA1131.2	39438	0.751611637707414	0.069724797059957
MA1138.2	39438	0.767182267381946	0.0713731433748808
MA1139.2	39438	0.722912060792936	0.0735838558217544
MA1144.2	39438	0.771415696332568	0.0688614126338202
MA1145.2	39438	0.747065009789958	0.0712004897158024
MA0148.5	39438	0.758921275814963	0.0804387628657419
MA0047.4	39438	0.784459598763936	0.0826536425607612
MA1683.2	39438	0.786757900157521	0.083807222945519
MA0846.2	39438	0.779223482968329	0.0780732865226054
MA0031.2	39438	0.7976391829074	0.0801145966770785
MA0847.4	39438	0.764909668704857	0.0775799440053431
MA0041.3	39438	0.740038267455997	0.0774108696145546
MA1487.3	39438	0.751025383295542	0.0754940323952405
MA1606.2	39438	0.797404205931685	0.0881374566694869
MA0030.2	39438	0.768493354358399	0.0764348912638135
MA0479.2	39438	0.78999857121315	0.0732235933889226
MA1952.2	39438	0.80364149203326	0.057099514946805
MA0682.3	39438	0.817676703233406	0.0778641828385382
MA0851.2	39438	0.772429815542203	0.0825163170520906
MA0852.3	39438	0.801579069228742	0.0802058268270892
MA1103.3	39438	0.786935760708545	0.0855779437595512
MA1607.2	39438	0.739303502126514	0.0825114441825994
MA1953.2	39438	0.772168098677774	0.0510224358863935
MA1954.2	39438	0.767595839246844	0.0541740997668114
MA1955.2	39438	0.761334272612345	0.0531400218561888
MA1956.2	39438	0.752125821332332	0.0536505788065281
MA0157.4	39438	0.796903265253114	0.0818971337308963
MA0481.4	39438	0.790460196210655	0.0842456747758673
MA0593.2	39438	0.79493698080423	0.0806969031605372
MA0040.2	39438	0.765213349946309	0.0777538418080865
MA0062.4	39438	0.789386762811492	0.0611698497882524
MA0035.5	39438	0.79742818974182	0.0744854499020264
MA0140.3	39438	0.734374766281033	0.0579958021614084
MA0036.4	39438	0.790882782809711	0.0793746371221791
MA0037.5	39438	0.772479714383542	0.0729178011626928
MA0482.3	39438	0.783411192980821	0.0678147243681716
MA0766.3	39438	0.821929697062641	0.068555682177838
MA1104.3	39438	0.771893024609181	0.0744870651978662
MA0889.2	39438	0.79837998308714	0.0886467328524379
MA0890.2	39438	0.810868684018517	0.094484806905701
MA0646.2	39438	0.787896775938195	0.0463331442852944
MA0143.5	39438	0.811586630665616	0.0747011511947192
MA0767.2	39438	0.828293794588819	0.0497561377793116
MA0038.3	39438	0.768009467182435	0.058002573882174
MA0483.2	39438	0.809675048399122	0.0582268397750669
MA1990.2	39438	0.771220060496943	0.0524673679535915
MA0734.4	39438	0.795940376686687	0.0547297121825276
MA1491.3	39438	0.705769750898213	0.0457589243432662
MA0735.2	39438	0.68378347392788	0.0470257753583233
MA0615.2	39438	0.865127140226286	0.0628693019302496
MA0647.2	39438	0.724050918421505	0.0607424871024576
MA1105.3	39438	0.779458140901506	0.0632634813700026
MA0648.2	39438	0.819965552391833	0.0840996850264159
MA0891.2	39438	0.84088890507335	0.0738175203019697
MA0892.2	39438	0.863830646738265	0.0734399715425997
MA0893.3	39438	0.866787086368337	0.065030568241765
MA0092.2	39438	0.859467232362397	0.0457491814118198
MA0522.4	39438	0.858467014845382	0.0629708289159964
MA1638.2	39438	0.852510818493061	0.0667660353380155
MA1099.3	39438	0.841776232795702	0.0753538135395795
MA0616.3	39438	0.796759982679501	0.0721460591713051
MA0894.2	39438	0.806468641918471	0.0987688972264585
MA0649.2	39438	0.803599117866852	0.0605729424124006
MA0739.2	39438	0.849472017068302	0.0489608671407033
MA0738.2	39438	0.925714449124905	0.0519236322237094
MA1106.2	39438	0.828974236217792	0.0708361281556262
MA0131.3	39438	0.838525644704002	0.0647654535672598
MA0043.4	39438	0.744904780614702	0.0751469211452384
MA0895.2	39438	0.822516321362666	0.0709298803779232
MA0896.2	39438	0.757238121969103	0.0690977032646043
MA0897.2	39438	0.707874998079416	0.064172353013385
MA0898.2	39438	0.757769970955975	0.0706176831367123
MA1991.2	39438	0.767300853748747	0.0601532951082125
MA0046.3	39438	0.688254854509475	0.078772907650321
MA1494.2	39438	0.70064785357541	0.0476613632239371
MA0114.5	39438	0.758147042719795	0.0619953407497751
MA0484.3	39438	0.762980198262316	0.0606886081700881
MA0899.2	39438	0.787249157320218	0.0841478311291144
MA0911.2	39438	0.786080533898271	0.0632994416126219
MA1496.2	39438	0.868720781611264	0.0576347423568246
MA1497.2	39438	0.842054084677871	0.0670643410635488
MA1498.3	39438	0.86772960600489	0.0779589608459941
MA0594.3	39438	0.85054475341822	0.0552468720825024
MA0902.3	39438	0.849778784430967	0.0849293045093855
MA1566.3	39438	0.786346614867644	0.0532320813242519
MA0903.2	39438	0.854083542217428	0.0834663842321943
MA1499.2	39438	0.824130391875995	0.0885183668364302
MA0904.3	39438	0.824629172482758	0.0844244881177209
MA1500.2	39438	0.861047600251965	0.0619786170888188
MA1501.2	39438	0.827185324610817	0.0651105214161778
MA1502.2	39438	0.833979747405393	0.0773271964250875
MA1503.2	39438	0.755193242595709	0.0673320585718619
MA0905.2	39438	0.78979793141294	0.0711793023151472
MA0651.3	39438	0.700391447530237	0.0604851021143911
MA0906.2	39438	0.737720965916009	0.0628730622708046
MA0907.2	39438	0.740646062352878	0.0702117778644523
MA1504.2	39438	0.846669714526841	0.0830529110558089
MA1505.2	39438	0.859731856642741	0.0734153540681761
MA0485.3	39438	0.740649216678857	0.0691919021317882
MA1506.2	39438	0.737662098884117	0.0615619197150965
MA0908.2	39438	0.773351671379108	0.0718059758841285
MA0873.2	39438	0.749174933182068	0.0603730583760725
MA1958.2	39438	0.699577619345081	0.050523782581256
MA0909.4	39438	0.774211148387047	0.093292535187693
MA1507.2	39438	0.839826637968688	0.0856367284171848
MA0910.3	39438	0.834721377381586	0.0767987563696488
MA0913.3	39438	0.770477913843202	0.0820280093602772
MA1508.2	39438	0.820455631074702	0.0658157286547782
MA1992.2	39438	0.820687575510051	0.0605613935082909
MA0050.4	39438	0.738045160090005	0.0752830733217889
MA0051.2	39438	0.730922764011625	0.0535643086340118
MA1418.2	39438	0.684294005209798	0.0555307033080667
MA1419.2	39438	0.669964749646037	0.0525654106064
MA0772.2	39438	0.722532330389708	0.0649499494722465
MA0652.2	39438	0.685524091130984	0.0537611931514821
MA1608.2	39438	0.792971336308171	0.0727572500293708
MA0914.2	39438	0.870859843368374	0.0670561011809725
MA0654.2	39438	0.805444847514854	0.0967356787023488
MA0656.2	39438	0.72039577497054	0.07303877228889
MA1132.2	39438	0.814757178337015	0.0629980532529967
MA1133.2	39438	0.742587873937736	0.063375288930492
MA0493.3	39438	0.903650983200993	0.0865676850296162
MA1512.2	39438	0.852355085305887	0.0695088800814052
MA0657.2	39438	0.725303235513649	0.0490867141014129
MA1513.2	39438	0.865772487532526	0.109762250429529
MA1514.2	39438	0.765809800377637	0.0547917731605397
MA1515.2	39438	0.895485835245573	0.0769484069112336
MA1516.2	39438	0.827398568529626	0.0725954701388965
MA0039.5	39438	0.872543243959743	0.079730251735469
MA1517.2	39438	0.867995801408303	0.0664307308887064
MA1959.2	39438	0.894706276714838	0.0892468501610281
MA1107.3	39438	0.793985922909399	0.0668622024363164
MA0618.2	39438	0.81914211951412	0.0719123350810733
MA0699.2	39438	0.838410733941301	0.0803306949688207
MA0768.3	39438	0.778668530247417	0.0699383355666018
MA1518.3	39438	0.718538656372391	0.0686877662715323
MA0700.3	39438	0.793705375349649	0.0953551865865981
MA0135.2	39438	0.730191258147588	0.0858666070558846
MA0704.2	39438	0.831421791764192	0.0837668677497208
MA1519.2	39438	0.790282467319425	0.0883094528894829
MA0658.2	39438	0.778567734913794	0.0754041753438182
MA0705.2	39438	0.843283179410824	0.0805066057896755
MA0701.3	39438	0.791707590814406	0.0835888976073298
MA0702.3	39438	0.747164165517221	0.0996944493446936
MA0703.3	39438	0.704769347746696	0.104570302733925
MA1520.2	39438	0.73495688635394	0.0460671401619392
MA0501.2	39438	0.74706237034168	0.0538696463787848
MA0841.2	39438	0.718908966435629	0.0657642286532226
MA1521.2	39438	0.741854939449326	0.04613329781835
MA0117.3	39438	0.785662808798032	0.054728118616863
MA0495.4	39438	0.733993596907093	0.0602399461659464
MA0659.4	39438	0.725799385097343	0.0539816556631911
MA0089.3	39438	0.731548923465936	0.0560953074208582
MA0059.2	39438	0.771882317022583	0.0552588974868686
MA0147.4	39438	0.797508092800438	0.0660536896128243
MA1522.2	39438	0.869028081281953	0.0850017291443445
MA0029.2	39438	0.726457503837642	0.0658802991039356
MA0052.5	39438	0.729365572300446	0.08805252473672
MA0497.2	39438	0.767805611709131	0.0754126981403306
MA0498.3	39438	0.915347457501298	0.0654542990627782
MA1639.2	39438	0.751779894452924	0.0738098336934996
MA1640.2	39438	0.737474146973623	0.0815597501979926
MA0775.2	39438	0.865152183606047	0.0607450503133271
MA0661.2	39438	0.814949902591717	0.0762355270027896
MA0706.2	39438	0.823089743846573	0.0731324681787209
MA1960.2	39438	0.751444979018562	0.0566290440246879
MA0620.4	39438	0.742995507410923	0.064712140370816
MA0621.2	39438	0.718344193342455	0.11495224893621
MA0662.2	39438	0.834682402028094	0.0857558475295829
MA0622.2	39438	0.775897188836486	0.100211057152777
MA0664.2	39438	0.799989974398523	0.0679792320179303
MA0825.2	39438	0.825526864223594	0.0732925195992423
MA0707.3	39438	0.854147394552178	0.0831318278076387
MA1523.2	39438	0.856844746271798	0.0612056549674786
MA1524.3	39438	0.770585949081005	0.0559832340981291
MA0666.3	39438	0.81967307389281	0.0884949184622285
MA0708.3	39438	0.828797355887706	0.0843214443463048
MA0709.2	39438	0.804560476096396	0.0955367230294838
MA1108.3	39438	0.83613149711099	0.0769162648538467
MA0100.4	39438	0.844989546341832	0.0668523141659325
MA0104.5	39438	0.781051434648402	0.0649684941944905
MA1641.2	39438	0.796552600005148	0.0667359151664609
MA0499.3	39438	0.810568779736371	0.0561881254418384
MA0500.3	39438	0.821294297885625	0.0755097523596231
MA0056.3	39438	0.809113340813299	0.057727492834773
MA1109.2	39438	0.820828675243666	0.0589819247613349
MA1993.2	39438	0.843210014999157	0.0865578579160187
MA0668.3	39438	0.818108590500134	0.0589278401819393
MA1642.2	39438	0.829537323035092	0.065425080644161
MA0606.3	39438	0.800763287375943	0.0717261677077591
MA0624.3	39438	0.855815144095754	0.0800619547175992
MA0152.3	39438	0.792807632358947	0.0743984177649854
MA0625.3	39438	0.920020366306573	0.0520251702260261
MA1525.3	39438	0.829351678032741	0.0638995485860666
MA0150.3	39438	0.744477380591192	0.0550201343810303
MA0670.2	39438	0.823275352029346	0.0837091290286285
MA1643.2	39438	0.691693394974277	0.0505749521054359
MA0161.3	39438	0.821240479049753	0.0660012532584352
MA1527.2	39438	0.719613199189536	0.0548027329660593
MA0025.3	39438	0.74363874446795	0.0803762140435726
MA0671.2	39438	0.920502126481358	0.0476378821355555
MA1528.2	39438	0.739204390033761	0.0552778610726427
MA0778.2	39438	0.737210750833061	0.0620048848868744
MA0060.4	39438	0.811256909991306	0.0723254291580141
MA0502.3	39438	0.801530824933241	0.06727609152936
MA1644.2	39438	0.821154535993711	0.0760933909966999
MA1529.2	39438	0.727977632895893	0.0540238125608361
MA1994.2	39438	0.794960441389132	0.0711512796075485
MA1645.2	39438	0.804797047342509	0.0558298975591594
MA0672.2	39438	0.84321385796073	0.0539948371462702
MA2003.2	39438	0.864179290433799	0.0468458818586387
MA0063.3	39438	0.810812844269946	0.0670444424745665
MA0673.2	39438	0.87427412102119	0.0456905578672668
MA0124.3	39438	0.829925597827198	0.0623695397029673
MA0122.4	39438	0.751921253150748	0.0673540305476414
MA0674.2	39438	0.822236547527723	0.0782670976478531
MA0675.2	39438	0.850222287510314	0.087981184820448
MA1530.2	39438	0.826477550679157	0.0698740599702542
MA0125.2	39438	0.833590698904199	0.0852087159316892
MA0710.2	39438	0.82367714337485	0.082900764412575
MA0626.2	39438	0.810591586262151	0.0654005169840027
MA1995.2	39438	0.801094307497402	0.0584066518103856
MA1531.2	39438	0.749446534580379	0.0421536402185073
MA1996.2	39438	0.843349916180699	0.074719527304507
MA0494.2	39438	0.779819192466669	0.0391190349880911
MA1110.3	39438	0.853143278015199	0.0700830224868048
MA1146.2	39438	0.741500710785803	0.0411268839907236
MA1533.2	39438	0.772193978084919	0.0378480597781733
MA1534.2	39438	0.820763188017051	0.0606498828181622
MA1535.2	39438	0.898976267207356	0.0621310070014282
MA0504.2	39438	0.805678889967772	0.0414928341593169
MA1536.2	39438	0.932409569740239	0.0433269935231479
MA0164.2	39438	0.787260034005837	0.0873425578536219
MA0017.3	39438	0.786331030912887	0.0568211355255152
MA1537.2	39438	0.730554996037192	0.0450613781932883
MA1111.2	39438	0.814481482276007	0.0680447640734783
MA0677.2	39438	0.718014045872421	0.0472228654473871
MA0113.4	39438	0.696488419781325	0.0522370704892969
MA0727.2	39438	0.69762081250179	0.0522830311141925
MA1112.3	39438	0.794235019816193	0.0669499144186471
MA0160.3	39438	0.826039367000507	0.0566698559390085
MA1147.2	39438	0.758454966051686	0.04089920639965
MA1540.3	39438	0.719154271678913	0.0538978829957415
MA0505.3	39438	0.770525081097183	0.058761030658464
MA1541.2	39438	0.733286160643983	0.0460357536998893
MA0506.3	39438	0.76693524914597	0.0826492743028933
MA0842.3	39438	0.760268234362004	0.0546953659541291
MA1997.2	39438	0.848001295985665	0.0839028726356273
MA0679.3	39438	0.715031619669566	0.0881550258144374
MA0757.2	39438	0.679624394925291	0.0836577714706173
MA1542.2	39438	0.822389478905466	0.0513617432768044
MA1646.2	39438	0.822103460014391	0.060273300234485
MA0711.2	39438	0.839121194439874	0.0712583016301254
MA0712.3	39438	0.807478374566883	0.0768839678517996
MA1544.2	39438	0.728689297087324	0.0578205082265188
MA1545.2	39438	0.784372978332349	0.0598246134174945
MA1961.2	39438	0.870483169150666	0.0896490147552436
MA0067.3	39438	0.756381189932986	0.0379083904924681
MA1546.2	39438	0.73071218296272	0.0417052251308627
MA0680.3	39438	0.677507322673931	0.0935822556596726
MA0070.2	39438	0.771933561980183	0.062564912022605
MA1113.3	39438	0.730386485699155	0.0834899396278821
MA1114.2	39438	0.744061430697883	0.0551465247665735
MA0132.3	39438	0.82088680743432	0.0957929351445519
MA0681.3	39438	0.659278328210222	0.0995582913319658
MA0714.2	39438	0.83932461214648	0.0724032398545584
MA0782.3	39438	0.754490025408125	0.0603226781337847
MA1615.2	39438	0.825382020209937	0.0668142156227763
MA1548.2	39438	0.833898415371593	0.0786464050395081
MA0784.3	39438	0.669057628645313	0.0761219234781369
MA0785.2	39438	0.758846129866929	0.0795533517979312
MA0507.3	39438	0.680520241106433	0.0782980370014804
MA0627.3	39438	0.736847656048073	0.0835509370407093
MA0786.2	39438	0.746246550717722	0.085649870199344
MA0790.2	39438	0.691631296466006	0.0916940505511465
MA0683.2	39438	0.644832091784361	0.0756313900224125
MA0791.2	39438	0.685609865375099	0.0925054726788123
MA1115.2	39438	0.796354628984059	0.0852992145618602
MA0628.2	39438	0.753116383551247	0.104749658763294
MA1549.2	39438	0.812919881538671	0.0720131604652611
MA0793.2	39438	0.758314420959218	0.0746806039624442
MA1148.2	39438	0.736701040038651	0.0399835526807681
MA1550.2	39438	0.730740275847325	0.0449428980932431
MA0066.2	39438	0.721356083307392	0.0378693775511582
MA0065.3	39438	0.806432354032627	0.0433704021121378
MA0508.4	39438	0.835730908880376	0.0731957982353321
MA1998.2	39438	0.788075975302364	0.0560030459005631
MA1616.2	39438	0.755601720372175	0.0518693526368725
MA1647.3	39438	0.761380873844422	0.0563454805406002
MA1999.2	39438	0.756473408316962	0.0495348608185727
MA1723.2	39438	0.802911019744447	0.0529552545240258
MA0716.2	39438	0.820974661244005	0.0964777455367058
MA0075.4	39438	0.765898260182782	0.0951559865587495
MA1618.2	39438	0.789759485431997	0.0610810630994532
MA1619.2	39438	0.807123203534242	0.0670506878680139
MA1620.2	39438	0.813009652095793	0.0614151790455431
MA1149.2	39438	0.773486936661458	0.0407583551819727
MA1552.2	39438	0.739133581850826	0.0434471404640713
MA0859.2	39438	0.675604447792278	0.0489805947605236
MA1553.2	39438	0.722922620520179	0.044992724591487
MA0718.2	39438	0.825027603835929	0.0958116942140382
MA0717.2	39438	0.831457866224744	0.0890259336331983
MA1116.2	39438	0.868955458421564	0.0737686410895859
MA1117.2	39438	0.824828439172038	0.0654403360348225
MA0138.3	39438	0.675539575628009	0.0418991805042267
MA0600.3	39438	0.695104363482582	0.0582309984752242
MA0799.3	39438	0.695842903013562	0.0544059197978918
MA0510.3	39438	0.687438441551691	0.0570644602570326
MA1724.2	39438	0.779777531507793	0.0577810032526704
MA1554.2	39438	0.873013896732921	0.0432647485013797
MA0629.2	39438	0.8127410904067	0.0564764452386918
MA0719.2	39438	0.928378021384678	0.0497455944765242
MA0072.2	39438	0.741111754513516	0.0614181710999455
MA1150.2	39438	0.799159828030684	0.0537432802626699
MA1151.2	39438	0.816380003429049	0.0489289217972944
MA0073.2	39438	0.770935034131874	0.0510076552902226
MA0002.3	39438	0.83753915348736	0.0513456365181827
MA0684.3	39438	0.803855823163811	0.0629736888505346
MA1963.2	39438	0.748433622050073	0.0932859557265684
MA0743.3	39438	0.761676210727746	0.0552499425687065
MA0744.3	39438	0.762503806434943	0.0546102934200897
MA0630.2	39438	0.824646127622277	0.097579072496483
MA0720.2	39438	0.816364582050763	0.0977633059720523
MA1118.2	39438	0.775744336475744	0.0630268093860536
MA1119.2	39438	0.733482521915655	0.0604707351618777
MA0631.2	39438	0.725034647347173	0.0543270107803067
MA2001.2	39438	0.808607664989242	0.0703726828770485
MA1964.2	39438	0.87137827072114	0.0630877294854415
MA1153.2	39438	0.838414644327387	0.0621110765691461
MA1558.2	39438	0.863606522067599	0.0611500528405855
MA0745.3	39438	0.812604065669059	0.0613137468058471
MA1559.2	39438	0.81563854519033	0.0572122156490478
MA1560.2	39438	0.786909325424249	0.0658478114879021
MA0442.3	39438	0.838681505143061	0.0856822701541807
MA0869.3	39438	0.806654179348801	0.0655767773583997
MA1561.2	39438	0.73567823327718	0.0568516660118938
MA1120.2	39438	0.805416713270848	0.077584985595072
MA1562.2	39438	0.753381641510721	0.0633677214153003
MA1152.2	39438	0.863743177872763	0.0775703936324352
MA0078.3	39438	0.749577704728241	0.0664161256912875
MA0514.3	39438	0.810124845807857	0.0747229555745748
MA0867.3	39438	0.83564148488372	0.0732151471878835
MA0087.3	39438	0.796610992771337	0.0644721388153583
MA0868.3	39438	0.825054218581303	0.0822602040573702
MA0077.2	39438	0.81582063099151	0.0642898161136864
MA0746.3	39438	0.83894138742623	0.0758095622548068
MA1965.2	39438	0.916244060450992	0.0873598710169141
MA0747.2	39438	0.859929783071895	0.0599220151499028
MA1564.2	39438	0.862419186385325	0.0771533242059985
MA0080.7	39438	0.752075808998297	0.057857143867126
MA0081.3	39438	0.766138537706713	0.0548379597134162
MA0687.2	39438	0.781538917167364	0.0511835011182099
MA0829.3	39438	0.749728001867667	0.0606373393784648
MA0084.2	39438	0.856231682298568	0.0783442351090886
MA0137.4	39438	0.810900779521473	0.0643152009448526
MA0517.2	39438	0.762505268065314	0.0643764158339228
MA1623.2	39438	0.754574963211865	0.0839288519011845
MA0144.3	39438	0.834660244656725	0.0603584896124457
MA0518.2	39438	0.818916708419013	0.060907915274154
MA1624.2	39438	0.776796925948781	0.0672161494703396
MA0519.2	39438	0.829589008417072	0.0600104642598888
MA1625.2	39438	0.770868306857875	0.070149470422753
MA0520.2	39438	0.792664415202262	0.0682173888745104
MA0091.2	39438	0.791534709209891	0.0552865519342462
MA0108.3	39438	0.811715027263003	0.103223280955537
MA0802.2	39438	0.783827109100179	0.0548417148474452
MA1565.2	39438	0.803270514726986	0.0526986962464695
MA0804.2	39438	0.673125808739944	0.0453729276259108
MA0688.2	39438	0.811444647399699	0.0511949210691586
MA1567.3	39438	0.794378180485846	0.0533544202248231
MA0521.3	39438	0.846743950334983	0.0834168760947214
MA1648.2	39438	0.860081307204058	0.0637961183290639
MA0832.2	39438	0.725364302625151	0.0591510250488517
MA1568.2	39438	0.798875023434394	0.043317274784848
MA0830.3	39438	0.840876684647955	0.0611703752639703
MA0769.3	39438	0.809535850018521	0.0787142724540544
MA0523.2	39438	0.80598838036719	0.0650224373720879
MA0632.3	39438	0.839500043371285	0.0758252185927787
MA0090.4	39438	0.766225647048416	0.0639185671145665
MA1121.2	39438	0.814486313600935	0.0658410808968259
MA0809.3	39438	0.791856008616872	0.0650367374632041
MA0810.2	39438	0.869794099655516	0.0605077887912269
MA0003.5	39438	0.815285365516065	0.0681104605209535
MA0811.2	39438	0.851646152523732	0.0583320126804384
MA0812.2	39438	0.843112094623119	0.0689779994246733
MA0524.3	39438	0.848515264173235	0.0581046949222354
MA0814.3	39438	0.821769557002325	0.0665387732288724
MA1569.2	39438	0.866938623479887	0.0771745649631827
MA1966.2	39438	0.780780863984053	0.0501352480277901
MA1967.2	39438	0.710293451675353	0.0502123401980282
MA1968.2	39438	0.781579415640069	0.0529092629755292
MA1122.2	39438	0.840680301831786	0.0717227342314558
MA0692.2	39438	0.818199616564972	0.0622676074095684
MA0871.3	39438	0.776548712151361	0.0691512919689268
MA0597.3	39438	0.845633867252248	0.0594906048499848
MA1969.2	39438	0.714443337633849	0.039898100500024
MA1574.2	39438	0.780943327795384	0.0406663610015094
MA1575.2	39438	0.724804931194163	0.0447333047285642
MA1576.2	39438	0.718443342017534	0.0394792717796331
MA1577.2	39438	0.79096157640624	0.112733293459347
MA0861.2	39438	0.716362873963472	0.0448935271346917
MA1970.2	39438	0.763685698088287	0.0758764859761896
MA1123.3	39438	0.804189695058136	0.0609503594026239
MA0633.3	39438	0.843684736756482	0.0863356067794834
MA0721.2	39438	0.824237229095927	0.0920491021521508
MA0093.4	39438	0.751015440664959	0.0623944309945538
MA0526.5	39438	0.730739670534965	0.0652528566951522
MA0722.2	39438	0.820925295077611	0.0790396612851587
MA0723.3	39438	0.871192403168462	0.0755587733535621
MA0693.4	39438	0.810359882621105	0.0703484976977438
MA1578.2	39438	0.886214872769806	0.0802883170669034
MA0725.2	39438	0.783800468431796	0.0904697330937757
MA0726.2	39438	0.774026492296249	0.0903123236241695
MA1627.2	39438	0.825881888494266	0.0685850512340338
MA0844.2	39438	0.755460480864437	0.0523586300212244
MA0095.4	39438	0.79073021220419	0.0730709738425843
MA0748.3	39438	0.834161386210406	0.0685611799142982
MA0749.2	39438	0.679481999813538	0.0484966155306458
MA1971.2	39438	0.809964090367951	0.0588573874413849
MA1649.2	39438	0.831478258874492	0.0682340035989671
MA1650.2	39438	0.824916959762135	0.076820031151058
MA0698.2	39438	0.762347987114652	0.0549647518165703
MA1579.2	39438	0.821708232030855	0.0648313342229799
MA0527.2	39438	0.766177005048564	0.0648690438087119
MA1581.2	39438	0.813348289385697	0.0580694509426904
MA0750.3	39438	0.82392722264827	0.0662878064804404
MA0694.2	39438	0.794951678473019	0.0570047081493837
MA0695.2	39438	0.849360046512305	0.0558943193335302
MA0103.4	39438	0.8747920560305	0.0670421784164197
MA2002.2	39438	0.872359935090651	0.0549986913422092
MA1651.2	39438	0.725286605103813	0.0596157346890392
MA1583.2	39438	0.827333900286881	0.0665222717815977
MA0146.3	39438	0.851365218087493	0.0688657160579673
MA1628.2	39438	0.866602414697776	0.0628777672148905
MA1629.2	39438	0.811784899992708	0.058634042511082
MA0697.3	39438	0.854539685062639	0.0694920249162892
MA0751.2	39438	0.790079914445721	0.050140206235755
MA1584.2	39438	0.757390693902484	0.0534134042919033
MA1709.2	39438	0.749892105448883	0.0678615005210945
MA1585.2	39438	0.762634703454525	0.0571349935728276
MA1973.2	39438	0.720663503066902	0.0491944053167665
MA1652.2	39438	0.823331242416633	0.0613966035430005
MA1589.2	39438	0.677277424390978	0.0402777149122368
MA1653.2	39438	0.838123422085897	0.0894182989368931
MA1654.2	39438	0.691533693192194	0.0375700752380557
MA1725.2	39438	0.794789983905057	0.0562371389745911
MA1974.2	39438	0.706131112207002	0.0683231087751746
MA1975.2	39438	0.751027443949405	0.0474525575623678
MA1710.2	39438	0.863221528180927	0.0542999563266365
MA0528.3	39438	0.871129839888158	0.0755946051558405
MA1592.2	39438	0.761532779591577	0.0474321350268718
MA1630.3	39438	0.843209392460692	0.0872748075010673
MA1154.2	39438	0.725142342433018	0.0432411980431216
MA1593.2	39438	0.802539615300558	0.0642010457413199
MA1976.2	39438	0.743483270334135	0.0506498483379629
MA1977.2	39438	0.75814646908988	0.0427176971938209
MA1726.2	39438	0.791509985792432	0.0583037003246535
MA1655.2	39438	0.814003698066732	0.0583435881966207
MA1711.2	39438	0.729074158326568	0.0485449779712152
MA1978.2	39438	0.690535160238469	0.0675839771057982
MA1125.2	39438	0.749047726978943	0.131158256485389
MA0752.2	39438	0.65120356033262	0.0515714310701602
MA1979.2	39438	0.790815618254461	0.0542584624098727
MA1727.2	39438	0.82548090938823	0.076008046753832
MA1656.2	39438	0.789945302787036	0.056091150652953
MA1712.2	39438	0.781187843955467	0.0594443469499242
MA1981.2	39438	0.792677423597151	0.0567466236137664
MA1728.2	39438	0.837120119605021	0.0612166815047277
MA1982.2	39438	0.774653502175981	0.0496036342523792
MA1983.2	39438	0.648807125921658	0.0426646533306454
MA1713.2	39438	0.80150545343463	0.0824363085918923
MA1657.2	39438	0.742677109047719	0.0710489246030707
MA1984.2	39438	0.774687975494349	0.0468416600782987
MA1714.2	39438	0.721450802839611	0.0396675393498948
MA1729.2	39438	0.750453200272726	0.0582108967848408
MA1599.2	39438	0.771878172104621	0.0650393182730828
MA1600.2	39438	0.725090343091476	0.0433842565792166
MA1986.2	39438	0.841053622133003	0.0739323790564155
MA1987.2	39438	0.776954190027052	0.0450744038517356
MA1730.2	39438	0.804655489716725	0.0551976235971471
MA0753.3	39438	0.802673808352951	0.0750212987591184
MA1716.2	39438	0.732761199716815	0.0460952661127974
MA1731.2	39438	0.838785824228583	0.0553778412153634
MA1717.2	39438	0.791781833906989	0.0576879650095133
MA1719.2	39438	0.731932644091634	0.0503244497373271
MA1720.2	39438	0.735993405629587	0.0550014619173055
MA1721.2	39438	0.772275243194168	0.0777765207186831
MA1602.2	39438	0.760590288138237	0.0480230434738419
MA1722.2	39438	0.688464602597061	0.0387029028810475
