[SHORT TFBS MATRIX]
MA0020.1	36371	0.97111791444301	0.0335885150060225
MA0021.1	36371	0.977326191128597	0.0327849654400823
MA0034.1	36371	0.882875697051825	0.0323862902161102
MA0044.1	36371	0.931541812801553	0.0272217598171573
MA0045.1	36371	0.898241512355236	0.026687318581526
MA0053.1	36371	0.984516624801916	0.024130084323428
MA0054.1	36371	0.896980367529879	0.034825373983512
MA0064.1	36371	0.988163115021134	0.0229094585596141
MA0082.1	36371	0.893343422363137	0.0321465264979237
MA0096.1	36371	0.840619616460693	0.0686640286960136
MA0097.1	36371	0.726586470568907	0.0548167986109011
MA0120.1	36371	0.913004030658447	0.0285657228748523
MA0121.1	36371	0.941195182220249	0.0396876859976679
MA0123.1	36371	0.78788156215305	0.057453902984574
MA0127.1	36371	0.889293133793222	0.0350100688686012
MA0128.1	36371	0.835731921940013	0.0631199054139045
MA0129.1	36371	0.902995100514753	0.0438552417743708
MA0549.1	36371	0.806262878938091	0.0618208299945435
MA0551.1	36371	0.723145803451609	0.062375944827609
MA0552.1	36371	0.786148860302254	0.0638704883679872
MA0553.1	36371	0.797222114592553	0.0573012194561251
MA0554.1	36371	0.840887872816798	0.0384550269726908
MA0555.1	36371	0.804637105312466	0.0374598918493759
MA0556.1	36371	0.84299773486131	0.0360294744310098
MA0557.1	36371	0.753453396443744	0.059082890604471
MA0558.1	36371	0.820710988402367	0.0368767999548218
MA0559.1	36371	0.856670702426545	0.0433520008361613
MA0560.1	36371	0.806923995758575	0.0652548130878631
MA0561.1	36371	0.82368746680751	0.0692263861871452
MA0562.1	36371	0.836681789846266	0.0637966663150586
MA0563.1	36371	0.889830699168187	0.0367246227738461
MA0564.1	36371	0.769685928550772	0.0624535581433288
MA0566.1	36371	0.82811763210304	0.0549566696411435
MA0567.1	36371	0.773944531519435	0.0717426948555409
MA0568.1	36371	0.857576271841652	0.0560034359374686
MA0569.1	36371	0.812773066085259	0.0652840224939171
MA0005.2	36371	0.825076231358075	0.0354717345964435
MA0571.1	36371	0.733124875083872	0.0345291033971442
MA0008.2	36371	0.831121474511842	0.0458450262100288
MA0573.1	36371	0.742064598761299	0.0390582581707532
MA0574.1	36371	0.724106608761641	0.0448144251328925
MA0575.1	36371	0.795075452076656	0.0456700338157724
MA0576.1	36371	0.697869993019202	0.0532396977620636
MA0578.1	36371	0.877807166117168	0.035141582601066
MA0579.1	36371	0.773123064475756	0.044319886043367
MA0580.1	36371	0.761819996549258	0.0437891513410476
MA0581.1	36371	0.82295875633644	0.0577521303942796
MA0582.1	36371	0.863916564225307	0.0443428767680635
MA0583.1	36371	0.81151084674297	0.0504009615227967
MA0584.1	36371	0.81932107057297	0.0385311135175053
MA0001.2	36371	0.835704680235474	0.0354654320234532
MA0585.1	36371	0.80061283769271	0.0378182243987768
MA0587.1	36371	0.743340044902481	0.0648587425327088
MA0588.1	36371	0.846928193293786	0.0482045045606354
MA0589.1	36371	0.760164794456305	0.051882978152834
MA0590.1	36371	0.731304660269545	0.033065564846014
MA0930.1	36371	0.747315856039152	0.0823682967282108
MA0931.1	36371	0.813956328415779	0.0696629022017536
MA0932.1	36371	0.957660137953223	0.0409010393467007
MA0933.1	36371	0.939950721452588	0.0417538102635917
MA0934.1	36371	0.940572940612939	0.0402437296501873
MA0935.1	36371	0.858364006421936	0.0515476137145702
MA0936.1	36371	0.863905654023695	0.0447114747793709
MA0937.1	36371	0.849924750351925	0.0484863773731136
MA0938.1	36371	0.869240665014431	0.0433311908060341
MA0939.1	36371	0.847032639894611	0.0481899346015013
MA0940.1	36371	0.884771964520509	0.0390483500166851
MA0941.1	36371	0.819959902699334	0.0578733899618273
MA0942.1	36371	0.817858335421968	0.067525973950864
MA0943.1	36371	0.837308664591089	0.0552956114098797
MA0944.1	36371	0.875705219176258	0.0421954399672427
MA0945.1	36371	0.911144410025918	0.0303991491268295
MA0946.1	36371	0.862423419605901	0.04660466590968
MA0947.1	36371	0.853173166032325	0.0491242273160233
MA0948.1	36371	0.849717437393032	0.0386931175251256
MA0949.1	36371	0.88390226693348	0.0456145979844985
MA0950.1	36371	0.89783174059315	0.0426992355205525
MA0951.1	36371	0.916863031817608	0.0529887802083648
MA0952.1	36371	0.90690964877559	0.052277589101771
MA0953.1	36371	0.936878586532334	0.0359587105957076
MA0955.1	36371	0.863150567261471	0.0520050103304669
MA0956.1	36371	0.870716544165964	0.0472720955392373
MA0957.1	36371	0.782704825652122	0.065718032372072
MA0958.1	36371	0.794343899167968	0.0649718525582955
MA0959.1	36371	0.772653565811185	0.0572433463801499
MA0960.1	36371	0.68564759958496	0.0649623605137363
MA0961.1	36371	0.825345623779642	0.0660278333963573
MA0962.1	36371	0.827503157056739	0.0677683014415091
MA0963.1	36371	0.681418575238514	0.0780909813234021
MA0964.1	36371	0.868090721250728	0.0489661181821013
MA0965.1	36371	0.844070273523035	0.0538300843180725
MA0966.1	36371	0.832561716262941	0.0523158242813462
MA0967.1	36371	0.807780631714932	0.0531530784179017
MA0969.1	36371	0.850500634545514	0.0597858466047037
MA0970.1	36371	0.86770507193572	0.0589360498567187
MA0971.1	36371	0.807286760781633	0.0598008357838564
MA0972.1	36371	0.880873786907107	0.0543442214890673
MA0973.1	36371	0.929233964846793	0.0384107344889708
MA0975.1	36371	0.744840091032525	0.079971920516973
MA0977.1	36371	0.927577205786153	0.0420730770569594
MA0978.1	36371	0.798020438772123	0.0562487888843968
MA0979.1	36371	0.802573456533826	0.0657859261572615
MA0981.1	36371	0.969754942050159	0.0198783625351298
MA0982.1	36371	0.974591424604567	0.0224179013728107
MA0983.1	36371	0.975990045123203	0.0201126169795085
MA0984.1	36371	0.95567578208733	0.0208838000574755
MA0985.1	36371	0.783300075047009	0.0631659039839503
MA0986.1	36371	0.803581574853646	0.0587297201529807
MA0987.1	36371	0.973896550696833	0.0160539563705069
MA0988.1	36371	0.834714123811949	0.0563365419253249
MA0989.1	36371	0.969036026603597	0.0219475776272689
MA0990.1	36371	0.895861016038344	0.0368572661700517
MA0993.1	36371	0.819043011739093	0.0567954108444179
MA0994.1	36371	0.79636897293066	0.0619464943827996
MA0996.1	36371	0.796176561747367	0.0635081114612866
MA0997.1	36371	0.829241815789481	0.0586196633224505
MA0998.1	36371	0.769006613933143	0.0743976196035253
MA0999.1	36371	0.824677328651122	0.0623309052786665
MA1002.1	36371	0.772945930263897	0.0636119318762682
MA1004.1	36371	0.777965445287166	0.0794029057202857
MA1006.1	36371	0.707080937917846	0.0817696516028284
MA1007.1	36371	0.823638031461037	0.0569191584509694
MA1008.1	36371	0.784740956061225	0.0630858427679794
MA1009.1	36371	0.81103017888531	0.0597320810946338
MA1010.1	36371	0.811013765413331	0.0472142817676128
MA1011.1	36371	0.864511757704733	0.0472714651227028
MA1012.1	36371	0.840492613841532	0.0397843139564283
MA1013.1	36371	0.834307040211343	0.0566534505911725
MA1014.1	36371	0.837460704682761	0.0559031352967303
MA1015.1	36371	0.904479090661447	0.036047799182397
MA1016.1	36371	0.933733949626866	0.037720875720937
MA1017.1	36371	0.916379719715831	0.0378050126728645
MA1018.1	36371	0.824421561375496	0.0553054835130208
MA1019.1	36371	0.767894716451076	0.0631301323421817
MA1020.1	36371	0.866804338053627	0.0499168259442489
MA1021.1	36371	0.792951022549956	0.0765925387628433
MA1022.1	36371	0.956334903028914	0.02323718992711
MA1023.1	36371	0.810582925939354	0.0611861292930596
MA1024.1	36371	0.876147330432073	0.0515100330982505
MA1025.1	36371	0.768933935562989	0.0653047238591501
MA1027.1	36371	0.9362470139435	0.0392182986955542
MA1028.1	36371	0.826796195037666	0.0537398683742307
MA1030.1	36371	0.912399760660941	0.05305799458435
MA1031.1	36371	0.767051011155717	0.0692960626180891
MA1032.1	36371	0.775766516473408	0.0602755966504026
MA1033.1	36371	0.787573031003989	0.0799038267578355
MA1034.1	36371	0.727601209295665	0.0887791577372958
MA1035.1	36371	0.772990962371275	0.0641214396398955
MA1036.1	36371	0.871341658565201	0.045461891486668
MA1037.1	36371	0.911936866560168	0.0362414006491945
MA1038.1	36371	0.808044194651158	0.0520230180980316
MA1039.1	36371	0.889279305437131	0.042537535406234
MA1040.1	36371	0.866021434103583	0.0479950261237947
MA1041.1	36371	0.833202276284549	0.0509421664145181
MA1042.1	36371	0.877965528376491	0.0433467274315285
MA1043.1	36371	0.830478234928985	0.0514582715174285
MA1044.1	36371	0.872893045693958	0.0447108760598221
MA1045.1	36371	0.856099479813329	0.0467477770842516
MA1046.1	36371	0.812729031350655	0.0611065615775917
MA1048.1	36371	0.811847884370229	0.0603330570645057
MA1049.1	36371	0.779231050077511	0.0749009239066533
MA1050.1	36371	0.78019691384719	0.0649252409418348
MA1051.1	36371	0.770035465068659	0.0710698606151669
MA1052.1	36371	0.715447578673348	0.0786904908248973
MA1053.1	36371	0.743129933985235	0.0734223107084896
MA1054.1	36371	0.782065193659398	0.0522873035201102
MA1055.1	36371	0.724954819520603	0.0589686595817399
MA1056.1	36371	0.763718086363802	0.0601085077022645
MA1057.1	36371	0.865933155021726	0.0527963546274828
MA1058.1	36371	0.886452644619052	0.0414206601265051
MA1060.1	36371	0.783579034716606	0.0582140476962254
MA1061.1	36371	0.835284457087397	0.0587282508720642
MA1063.1	36371	0.794508716500363	0.0526348827595535
MA1064.1	36371	0.796981925346039	0.0561611886601837
MA1066.1	36371	0.733487891237254	0.0739673116521062
MA1067.1	36371	0.755126176754486	0.0654165774680548
MA1068.1	36371	0.829421064087061	0.056609600609166
MA1069.1	36371	0.787098647319917	0.059890561070967
MA1070.1	36371	0.849589863438492	0.0395702287340629
MA1071.1	36371	0.99181024501934	0.0110127171313812
MA1074.1	36371	0.788561051415099	0.0832382885933908
MA1075.1	36371	0.829290776392017	0.053030970388115
MA1077.1	36371	0.879145560183468	0.0625094570115591
MA1078.1	36371	0.881485639170471	0.0578258193857891
MA1079.1	36371	0.888240074266961	0.045171050207698
MA1080.1	36371	0.851736149839735	0.0543558015165626
MA1081.1	36371	0.861252450339718	0.0576449561914476
MA1083.1	36371	0.8466703801342	0.0548594689023967
MA1084.1	36371	0.826468500405932	0.0566087704037728
MA1086.1	36371	0.88634693655109	0.0467193812705271
MA1087.1	36371	0.832572241337117	0.0570931340845554
MA1088.1	36371	0.922667817266709	0.0387139819169494
MA1089.1	36371	0.875677721939618	0.0452376051003745
MA1090.1	36371	0.830380222754959	0.0581455612032326
MA1091.1	36371	0.865669274432479	0.0540033987893514
MA1092.1	36371	0.863039613487759	0.0620395383464427
MA1093.1	36371	0.898816080564149	0.0611992476105144
MA1094.1	36371	0.90699978695536	0.0443768859623629
MA1095.1	36371	0.764114872669691	0.072935702710193
MA1096.1	36371	0.725421519879565	0.0744426088976544
MA1097.1	36371	0.757323717528825	0.070797888332869
MA1098.1	36371	0.764114872669691	0.072935702710193
MA1156.1	36371	0.805861195133385	0.0417848888928834
MA1157.1	36371	0.793203705223178	0.0418705867866927
MA1158.1	36371	0.800092210854355	0.0423738031299426
MA1159.1	36371	0.84619217208473	0.0413102323276047
MA1160.1	36371	0.792957419402091	0.0406633171507394
MA1161.1	36371	0.847766220160547	0.0456818358865657
MA1162.1	36371	0.845007638605869	0.0465034080302286
MA1163.1	36371	0.845593360813334	0.0422304181955778
MA1164.1	36371	0.859910486728531	0.0493193433216757
MA1165.1	36371	0.835386021849824	0.0469585611267262
MA1166.1	36371	0.816037856742535	0.0430974487915658
MA1167.1	36371	0.846398545014467	0.0486250566950705
MA1168.1	36371	0.864241414701473	0.0437525672292031
MA1169.1	36371	0.844160732043123	0.0401499972409012
MA1170.1	36371	0.797224050566294	0.0400141013717856
MA1171.1	36371	0.838222711192661	0.0492400469850472
MA1172.1	36371	0.810118266633268	0.0432382831098485
MA1173.1	36371	0.846009830004344	0.0381637412664413
MA1174.1	36371	0.841155607327313	0.0381059978482967
MA1175.1	36371	0.897260474583325	0.0349658374832227
MA1176.1	36371	0.837180189449861	0.0432007497258515
MA1177.1	36371	0.872409834219709	0.0342630622906589
MA1178.1	36371	0.817393062016021	0.0435016548021334
MA1179.1	36371	0.812223232998657	0.0376988395316172
MA1180.1	36371	0.808111553386174	0.0451874005640763
MA1181.1	36371	0.887472031844009	0.0397716134295994
MA1182.1	36371	0.849580912559271	0.0529776998448939
MA1183.1	36371	0.851198178893255	0.0529247927539212
MA1184.1	36371	0.847149269348777	0.0505150226379501
MA1185.1	36371	0.864904954508325	0.053350311820026
MA1186.1	36371	0.863401780127436	0.0372976937416383
MA1187.1	36371	0.852269137701745	0.0549337834309888
MA1188.1	36371	0.854835425645084	0.0398894046168147
MA1189.1	36371	0.845430805861621	0.0385360213853895
MA1190.1	36371	0.85434317604164	0.0531984609712367
MA1191.1	36371	0.843828541672583	0.0504862180022053
MA1192.1	36371	0.846799556894699	0.041829457991714
MA1193.1	36371	0.82813651465408	0.0326482995871832
MA1194.1	36371	0.858395668875327	0.0356309433309875
MA1195.1	36371	0.834221056374967	0.0379961418381275
MA1196.1	36371	0.847911369273298	0.0381759140840963
MA1197.1	36371	0.780109164122375	0.0543427105785394
MA1198.1	36371	0.891806673571749	0.0460306484721356
MA1199.1	36371	0.816149715571912	0.0393374793289978
MA1200.1	36371	0.802337422217307	0.0359727274956073
MA1201.1	36371	0.883811595059258	0.0694131469143331
MA1202.1	36371	0.881275839813381	0.0701334158118789
MA1203.1	36371	0.802209627425087	0.0375027976929061
MA1204.1	36371	0.812754667705604	0.0380443020703201
MA1205.1	36371	0.804296374694343	0.0380733927069238
MA1206.1	36371	0.904658510687997	0.040512073204344
MA1207.1	36371	0.811975734426337	0.0427813536741109
MA1208.1	36371	0.861525987145228	0.03936893391842
MA1209.1	36371	0.868576662840467	0.054908522626541
MA1210.1	36371	0.873287918164465	0.0506209851794852
MA1211.1	36371	0.887994765032983	0.0505835342436526
MA1212.1	36371	0.900595812542869	0.0500167460771443
MA1213.1	36371	0.836439623177826	0.0472847411235077
MA1214.1	36371	0.815601235617804	0.0429614293459998
MA1215.1	36371	0.865713276092148	0.0499256550779424
MA1216.1	36371	0.768123310661904	0.0564718923093442
MA1217.1	36371	0.782304217477487	0.0506841828731053
MA1218.1	36371	0.786484254672145	0.053396302373997
MA1219.1	36371	0.751164631432928	0.054205304680934
MA1220.1	36371	0.782862693776535	0.0508299626803298
MA1221.1	36371	0.720186708475142	0.056567401556029
MA1222.1	36371	0.738555671320771	0.0539796457173317
MA1223.1	36371	0.76679585295413	0.0495616424437896
MA1224.1	36371	0.787076539066465	0.0562267727808401
MA1225.1	36371	0.732717925976252	0.0525173217059508
MA1226.1	36371	0.750756973124088	0.0501079880245407
MA1228.1	36371	0.69916827736863	0.0582279509845223
MA1229.1	36371	0.780209789209469	0.0503641497175137
MA1230.1	36371	0.773888246565419	0.0504764506608239
MA1231.1	36371	0.741934880764746	0.05522770803696
MA1232.1	36371	0.723109615070838	0.0552832598590852
MA1234.1	36371	0.770001233613723	0.0541796847524465
MA1235.1	36371	0.846873321454158	0.0381374163978801
MA1236.1	36371	0.728841920996325	0.0497306759454306
MA1237.1	36371	0.777207700352303	0.0523840288510207
MA1239.1	36371	0.701354007545614	0.0546880272962799
MA1240.1	36371	0.717375701666662	0.0520786864410956
MA1241.1	36371	0.758052280581438	0.0489083292703086
MA1242.1	36371	0.749991045344948	0.0606557007705708
MA1243.1	36371	0.78960832824664	0.0448802110430534
MA1244.1	36371	0.708782889881496	0.0515537288640608
MA1246.1	36371	0.694764831114755	0.0530712292128568
MA1247.1	36371	0.70905707041162	0.0630896772544629
MA1248.1	36371	0.725710463001441	0.0518141397103675
MA1249.1	36371	0.788928360198902	0.0501209486415109
MA1250.1	36371	0.744844778973112	0.0531661541731023
MA1251.1	36371	0.770518902818549	0.0478828118670667
MA1252.1	36371	0.744139896059795	0.0568048779362711
MA1253.1	36371	0.770356275372931	0.0511354730666979
MA1255.1	36371	0.750496234899894	0.0515027689951945
MA1256.1	36371	0.71132867234428	0.0502593918641064
MA1257.1	36371	0.703633700702082	0.0465021551784009
MA1258.1	36371	0.759346820504586	0.0445770364643618
MA1259.1	36371	0.765441676809932	0.0508328781050143
MA1260.1	36371	0.732594694510405	0.0493360528787178
MA1261.1	36371	0.807472262882866	0.0432086765013398
MA1262.1	36371	0.708793260638223	0.0514510949234913
MA1263.1	36371	0.769527188990678	0.0549626846793723
MA1264.1	36371	0.72084380864291	0.0578852162357681
MA1266.1	36371	0.744841559117414	0.0609795332805419
MA1267.1	36371	0.794779625803009	0.0449319021806365
MA1268.1	36371	0.781575691804018	0.048580345323732
MA1269.1	36371	0.844784163793153	0.0414533521935969
MA1270.1	36371	0.836906422119513	0.0460958546363351
MA1271.1	36371	0.902510701722592	0.0458585060652885
MA1272.1	36371	0.822679543825171	0.0466032793326917
MA1273.1	36371	0.827679504061185	0.0461823101163938
MA1274.1	36371	0.833746315593462	0.048235450091398
MA1275.1	36371	0.909636515546855	0.0437662769663093
MA1276.1	36371	0.909488026625525	0.0455861000254496
MA1277.1	36371	0.824914269588137	0.0466791363870929
MA1278.1	36371	0.835991670715329	0.045934808597369
MA1279.1	36371	0.820647626432561	0.0456071524591772
MA1280.1	36371	0.876602648906732	0.0445230229916496
MA1281.1	36371	0.837733231915781	0.0453660521749193
MA1282.1	36371	0.71410827249468	0.0526535277355646
MA1283.1	36371	0.668399512213657	0.0453441150096664
MA1284.1	36371	0.675565625723978	0.0433116940038169
MA1285.1	36371	0.669983576458116	0.0441321466886187
MA1286.1	36371	0.737249809102495	0.0591553422356714
MA1287.1	36371	0.733413459218955	0.0551148746869474
MA1288.1	36371	0.726707767968253	0.0578601932075225
MA1289.1	36371	0.746151256743692	0.0553533201449108
MA1290.1	36371	0.720401784480806	0.0548912660484531
MA1291.1	36371	0.723572343776584	0.059773636135181
MA1292.1	36371	0.786761948930169	0.043152948221218
MA1293.1	36371	0.789848979851917	0.0429784414807368
MA1294.1	36371	0.817626035437447	0.042676747998861
MA1295.1	36371	0.84378130397701	0.0487756435256322
MA1296.1	36371	0.82992573579127	0.046178759102658
MA1297.1	36371	0.806116143684431	0.0475797582332743
MA1298.1	36371	0.833255557579096	0.049155049177554
MA1299.1	36371	0.804250088246922	0.0478877865272549
MA1300.1	36371	0.802013086351569	0.0444943646763182
MA1301.1	36371	0.836197713104892	0.0496056651364149
MA1302.1	36371	0.807218415467098	0.0516255439930867
MA1303.1	36371	0.807351287865193	0.0486890113279956
MA1304.1	36371	0.856741932655771	0.049555620621137
MA1305.1	36371	0.809368033871397	0.0529098328627651
MA1306.1	36371	0.800067066945665	0.0475698163294211
MA1307.1	36371	0.790497804822506	0.046820505326254
MA1308.1	36371	0.777565892737197	0.0516840428661532
MA1309.1	36371	0.831701376448265	0.0500313436196113
MA1310.1	36371	0.780497340100248	0.045598860786221
MA1312.1	36371	0.80763457459737	0.0434702701113994
MA1313.1	36371	0.785540962116157	0.0479493863648969
MA1314.1	36371	0.797095666915755	0.0503538096761065
MA1315.1	36371	0.790359116632114	0.0483743563792514
MA1316.1	36371	0.82088896568418	0.0522124035881959
MA1317.1	36371	0.822816404112265	0.0518267954654398
MA1318.1	36371	0.796255390327315	0.0482966560180744
MA0577.2	36371	0.777557636389617	0.0689474483302254
MA1320.1	36371	0.748922848457253	0.0479513535193471
MA1321.1	36371	0.81703701418426	0.0493570344414073
MA1322.1	36371	0.851507845142951	0.0539029606021547
MA1323.1	36371	0.831194836730901	0.0491957935595279
MA1324.1	36371	0.843441466349035	0.0536157235362818
MA1325.1	36371	0.798143672164747	0.0453720019659307
MA1326.1	36371	0.890991603198716	0.05035423228337
MA1328.1	36371	0.872485663938064	0.0465772451711907
MA1330.1	36371	0.865517122627808	0.0488269692897921
MA1331.1	36371	0.753892389485586	0.0630398662925201
MA1332.1	36371	0.746966210181791	0.0625809707913799
MA1333.1	36371	0.754728302923447	0.0655223370135521
MA1334.1	36371	0.748204668261349	0.0499538755650104
MA1335.1	36371	0.800789590794247	0.0469379402497831
MA1336.1	36371	0.758831595821804	0.0464736834204839
MA1337.1	36371	0.748401812024712	0.0498207523885566
MA1338.1	36371	0.764670081891211	0.0567814855343829
MA1339.1	36371	0.733802208355034	0.0539126759315298
MA1340.1	36371	0.757073227263573	0.051430984158627
MA1341.1	36371	0.748151413820665	0.0496327486875531
MA1342.1	36371	0.751192594552815	0.0449653912622946
MA1343.1	36371	0.801901435040196	0.0436969661727655
MA1344.1	36371	0.790884050893463	0.0535115608203143
MA1345.1	36371	0.743309889327559	0.0517925148703031
MA1346.1	36371	0.764495136206045	0.0452828018250635
MA0968.2	36371	0.780968162865837	0.0548778103289838
MA1348.1	36371	0.776365812372352	0.0487386627225038
MA1349.1	36371	0.765850459197608	0.0567069046132474
MA1350.1	36371	0.732316209749135	0.0529700199038313
MA1351.1	36371	0.762438703694012	0.053425142897261
MA1352.1	36371	0.67366626693042	0.0419661426347675
MA1353.1	36371	0.811939071906433	0.0561647339504272
MA1354.1	36371	0.663140218163323	0.0334047214611685
MA1355.1	36371	0.830863624343168	0.0485790667687468
MA1356.1	36371	0.701499911023649	0.0424265282520585
MA1357.1	36371	0.804535947802582	0.0542871571395481
MA1358.1	36371	0.825278122377217	0.0553421319004251
MA1359.1	36371	0.755825749934091	0.0584868150168341
MA1360.1	36371	0.731841214524792	0.053855718115517
MA1361.1	36371	0.753046293573392	0.0465730057292681
MA1362.1	36371	0.799562016608879	0.0502736007822564
MA1363.1	36371	0.740538998675617	0.0526298686496774
MA1364.1	36371	0.744963127913791	0.0582531844186086
MA1366.1	36371	0.849015325672291	0.041372810433995
MA1367.1	36371	0.854325841477305	0.0437655237698986
MA1369.1	36371	0.87029240881536	0.0453455554505018
MA1370.1	36371	0.802608615744524	0.0406187675627675
MA1371.1	36371	0.816202719105676	0.0418547783044464
MA1372.1	36371	0.900638353571681	0.0341455657934495
MA1373.1	36371	0.838490730191916	0.0403672411246954
MA1374.1	36371	0.803289992487178	0.041554570228685
MA1375.1	36371	0.864621992423445	0.0449816803518144
MA1376.1	36371	0.773450195643641	0.0487990953366322
MA1377.1	36371	0.769049002745027	0.0317643013923148
MA1378.1	36371	0.786765494401819	0.0335329172364346
MA1379.1	36371	0.853001782762116	0.0448153663774111
MA1380.1	36371	0.861389356328188	0.0439373555767884
MA1381.1	36371	0.861996412646658	0.0432025344864
MA1382.1	36371	0.722203505919638	0.0592682804211594
MA1383.1	36371	0.837861570650032	0.0401486353447701
MA1384.1	36371	0.815697800229516	0.0426724307060088
MA1385.1	36371	0.863605268089761	0.0389372236928103
MA1386.1	36371	0.868279353873865	0.0494535313403225
MA1387.1	36371	0.812258730572449	0.0417938932933209
MA1388.1	36371	0.932917378709037	0.0512046817805548
MA1389.1	36371	0.791837239883961	0.0434236019777559
MA1390.1	36371	0.812754799261404	0.0412315130907347
MA1392.1	36371	0.835353618767945	0.0392619142905775
MA1395.1	36371	0.863124108653325	0.0362671479621788
MA1396.1	36371	0.797619831431389	0.0475540361325794
MA1397.1	36371	0.866156876501516	0.0446363677711177
MA1399.1	36371	0.854267820568565	0.0416740843825554
MA1400.1	36371	0.824134418146815	0.0410662511642665
MA1401.1	36371	0.834055653080075	0.0541998538939083
MA1402.1	36371	0.714625933071327	0.0629294711317021
MA1403.1	36371	0.590521933878785	0.0647370241330315
MA1404.1	36371	0.701230551306349	0.0603083429897526
MA0954.2	36371	0.814213892765006	0.0444304548668144
MA1000.2	36371	0.726360319798476	0.0586568012411673
MA0586.2	36371	0.781341316774218	0.0549265003742821
MA1026.2	36371	0.827091495981939	0.0440454507527462
MA0548.2	36371	0.792223979643276	0.0385770049970665
MA0550.2	36371	0.737570381211434	0.0536656765170973
MA1059.2	36371	0.754226785449946	0.0515900652371995
MA1405.1	36371	0.789316409145359	0.0469867964084729
MA1406.1	36371	0.873784877931871	0.0462905146848549
MA1407.1	36371	0.825091716498109	0.0504407075358727
MA1408.1	36371	0.856753695138605	0.0428437325100508
MA1409.1	36371	0.818185053518844	0.0450390572353587
MA1410.1	36371	0.729534686981195	0.0718552552190955
MA1411.1	36371	0.766176992742216	0.0550100894188638
MA1412.1	36371	0.743499988285646	0.0617937646204877
MA1413.1	36371	0.892964989649496	0.0430890828226535
MA1414.1	36371	0.782041350169349	0.060308619562673
MA1415.1	36371	0.83049204730937	0.0585719156507521
MA1085.2	36371	0.87348589801745	0.0616813327385782
MA1416.1	36371	0.73425642039099	0.0840006155358061
MA1417.1	36371	0.732285557456446	0.0516280292986543
MA1424.1	36371	0.764277647959285	0.0536991531673462
MA1425.1	36371	0.805606757812297	0.0670153492510255
MA1426.1	36371	0.812357373922518	0.0567883697800653
MA1427.1	36371	0.855744475970294	0.0465834276028919
MA1428.1	36371	0.8207568379808	0.0498934977309725
MA1430.1	36371	0.720222526486986	0.0645206999043134
MA0570.2	36371	0.780005023493093	0.0640123061332219
MA1659.1	36371	0.81692720463468	0.0589878433624052
MA1660.1	36371	0.727713762947935	0.040813054705152
MA1661.1	36371	0.862563766504243	0.0443381039604156
MA1662.1	36371	0.837181240099956	0.04524842220848
MA1663.1	36371	0.776849656194024	0.0467258570670679
MA1664.1	36371	0.762635938699897	0.0449778035133472
MA1665.1	36371	0.800316650832844	0.0438082467560956
MA1666.1	36371	0.760492079529014	0.0451486905138699
MA1667.1	36371	0.789485292080652	0.0487931392511735
MA1668.1	36371	0.758931034963343	0.0547117585886271
MA1669.1	36371	0.7672265932729	0.0531424880425801
MA1670.1	36371	0.776896088243043	0.0503341669796329
MA1671.1	36371	0.732269740889368	0.0690345301700984
MA1672.1	36371	0.792255320832421	0.0602869388795295
MA1673.1	36371	0.772473476824017	0.0571603624864373
MA1674.1	36371	0.73139786959968	0.0431784273655419
MA1675.1	36371	0.787437414504369	0.0430636017387421
MA1676.1	36371	0.753316754655873	0.0411680300775014
MA1677.1	36371	0.873964483770749	0.049446535517311
MA1678.1	36371	0.727235893943438	0.042020162479598
MA1679.1	36371	0.767451431480158	0.0507989252617208
MA1680.1	36371	0.833244685994395	0.0515261810109924
MA1681.1	36371	0.826748908961547	0.043294804451999
MA1682.1	36371	0.843624227897814	0.0439817619871356
MA1245.2	36371	0.740768813126623	0.0659320002543427
MA1365.2	36371	0.873008146717455	0.0470968092946477
MA1327.2	36371	0.892392755999915	0.0620104272831706
MA0110.3	36371	0.863772283141709	0.0455850582776102
MA1393.2	36371	0.832960124712639	0.049587037183195
MA0974.2	36371	0.864350113600498	0.046146470223879
MA0976.2	36371	0.717820049344217	0.0612373018982708
MA1265.2	36371	0.778261210633208	0.0544270314264723
MA1233.2	36371	0.763084296801993	0.0506086366829589
MA1227.2	36371	0.788722320891408	0.0516202914349233
MA1238.2	36371	0.781545745744376	0.0522015136593737
MA0995.2	36371	0.802402141213584	0.057825529186021
MA1001.2	36371	0.752188824654386	0.0620179296648292
MA1005.2	36371	0.743519671070912	0.0658642790882257
MA0992.2	36371	0.750345543149478	0.0615809340444374
MA0565.2	36371	0.82637041368316	0.0649793617269951
MA1368.2	36371	0.771369858768716	0.0437924417920993
MA1398.2	36371	0.83864996120453	0.0456543012425901
MA1391.2	36371	0.831616079698014	0.0429400480396081
MA1394.2	36371	0.825335542529455	0.0467755566690508
MA0980.2	36371	0.793237831572928	0.0547934647273946
MA1062.2	36371	0.691134458962505	0.0509819427457862
MA1065.2	36371	0.692027726901449	0.0508708033310637
MA1047.2	36371	0.761995650380381	0.0455503077510154
MA1076.2	36371	0.820463604379235	0.0480857922313739
MA1311.2	36371	0.85906558037864	0.0526475686929982
MA1329.2	36371	0.845726451680897	0.0585121662907148
MA1684.1	36371	0.899198163201802	0.0769197369652834
MA1685.1	36371	0.764412208738759	0.045930794251748
MA1686.1	36371	0.693650722870501	0.0445834525641745
MA1687.1	36371	0.661318581719437	0.0451880327598123
MA1688.1	36371	0.789615079294211	0.0466022927541753
MA1689.1	36371	0.814235953055062	0.0476977312422185
MA1690.1	36371	0.754903626206735	0.0443400083746594
MA1691.1	36371	0.785616616471011	0.0470974080933238
MA1692.1	36371	0.789681801561893	0.0515903042535978
MA1693.1	36371	0.77419166172912	0.0500091469226533
MA1694.1	36371	0.778085434912653	0.0502508866536642
MA1695.1	36371	0.725094326470641	0.0437486719702332
MA1696.1	36371	0.768307057828467	0.0452809334476246
MA1697.1	36371	0.809736828541084	0.0514381307161412
MA1698.1	36371	0.724273639322771	0.0494519816090493
