[SHORT TFBS MATRIX]
MA0004.1	39405	0.826738557575283	0.0749093383035385
MA0006.1	39405	0.880637083951388	0.0716324386288297
MA0019.1	39405	0.795962503278561	0.0469965484225564
MA0029.1	39405	0.709022415579337	0.0647168115545011
MA0030.1	39405	0.73358531798896	0.069315646736996
MA0031.1	39405	0.78810526900906	0.0791217917535437
MA0040.1	39405	0.758269058336858	0.0774673672787603
MA0041.1	39405	0.792978237040505	0.0747600084345394
MA0051.1	39405	0.720777701522619	0.0524460747798864
MA0057.1	39405	0.88877149607781	0.0437776818402743
MA0059.1	39405	0.770029356667536	0.0530892397605708
MA0066.1	39405	0.717698519715243	0.0370147081407662
MA0067.1	39405	0.904271897883333	0.0441131041732157
MA0069.1	39405	0.741302201530978	0.0427356188266318
MA0070.1	39405	0.749893615639658	0.0600950823297203
MA0071.1	39405	0.784929170042833	0.0608876292421609
MA0072.1	39405	0.727393345641897	0.0593989261463209
MA0073.1	39405	0.769478916182665	0.0509421704050429
MA0074.1	39405	0.728532450714163	0.0423771096599875
MA0077.1	39405	0.809218217975203	0.0620219663621173
MA0078.1	39405	0.838033200579355	0.066659587101883
MA0084.1	39405	0.829237745468636	0.0765463901184081
MA0087.1	39405	0.81450264033573	0.085457111370976
MA0091.1	39405	0.781595641313138	0.0527073919715965
MA0092.1	39405	0.854134224372073	0.0443888257400904
MA0101.1	39405	0.840146505194611	0.0511939784942854
MA0107.1	39405	0.79284091265941	0.0591307430738931
MA0108.2	39405	0.780723149842868	0.070554388752327
MA0109.1	39405	0.915785281424043	0.0535307301944264
MA0111.1	39405	0.845719080541337	0.034379046001328
MA0115.1	39405	0.644031401469372	0.0481709866792943
MA0116.1	39405	0.801662559089564	0.0467227375489847
MA0119.1	39405	0.710106768781441	0.0529829009169024
MA0125.1	39405	0.813065972376046	0.0746915161410886
MA0130.1	39405	0.933998821007858	0.0520165036822908
MA0135.1	39405	0.726143842682018	0.0830158491490183
MA0139.1	39405	0.760923118629057	0.0462643796816712
MA0142.1	39405	0.709630693773211	0.0653571859792522
MA0149.1	39405	0.65995882951551	0.0576670697752587
MA0138.2	39405	0.669191343204362	0.0407891999797364
MA0002.2	39405	0.824479220729953	0.0487766842744302
MA0065.2	39405	0.788842078791839	0.0409833478572535
MA0151.1	39405	0.829441104163404	0.102091085966437
MA0152.1	39405	0.86281937039338	0.064368972167903
MA0155.1	39405	0.836169010975697	0.0454153100676441
MA0159.1	39405	0.776696476639713	0.0360136608963484
MA0160.1	39405	0.862019963572704	0.0514985941153013
MA0163.1	39405	0.778308273583273	0.0551052407671745
MA0164.1	39405	0.782608212486973	0.080664914846523
MA0259.1	39405	0.862368606265465	0.0645656036075757
MA0146.2	39405	0.829697363777516	0.0694837082926473
MA0467.1	39405	0.78486762195702	0.0528697057407081
MA0468.1	39405	0.758324136275851	0.0719082786955114
MA0476.1	39405	0.781516577111588	0.0679565405044605
MA0478.1	39405	0.787937156022896	0.0605443385136524
MA0479.1	39405	0.780510982068311	0.0650540167620047
MA0480.1	39405	0.792817227375148	0.065198615013412
MA0483.1	39405	0.802871875967128	0.05761915918769
MA0488.1	39405	0.762932579475252	0.0621483292680598
MA0489.1	39405	0.766042089138783	0.0612310958548993
MA0492.1	39405	0.763540833300445	0.0607626235992736
MA0493.1	39405	0.844882568250859	0.0571957760580974
MA0494.1	39405	0.768861526145704	0.0374004405596828
MA0497.1	39405	0.7558371163907	0.0725998755957618
MA0501.1	39405	0.716165441503161	0.0525436409462235
MA0503.1	39405	0.826464192043644	0.0462559473997374
MA0504.1	39405	0.803780379323201	0.0410159950415505
MA0505.1	39405	0.74788743865709	0.0484105787995761
MA0506.1	39405	0.825227899710198	0.076306080435965
MA0507.1	39405	0.729769256768161	0.0801911631363215
MA0513.1	39405	0.778194004427823	0.0489512241363811
MA0514.1	39405	0.837322703882339	0.0597874493125015
MA0515.1	39405	0.825993336738855	0.0623089901426822
MA0517.1	39405	0.743232949393912	0.0635207019575372
MA0518.1	39405	0.800204606100548	0.0560951053955907
MA0519.1	39405	0.811628831258675	0.0587198131094216
MA0520.1	39405	0.770917481354716	0.0622226500228679
MA0521.1	39405	0.835248922817349	0.0596294690562692
MA0523.1	39405	0.778516576460961	0.0579870873243293
MA0527.1	39405	0.753110200778734	0.0576257784751668
MA0076.2	39405	0.831264791759013	0.0616151765983278
MA0258.2	39405	0.775697384541377	0.0439056350766838
MA0050.2	39405	0.705199461830491	0.0663161812494389
MA0150.2	39405	0.719467435272893	0.0501884556566709
MA0137.3	39405	0.78949936976262	0.0617551411728078
MA0144.2	39405	0.824127274290125	0.057425230865927
MA0140.2	39405	0.728672365127872	0.0564269289990699
MA0095.2	39405	0.763596081873364	0.0645033797116318
MA0591.1	39405	0.742638416918417	0.046535773002594
MA0593.1	39405	0.777457606013345	0.0794710787803711
MA0595.1	39405	0.824502907194143	0.0500210990973905
MA0596.1	39405	0.804063046313313	0.0520161017130181
MA0597.1	39405	0.905308429521323	0.0346457088803775
MA0599.1	39405	0.907564987247761	0.0715746310927475
MA0601.1	39405	0.726550680731375	0.110079016417399
MA0602.1	39405	0.72871294728654	0.0832760665745579
MA0603.1	39405	0.787017392191991	0.0645250568537222
MA0604.1	39405	0.812762177625951	0.0619199243192199
MA0606.1	39405	0.830576841413993	0.0650877622146162
MA0607.1	39405	0.824029760087439	0.058510994169599
MA0608.1	39405	0.802725071176649	0.058704464173681
MA0610.1	39405	0.745996953219094	0.0670287080023937
MA0611.1	39405	0.805159208969161	0.0863236472817872
MA0613.1	39405	0.774276758130646	0.0891838816835868
MA0614.1	39405	0.805018673221861	0.0820550731123298
MA0615.1	39405	0.797361612280034	0.0479140942703261
MA0618.1	39405	0.803370013999813	0.0719673181216406
MA0619.1	39405	0.788786408666747	0.0969794365975742
MA0621.1	39405	0.697746974578569	0.105764353393329
MA0622.1	39405	0.784188779600766	0.0809568517397656
MA0624.1	39405	0.843302719344038	0.0595829583447864
MA0625.1	39405	0.823652115937493	0.062357908426014
MA0626.1	39405	0.805279223060771	0.0634343600481363
MA0628.1	39405	0.715049065491778	0.0897583046298314
MA0629.1	39405	0.763757152019328	0.0494853192647058
MA0630.1	39405	0.804494974942829	0.0912416013953109
MA0631.1	39405	0.69503328970582	0.0515284331009295
MA0633.1	39405	0.763292224156403	0.070345007435091
MA0634.1	39405	0.7866512695449	0.0783677622490797
MA0007.3	39405	0.696893746819228	0.0462337227900919
MA0635.1	39405	0.822536564043549	0.0659757057609458
MA0636.1	39405	0.747073797035506	0.0612825104872845
MA0637.1	39405	0.763157923339739	0.0397289845395037
MA0638.1	39405	0.736523467571012	0.0500317577133673
MA0639.1	39405	0.745625264541975	0.0675611547846859
MA0641.1	39405	0.756026948677405	0.058486627198862
MA0136.2	39405	0.8396785990299	0.0542384835701902
MA0027.2	39405	0.821796944044449	0.0793010270790511
MA0642.1	39405	0.832242505659427	0.0591616199255755
MA0643.1	39405	0.783525961930698	0.0540771092739496
MA0644.1	39405	0.80006358468018	0.0763849994156272
MA0645.1	39405	0.8275607500043	0.0605608242508242
MA0475.2	39405	0.805708493955168	0.0598927406924036
MA0042.2	39405	0.803282822817525	0.0795359423028747
MA0033.2	39405	0.836810064614462	0.077704204000557
MA0157.2	39405	0.778620531756475	0.0761195258648169
MA0646.1	39405	0.782255265540278	0.0456857809547305
MA0647.1	39405	0.711282385803598	0.059545199923842
MA0648.1	39405	0.790136809714288	0.066353881814786
MA0649.1	39405	0.788658196031564	0.0599200392687656
MA0131.2	39405	0.800651444072397	0.0603626871639126
MA0046.2	39405	0.683676044510163	0.0785769740851559
MA0153.2	39405	0.6756067559588	0.0778637405436387
MA0651.1	39405	0.750996035050349	0.064984967659427
MA0486.2	39405	0.702139165912101	0.0586523260683751
MA0652.1	39405	0.684961222013586	0.0531250534382944
MA0653.1	39405	0.656449092309803	0.0545391042657555
MA0654.1	39405	0.789273579001305	0.0907670213428416
MA0655.1	39405	0.730244628165965	0.0702325402587733
MA0656.1	39405	0.707760249979535	0.0683625425244271
MA0657.1	39405	0.719831705896716	0.0478628524610012
MA0658.1	39405	0.767456736427018	0.0696785845079228
MA0660.1	39405	0.697006797582717	0.0796847259187542
MA0661.1	39405	0.795740537489288	0.0685922515029959
MA0662.1	39405	0.812596913102754	0.0784579518067892
MA0663.1	39405	0.742758885579152	0.0596297146580029
MA0664.1	39405	0.762532917285712	0.0618499177610807
MA0665.1	39405	0.77904559578489	0.0519964675929788
MA0666.1	39405	0.819533248013181	0.0744331616997517
MA0667.1	39405	0.756707532117517	0.0572217557897749
MA0668.1	39405	0.825215814807403	0.0409650473976238
MA0669.1	39405	0.759995090501317	0.0536692789689925
MA0670.1	39405	0.805827943901729	0.0723857230437026
MA0671.1	39405	0.905849725276615	0.0454122549230221
MA0048.2	39405	0.801960825112274	0.0612007044378037
MA0672.1	39405	0.831141324079293	0.0506408406252448
MA0673.1	39405	0.866526074334791	0.0444703939532864
MA0674.1	39405	0.818222829115129	0.0751789923583182
MA0675.1	39405	0.819984782189309	0.0850599362832517
MA0676.1	39405	0.795012003935794	0.0654202639595494
MA0677.1	39405	0.716281151505068	0.0464115724069691
MA0678.1	39405	0.758633003704168	0.0552825391033762
MA0068.2	39405	0.766097147490639	0.0800640187551675
MA0680.1	39405	0.665586085160104	0.0871886046512902
MA0683.1	39405	0.638938930996234	0.0751529634107735
MA0512.2	39405	0.693180534983539	0.0487103336722612
MA0685.1	39405	0.772921728615589	0.067751800481943
MA0686.1	39405	0.778379096809738	0.052443796337125
MA0687.1	39405	0.7748328028014	0.0511266656548212
MA0083.3	39405	0.650838854030379	0.0536698615574962
MA0009.2	39405	0.671617604633163	0.0454658892249024
MA0688.1	39405	0.787465084778744	0.0494222255953656
MA0689.1	39405	0.766701779534404	0.0527434183712926
MA0690.1	39405	0.764838272445711	0.0539839388793684
MA0691.1	39405	0.761174751375748	0.0629475759900171
MA0145.3	39405	0.772907527269504	0.0511321618667122
MA0692.1	39405	0.792803238922737	0.0587810586034732
MA0694.1	39405	0.771100693270492	0.051417073288275
MA0695.1	39405	0.798350418777104	0.0490528150885933
MA0696.1	39405	0.755303213911035	0.0520804864783105
MA0697.1	39405	0.768191843472003	0.0512999937500206
MA0698.1	39405	0.760754391055893	0.0533581470673662
MA0699.1	39405	0.806436445517356	0.0704884970101173
MA0704.1	39405	0.805758702322201	0.0795346994444903
MA0705.1	39405	0.825212461869401	0.0714438298011774
MA0706.1	39405	0.799977051607026	0.0714092210781612
MA0707.1	39405	0.813570697649808	0.0740744096386887
MA0708.1	39405	0.791576074392473	0.0841824230067619
MA0709.1	39405	0.794392425566803	0.0886566624583091
MA0710.1	39405	0.804184514512606	0.0754463704877861
MA0124.2	39405	0.79517337030654	0.0591024028450199
MA0711.1	39405	0.81746278126439	0.0639058446044978
MA0132.2	39405	0.809482340482326	0.0866896473037429
MA0713.1	39405	0.721264107652008	0.0853127985595555
MA0714.1	39405	0.811604340668204	0.0646358265925623
MA0715.1	39405	0.684410213484463	0.0950642986198394
MA0716.1	39405	0.796918069042885	0.0916369196625909
MA0717.1	39405	0.811969789762044	0.0824015048299118
MA0718.1	39405	0.786980136049478	0.0854275108710701
MA0719.1	39405	0.916010086377513	0.0490622158284075
MA0720.1	39405	0.799516976841821	0.0902403858098003
MA0721.1	39405	0.805862334925304	0.0853086532240469
MA0722.1	39405	0.812837947780863	0.0755018053426839
MA0723.1	39405	0.813940337495104	0.0728725840972971
MA0724.1	39405	0.777240095897507	0.0729880617918493
MA0725.1	39405	0.783180780364025	0.0888453860875374
MA0726.1	39405	0.767686502664743	0.0887474271700646
MA0112.3	39405	0.688539665582059	0.0455410095958264
MA0141.3	39405	0.734246397395792	0.0593303859503008
MA0017.2	39405	0.775054375304137	0.0555291529722588
MA0113.3	39405	0.692825781980796	0.0506516620001465
MA0727.1	39405	0.689578053577818	0.0506060499702982
MA0728.1	39405	0.681249907584213	0.0473287471995307
MA0729.1	39405	0.66442079105925	0.0444543400807693
MA0730.1	39405	0.684954687061175	0.0434284662293
MA0731.1	39405	0.636665395168823	0.0482830918961082
MA0472.2	39405	0.789158901918231	0.0600642106313101
MA0732.1	39405	0.760725886617244	0.0684367472427852
MA0733.1	39405	0.761494854190349	0.0559644044939694
MA0735.1	39405	0.680571449569591	0.0470529623726315
MA0736.1	39405	0.769523223302796	0.0495588075636202
MA0737.1	39405	0.721272751508234	0.0433136123228351
MA0738.1	39405	0.878418525203534	0.0477208299850636
MA0739.1	39405	0.837298847664122	0.0476562892924028
MA0740.1	39405	0.799166667695016	0.064955762096658
MA0741.1	39405	0.849905973492332	0.0753104292465288
MA0742.1	39405	0.790022555524916	0.0558937781640624
MA0747.1	39405	0.851568491767578	0.0593124691958711
MA0749.1	39405	0.674223546220724	0.0474547966916911
MA0751.1	39405	0.788336388569529	0.0486765117325848
MA0088.2	39405	0.721491208815526	0.0455212984868833
MA0752.1	39405	0.646875531360247	0.0511596555557956
MA0754.1	39405	0.728793851212794	0.0766696282673262
MA0755.1	39405	0.714973476341309	0.0743720678977284
MA0756.1	39405	0.679030741617554	0.0774346973055323
MA0757.1	39405	0.670817636430814	0.0830817434942772
MA0758.1	39405	0.659261198864225	0.0522334811756363
MA0759.1	39405	0.804847196672768	0.0611141276138605
MA0760.1	39405	0.809445196974802	0.0557867797359237
MA0474.2	39405	0.825340447164909	0.0574708818125136
MA0098.3	39405	0.823298747662588	0.0581796096728846
MA0762.1	39405	0.779495815918444	0.0564749500428351
MA0763.1	39405	0.814355536095843	0.0535229448516668
MA0156.2	39405	0.81750573155982	0.0588749965625808
MA0767.1	39405	0.812209634032419	0.0467090032089821
MA0768.1	39405	0.708014247942606	0.0596398319661826
MA0770.1	39405	0.716056148586836	0.0575179885941537
MA0771.1	39405	0.751110505622755	0.0509322362964625
MA0772.1	39405	0.720215636377686	0.064230361586856
MA0773.1	39405	0.703886451039836	0.0836373911250189
MA0498.2	39405	0.890770757641229	0.0627648470219865
MA0774.1	39405	0.826212252033348	0.0641619452772489
MA0775.1	39405	0.854871610363587	0.0575050784445607
MA0776.1	39405	0.713501919176235	0.0486944170719903
MA0777.1	39405	0.684300285409879	0.0454804205876139
MA0105.4	39405	0.690746245234101	0.057169341553404
MA0778.1	39405	0.724281189826241	0.0588927488989063
MA0779.1	39405	0.729446066937337	0.0367021245966252
MA0780.1	39405	0.675900313563306	0.0872507670170488
MA0781.1	39405	0.701831329183523	0.0390687929255416
MA0783.1	39405	0.690152429042416	0.0551241465766988
MA0784.1	39405	0.685150715773776	0.0792455077075428
MA0785.1	39405	0.732689528074827	0.0789891902411356
MA0786.1	39405	0.72571574125172	0.0848433810095986
MA0787.1	39405	0.717888592043256	0.082138905454952
MA0788.1	39405	0.711505787852207	0.0827349191047219
MA0789.1	39405	0.737954675864088	0.0848506357729802
MA0790.1	39405	0.674776935563647	0.0869628601946637
MA0791.1	39405	0.656563304493231	0.084227821992998
MA0792.1	39405	0.764276772746804	0.0811695173426693
MA0793.1	39405	0.754054514344709	0.0745830080521599
MA0794.1	39405	0.730411714410366	0.0472314334966728
MA0600.2	39405	0.689607762151029	0.0551532114909343
MA0795.1	39405	0.720369790018807	0.0531097111480273
MA0796.1	39405	0.662793326085049	0.0586952210253685
MA0797.1	39405	0.6994152979719	0.0539999643563264
MA0799.1	39405	0.739791315599656	0.050059876223821
MA0510.2	39405	0.684836876486639	0.0544980987636244
MA0511.2	39405	0.801557058059572	0.0523219692490867
MA0800.1	39405	0.752331151055945	0.0513866699978037
MA0801.1	39405	0.823622377376692	0.053408736673911
MA0802.1	39405	0.767021910434739	0.0542518432865198
MA0803.1	39405	0.800114479090882	0.0570932600473578
MA0804.1	39405	0.654346077881708	0.0445801633050012
MA0805.1	39405	0.795796020364198	0.0596369868434565
MA0806.1	39405	0.829720311773038	0.0519654387585294
MA0807.1	39405	0.841238306802674	0.0498177668155763
MA0808.1	39405	0.833090902934906	0.060400636660674
MA0810.1	39405	0.853638199470074	0.0564457793303636
MA0811.1	39405	0.836739799776327	0.0537392413456309
MA0812.1	39405	0.829192696379028	0.060550737451729
MA0813.1	39405	0.792507747373403	0.0625252146268179
MA0524.2	39405	0.832737272880413	0.0533157484432016
MA0815.1	39405	0.785863882753689	0.0656145369921332
MA0816.1	39405	0.809039323719354	0.0583322036725333
MA0461.2	39405	0.791278392509645	0.0530512975026654
MA0464.2	39405	0.779513703670532	0.0648653427394013
MA0817.1	39405	0.723388937116092	0.0593832192229184
MA0818.1	39405	0.759722211663806	0.0539553917194966
MA0819.1	39405	0.778552620242891	0.0510933519595926
MA0820.1	39405	0.832062855538866	0.0541790617070986
MA0821.1	39405	0.722979174305693	0.0555121437969308
MA0822.1	39405	0.70519996036836	0.0576395369610634
MA0823.1	39405	0.7780992528401	0.0678898829639302
MA0058.3	39405	0.789687791764793	0.0673176681948007
MA0825.1	39405	0.801791371375278	0.0643101785543025
MA0826.1	39405	0.737454278476339	0.0587810125015814
MA0827.1	39405	0.787910838978444	0.0501217663463571
MA0828.1	39405	0.750490666587504	0.0591544845264695
MA0832.1	39405	0.707954095823781	0.0540291880210526
MA0834.1	39405	0.697340282652197	0.0670853114008089
MA0466.2	39405	0.77878660892651	0.0564985167173988
MA0837.1	39405	0.786990194572627	0.0559454620973941
MA0838.1	39405	0.743700298781286	0.0554547978173602
MA0839.1	39405	0.714528898314198	0.0471585166822271
MA0840.1	39405	0.723802697702656	0.0703069542045769
MA0117.2	39405	0.782658894429302	0.0534993373596051
MA0841.1	39405	0.720413149896498	0.0621000906453388
MA0843.1	39405	0.734779018110278	0.0647934610973706
MA0844.1	39405	0.730038462859666	0.047613569662295
MA0845.1	39405	0.748449982797507	0.0792720998452009
MA0032.2	39405	0.777084768798387	0.0796825293796963
MA0846.1	39405	0.769861898217952	0.0798046081308844
MA0848.1	39405	0.825065816966305	0.0761477589779847
MA0849.1	39405	0.808094486732815	0.0783971657170869
MA0850.1	39405	0.873700487310609	0.0583587448913314
MA0851.1	39405	0.733094818517006	0.0762766176084877
MA0853.1	39405	0.701913321994457	0.0649172904496789
MA0854.1	39405	0.701534007083107	0.0692153254152982
MA0855.1	39405	0.689830743390359	0.0488760815991128
MA0856.1	39405	0.700100274477086	0.0483576788952547
MA0857.1	39405	0.65023184321826	0.0498704162832847
MA0858.1	39405	0.672345812965519	0.0466839461740707
MA0859.1	39405	0.670161173521691	0.0488045685056581
MA0860.1	39405	0.665632454650283	0.0456816180089006
MA0525.2	39405	0.670289816250731	0.0434307658174774
MA0106.3	39405	0.683127705473529	0.0413640289429341
MA0861.1	39405	0.71749444943002	0.0423049335344571
MA0862.1	39405	0.784103594420881	0.0579423766397026
MA0863.1	39405	0.706259761340927	0.0425356690674206
MA0024.3	39405	0.747360476089441	0.0499767229747254
MA0865.1	39405	0.703394284122562	0.0504397431183714
MA0866.1	39405	0.653105575527951	0.0626913535305452
MA0869.1	39405	0.616434436897355	0.0663739584206852
MA0870.1	39405	0.654919134489806	0.0622831639390992
MA0872.1	39405	0.780148037170298	0.0671308988020775
MA0028.2	39405	0.782051202068337	0.0654518635432051
MA0873.1	39405	0.746464443656457	0.0592546035640471
MA0874.1	39405	0.693655104630043	0.0650723631289552
MA0875.1	39405	0.830951313694202	0.0798696837175777
MA0876.1	39405	0.84054903695975	0.076106593900814
MA0879.1	39405	0.806195710486054	0.0810167683863083
MA0880.1	39405	0.822058450470731	0.0820840076988991
MA0881.1	39405	0.825757015511485	0.0786355078952115
MA0882.1	39405	0.822175295552811	0.0809567687722304
MA0883.1	39405	0.74930198378561	0.0548040560578638
MA0884.1	39405	0.746713581143212	0.0682862738261506
MA0885.1	39405	0.807683914186772	0.0906619039160014
MA0886.1	39405	0.777477794421003	0.0781406631890857
MA0887.1	39405	0.814094520030456	0.0666845241009621
MA0888.1	39405	0.810992363649287	0.0673543063306374
MA0889.1	39405	0.774200999378929	0.0753137185483242
MA0890.1	39405	0.784316939107419	0.0813992359186901
MA0891.1	39405	0.81187221278236	0.0587440803588949
MA0892.1	39405	0.82704856084958	0.0648384456818375
MA0894.1	39405	0.777163804600785	0.0850347904486402
MA0895.1	39405	0.796326656293302	0.05943322219966
MA0896.1	39405	0.72418782609118	0.0547083853685589
MA0897.1	39405	0.698863633339765	0.059558451207116
MA0898.1	39405	0.696267652104306	0.0600734870525413
MA0899.1	39405	0.773759784492645	0.0816566384522661
MA0903.1	39405	0.82509343795879	0.0749989557484461
MA0905.1	39405	0.784525514808176	0.0711348150775062
MA0906.1	39405	0.736213015997229	0.0625722908134917
MA0907.1	39405	0.735552155123312	0.0668190349849017
MA0908.1	39405	0.767514961658274	0.0717756673110239
MA0911.1	39405	0.76012421275192	0.060629236465925
MA0914.1	39405	0.827893947840035	0.0607887952921865
MA0852.2	39405	0.751516602440822	0.0676046316330429
MA0036.3	39405	0.772875951217397	0.0750776720304545
MA1106.1	39405	0.804498932569199	0.0654800217413198
MA0147.3	39405	0.779518437411279	0.0632470127450038
MA0100.3	39405	0.83361863189313	0.0607618543571857
MA0104.4	39405	0.761056750832113	0.0620756197075814
MA1109.1	39405	0.794514476671812	0.0537955486197866
MA0161.2	39405	0.798685268868288	0.062255833814082
MA0060.3	39405	0.790969836585962	0.0700026890066252
MA1110.1	39405	0.761437277151951	0.0581808795913866
MA1111.1	39405	0.781152764956392	0.0643318674468945
MA0014.3	39405	0.789824864299201	0.0533141264079255
MA1114.1	39405	0.729287110695586	0.0518353740858121
MA1115.1	39405	0.756439515466234	0.0845071658615078
MA1116.1	39405	0.852047958695297	0.0659488692118281
MA1117.1	39405	0.790767308958608	0.0569963613448183
MA1118.1	39405	0.753150469253402	0.0592991807464514
MA1119.1	39405	0.704336102951877	0.0547120124742595
MA0442.2	39405	0.80538059046595	0.0754361978326391
MA1120.1	39405	0.787172698360737	0.0732002325761345
MA1121.1	39405	0.76633893987328	0.0572080513347275
MA1122.1	39405	0.827617333196119	0.071622403740195
MA0750.2	39405	0.809213422936091	0.0639239914883044
MA0103.3	39405	0.843172030036696	0.0608024419278757
MA1124.1	39405	0.66785120168797	0.065000354017789
MA1125.1	39405	0.719734142467868	0.12767452455886
MA1154.1	39405	0.715110545398261	0.0418007451547098
MA1155.1	39405	0.701908300457517	0.0482273318405853
MA0037.3	39405	0.821969418213011	0.0684721271561938
MA0099.3	39405	0.774849530749115	0.0649120468915157
MA1126.1	39405	0.720976175543518	0.0569259794633759
MA1127.1	39405	0.72212579141814	0.0681225865336549
MA1128.1	39405	0.764095692660556	0.0638871193594363
MA1129.1	39405	0.734458878925161	0.0669751437461913
MA1130.1	39405	0.769775299750659	0.0650394439333763
MA1131.1	39405	0.746904120985883	0.0668358826358121
MA1132.1	39405	0.785965369161864	0.0586242618802149
MA1133.1	39405	0.741762593707322	0.0628997263642231
MA1134.1	39405	0.753729039857248	0.0647191786193728
MA1135.1	39405	0.767272821880403	0.0667611361065913
MA1136.1	39405	0.751316303238649	0.0641160940378919
MA1137.1	39405	0.762131218093933	0.0619823924158662
MA1138.1	39405	0.76077908989021	0.0692337134317273
MA1139.1	39405	0.716333730727961	0.0705316261865912
MA1141.1	39405	0.756106723694962	0.0633309268188954
MA1142.1	39405	0.798452514740629	0.0616798957155172
MA1143.1	39405	0.781158944828697	0.0612802020565145
MA1144.1	39405	0.763715523574516	0.0665512151089678
MA1145.1	39405	0.727327854821709	0.0644079374109252
MA1146.1	39405	0.733905101292871	0.0393673622506306
MA1147.1	39405	0.7507879740067	0.0394910704650027
MA1148.1	39405	0.733986204778492	0.0396980874984108
MA1149.1	39405	0.769507743089073	0.0403687779736073
MA1150.1	39405	0.793256470937919	0.0531377485309765
MA1151.1	39405	0.800506272486475	0.0487139824901036
MA1152.1	39405	0.820932603992664	0.0764354360846448
MA0831.2	39405	0.82169160363997	0.0628628693138034
MA0693.2	39405	0.838864483037609	0.0573523881666872
MA1153.1	39405	0.822174556840398	0.0597611774273555
MA1418.1	39405	0.673193577417907	0.0514677096378949
MA1419.1	39405	0.670131255421423	0.0514618037551111
MA1420.1	39405	0.71898760915344	0.0454449572417375
MA1421.1	39405	0.731698663288554	0.0581564035207508
MA1463.1	39405	0.719595987366661	0.0921622893485406
MA1464.1	39405	0.772488894622001	0.0673457491335096
MA1466.1	39405	0.712845185857754	0.0486242553516476
MA1467.1	39405	0.802519667295389	0.0530706661584412
MA1468.1	39405	0.823961886249693	0.0438247247887279
MA1101.2	39405	0.676813846684063	0.0543633512291064
MA1470.1	39405	0.666409341213504	0.0494060992470305
MA1471.1	39405	0.762334699482904	0.0846551251409152
MA1472.1	39405	0.847794076951748	0.0515899344841852
MA1473.1	39405	0.74877293866169	0.0724348937791129
MA1474.1	39405	0.773442215876957	0.0504926539170175
MA1475.1	39405	0.7573527890864	0.0584769366239397
MA1476.1	39405	0.778749026391672	0.0958489067101976
MA1478.1	39405	0.770812602696494	0.0579610236038663
MA1479.1	39405	0.738842399241586	0.0608474040984752
MA1480.1	39405	0.766861107164638	0.0604659311685209
MA1481.1	39405	0.810600897104086	0.0842753188764786
MA1483.1	39405	0.76609271985751	0.0582421692300114
MA1484.1	39405	0.826721845442337	0.057496771593451
MA1485.1	39405	0.747309425804957	0.0499681907863801
MA1487.1	39405	0.732406064770716	0.0681833186253511
MA1489.1	39405	0.716530262657023	0.0923332113358285
MA1491.1	39405	0.760178815919553	0.047847836091637
MA1493.1	39405	0.7759314505809	0.0478063149361748
MA1494.1	39405	0.698270038614808	0.0471581053103988
MA1495.1	39405	0.828912707758881	0.0718935820805031
MA1496.1	39405	0.86286573365994	0.0556928603260558
MA1497.1	39405	0.811539919781285	0.0613496022102323
MA1498.1	39405	0.834262281738992	0.0704972803724653
MA1499.1	39405	0.807471699611837	0.0817323048230671
MA1500.1	39405	0.852412835899454	0.060190348115063
MA1501.1	39405	0.802618378529634	0.0555190986851311
MA1502.1	39405	0.823554657559173	0.0748282031438129
MA1503.1	39405	0.74846620845262	0.0664488494150795
MA1504.1	39405	0.836147654586892	0.0799693627039898
MA1505.1	39405	0.832793049873923	0.0675118531731821
MA1506.1	39405	0.736623831393832	0.0609397744109393
MA1507.1	39405	0.828527216390991	0.0809070441056066
MA1508.1	39405	0.798591085032296	0.0608246318194007
MA1509.1	39405	0.760664351886949	0.05291970053864
MA1511.1	39405	0.840645668241681	0.063039246899039
MA1512.1	39405	0.844355933397533	0.0699302443457908
MA1513.1	39405	0.836484516059336	0.110286530988493
MA1514.1	39405	0.759977603669389	0.0547962189711757
MA1515.1	39405	0.872849251934336	0.0710067831684427
MA1516.1	39405	0.824903486487179	0.0675383473825094
MA1517.1	39405	0.858972323540986	0.0657580640507559
MA1518.1	39405	0.845930413823463	0.0727905180298085
MA1519.1	39405	0.780288291926045	0.0871434115274251
MA1520.1	39405	0.725849290952389	0.0448321221440184
MA1521.1	39405	0.737313329044796	0.0446547404294861
MA1522.1	39405	0.852110930695257	0.084837037763607
MA1523.1	39405	0.81687730618796	0.0531962652669019
MA1524.1	39405	0.809541261224682	0.0536011543808379
MA1525.1	39405	0.82583710461751	0.0598506132144194
MA1527.1	39405	0.715507553795473	0.0541436603312719
MA1528.1	39405	0.73085431453009	0.0539110577293954
MA1529.1	39405	0.715284345912033	0.0518429828666366
MA1530.1	39405	0.813726563590907	0.0690988266331308
MA1531.1	39405	0.748638552265845	0.0420855962499026
MA1532.1	39405	0.777282513797148	0.038329890339835
MA1533.1	39405	0.764227391505867	0.0364961271963826
MA1534.1	39405	0.803403393638569	0.0590216854531621
MA1535.1	39405	0.877139831274085	0.0573577629456548
MA1536.1	39405	0.920719415470042	0.0421222635266387
MA1537.1	39405	0.727125420918616	0.0442430923862149
MA1538.1	39405	0.711617703373194	0.0451307155839911
MA1539.1	39405	0.695934987611944	0.0459577278793414
MA1540.1	39405	0.815317252096829	0.0505504765821937
MA1541.1	39405	0.719261288548724	0.044594043093428
MA1542.1	39405	0.807866790448124	0.0488614021723441
MA1544.1	39405	0.714097835065632	0.0537519175607743
MA1545.1	39405	0.757613079252868	0.0510480853909042
MA1546.1	39405	0.725339548558127	0.0401642068137487
MA1547.1	39405	0.798483422103247	0.0779446560517132
MA1548.1	39405	0.818226493935307	0.0757884606765578
MA1549.1	39405	0.794407637550584	0.0662333527191852
MA1550.1	39405	0.725178957096878	0.0443436880475175
MA1552.1	39405	0.730193542396826	0.042683313496088
MA1553.1	39405	0.714680169760447	0.0440067609376186
MA1554.1	39405	0.863976111478342	0.0420762268400806
MA1555.1	39405	0.73893616589797	0.044533412355917
MA1556.1	39405	0.735618726997285	0.0467726680009061
MA1557.1	39405	0.754113282217533	0.048102521624049
MA1558.1	39405	0.843538190966778	0.0560649773788836
MA1559.1	39405	0.804154884024806	0.0549535522929028
MA1560.1	39405	0.773708478946036	0.0644430499102485
MA1561.1	39405	0.731909200492467	0.0554375839207457
MA1562.1	39405	0.74335628129419	0.0610853970766807
MA1563.1	39405	0.898902265976594	0.0371714046015693
MA1564.1	39405	0.844991902760292	0.0744180139868442
MA1565.1	39405	0.785971870096499	0.048480151898827
MA1566.1	39405	0.857138318429439	0.0434395893561444
MA1567.1	39405	0.82460536211144	0.0473306039799276
MA1568.1	39405	0.786745959732975	0.041039999111445
MA1569.1	39405	0.851399891831477	0.0712727829599168
MA1570.1	39405	0.829461810942991	0.0541167663545177
MA1571.1	39405	0.721056596438861	0.0494525951636296
MA1572.1	39405	0.728213053220626	0.0492923691503369
MA1573.1	39405	0.686196644941165	0.0581272595527066
MA1574.1	39405	0.775310462842914	0.0401018231095657
MA1575.1	39405	0.716163816550359	0.0434709476721851
MA1576.1	39405	0.715165532175241	0.0386147468997349
MA1577.1	39405	0.78181002097849	0.100305764273814
MA1578.1	39405	0.841841036452965	0.0673259695122035
MA1579.1	39405	0.789061321398849	0.0614448291395938
MA1580.1	39405	0.735099234482845	0.067272897992836
MA1581.1	39405	0.796601373046666	0.054605973355079
MA1583.1	39405	0.798836386041695	0.0600841534814409
MA1584.1	39405	0.756452171795763	0.0534611493250055
MA1585.1	39405	0.758153585661245	0.0543456297952706
MA1587.1	39405	0.755100471743421	0.0514903062450303
MA1588.1	39405	0.695221349043776	0.0501290023310135
MA1589.1	39405	0.66346372097294	0.0389728128858768
MA1592.1	39405	0.749169420312238	0.044665365441702
MA1593.1	39405	0.764112512176594	0.0581896676631512
MA1594.1	39405	0.658299108425491	0.036569158660968
MA1596.1	39405	0.747908372431342	0.0659599093360863
MA1597.1	39405	0.681152264761111	0.043908673148469
MA1599.1	39405	0.743481844305542	0.0588566300061608
MA1600.1	39405	0.706484864342318	0.0394280060566185
MA1601.1	39405	0.80280927776541	0.0594880096964781
MA1602.1	39405	0.758448898479165	0.0475139358706925
MA1603.1	39405	0.715063263258093	0.0677330672089536
MA1604.1	39405	0.767878178813781	0.059074816745003
MA1606.1	39405	0.760111281279885	0.0871462660996092
MA1607.1	39405	0.72536188292136	0.0818971640292042
MA1608.1	39405	0.776577789107845	0.0688184774097026
MA1615.1	39405	0.79969456119077	0.0657401867424379
MA1616.1	39405	0.743901743735376	0.049555826726942
MA1618.1	39405	0.781731952885732	0.0597456303936132
MA1619.1	39405	0.795179929009106	0.0636626232424647
MA1620.1	39405	0.798546272215924	0.0577555070459247
MA1621.1	39405	0.798445630512251	0.0555605570648814
MA1622.1	39405	0.749908477255175	0.0720651987527993
MA1623.1	39405	0.740651354421555	0.0796880017043338
MA1624.1	39405	0.764902219634099	0.0657496611531332
MA1625.1	39405	0.749441051009365	0.0671351372948944
MA1627.1	39405	0.805952725172163	0.0685991969547243
MA1628.1	39405	0.844157285144237	0.0588011209912151
MA1629.1	39405	0.77973946377708	0.0534236991504242
MA1630.1	39405	0.791322515452143	0.0703430184547701
MA1100.2	39405	0.848159415914996	0.0555654250543912
MA0605.2	39405	0.706698911914808	0.0703879432917043
MA0877.2	39405	0.847377545348444	0.0601860387780758
MA0462.2	39405	0.749097622487957	0.0734272077201981
MA0463.2	39405	0.708842221420648	0.0476499371440367
MA0878.2	39405	0.740879339034851	0.0700575814151457
MA0864.2	39405	0.732740032437411	0.0462127984955761
MA0469.3	39405	0.664194569692875	0.0464948434788126
MA0470.2	39405	0.723543033836113	0.0476270898417291
MA0612.2	39405	0.787457444406133	0.0814046013411518
MA0847.2	39405	0.770397778038492	0.0681563921428718
MA0766.2	39405	0.808233204881374	0.0647471295016221
MA0038.2	39405	0.764410932186635	0.0564731472083988
MA0734.2	39405	0.741883544208353	0.0483764383790776
MA0893.2	39405	0.855429102859815	0.0631743582239609
MA1099.2	39405	0.827671250549077	0.0725876167134476
MA0616.2	39405	0.780648624799628	0.0710374582560272
MA0650.2	39405	0.752664648320285	0.0656965097970872
MA0900.2	39405	0.784273131634671	0.0847005681008557
MA0158.2	39405	0.826206256597803	0.0662486453319611
MA0594.2	39405	0.828935804146277	0.0524882507678467
MA0902.2	39405	0.832545640533279	0.072486455098102
MA0904.2	39405	0.813011570951943	0.0717520233353486
MA0485.2	39405	0.737499002189844	0.0681501067540295
MA0909.2	39405	0.77588024677203	0.0538214613104792
MA0912.2	39405	0.775463453327477	0.0736232845904002
MA0910.2	39405	0.82003410027009	0.072864164693796
MA0913.2	39405	0.765312167038224	0.0803859979231087
MA1140.2	39405	0.689799011222428	0.0652681102731668
MA0701.2	39405	0.78314281588235	0.0820741504075269
MA0702.2	39405	0.740680117400751	0.0946096311338126
MA0703.2	39405	0.683862800262597	0.102274778343612
MA0623.2	39405	0.75847863184549	0.0546721324814912
MA0842.2	39405	0.748737493025881	0.053844981275989
MA0682.2	39405	0.802037265906253	0.071966876676557
MA0075.3	39405	0.758665613477719	0.0940341266037184
MA0867.2	39405	0.824232910933187	0.0671987196264964
MA0868.2	39405	0.786799643124524	0.0705597348618691
MA0079.4	39405	0.793058837254176	0.0702309061511694
MA0516.2	39405	0.770587733829808	0.0604435875734233
MA0746.2	39405	0.832673130202616	0.0736238261102387
MA0632.2	39405	0.813512205966765	0.0720376979859764
MA0871.2	39405	0.765127295401704	0.0651819397362363
MA0753.2	39405	0.779992037561417	0.0727910018730918
MA0122.3	39405	0.732763595344001	0.0681270511533228
MA1631.1	39405	0.813206034772069	0.0590181623583888
MA1632.1	39405	0.743205817574404	0.0708360347836697
MA1633.1	39405	0.735248247296207	0.058631855025516
MA1634.1	39405	0.750445425856995	0.0740112242000235
MA1635.1	39405	0.825559644017728	0.0772644252921378
MA1636.1	39405	0.724986269664124	0.0632502141511898
MA1637.1	39405	0.767971101589249	0.0609336546602008
MA1638.1	39405	0.830912452778359	0.0603011670054692
MA1639.1	39405	0.737869904129502	0.0717261605370999
MA1640.1	39405	0.707347895590888	0.074905222062275
MA1641.1	39405	0.786550449445364	0.0628833266816688
MA1642.1	39405	0.799646688431049	0.0568658565704924
MA1643.1	39405	0.685454021846913	0.0492301061581263
MA1644.1	39405	0.787834922604534	0.0718043145914941
MA1645.1	39405	0.780911902681433	0.0529115612034326
MA1646.1	39405	0.807807696805944	0.0576484236402768
MA1647.1	39405	0.805368549790638	0.0624505171573893
MA1648.1	39405	0.844356375768675	0.0619027999305322
MA1649.1	39405	0.805339790079494	0.0605126045056908
MA1650.1	39405	0.800492598198933	0.0795013988156058
MA1651.1	39405	0.705375737372554	0.0558847034152547
MA1652.1	39405	0.794164399774829	0.0568295570465129
MA1653.1	39405	0.826463999104356	0.0876935518149627
MA1654.1	39405	0.680742022065228	0.0356952385282146
MA1655.1	39405	0.793203153112454	0.0551134745723115
MA1656.1	39405	0.775675260813679	0.0545563534599239
MA1657.1	39405	0.723157662847978	0.0685525698493638
MA1683.1	39405	0.764606121570107	0.0818037522953989
MA0833.2	39405	0.727292653793537	0.0630435947481482
MA0835.2	39405	0.748991122303906	0.0723588428618188
MA0465.2	39405	0.736935373469722	0.0802193218327466
MA0102.4	39405	0.722689067301638	0.0662466347258315
MA0836.2	39405	0.736656421029751	0.0661441783598628
MA0018.4	39405	0.748470108446141	0.0781645184715836
MA1102.2	39405	0.817240407253209	0.0729754162633036
MA0471.2	39405	0.829745038596706	0.0645795090120394
MA0154.4	39405	0.752641994613843	0.056232636280988
MA0162.4	39405	0.791215299845339	0.0787129503056584
MA0598.3	39405	0.774532828320368	0.0599390941762573
MA0473.3	39405	0.779868017818205	0.0593224590801646
MA0640.2	39405	0.792097996035282	0.0578905302399718
MA0592.3	39405	0.740395631278927	0.0568631937911198
MA0761.2	39405	0.784823213920144	0.0601554065243174
MA0764.2	39405	0.851445038337323	0.0681871614028523
MA0765.2	39405	0.830507390410249	0.0616126202731212
MA0477.2	39405	0.742309793130987	0.0703528477833794
MA0148.4	39405	0.739020429118573	0.0794447756770985
MA0047.3	39405	0.761468984971594	0.0815804642869703
MA1103.2	39405	0.762188446099085	0.0827058202879196
MA0481.3	39405	0.766385132171672	0.0835309805649961
MA0062.3	39405	0.778639997707426	0.0588474477345555
MA0035.4	39405	0.762880048799426	0.0727153176250891
MA0482.2	39405	0.761612418667623	0.0661455060031903
MA1104.2	39405	0.733471227486574	0.073819854618332
MA1105.2	39405	0.745425412475346	0.0607166885203987
MA0043.3	39405	0.730640415509178	0.0702336739722456
MA0114.4	39405	0.742649532308567	0.059541360034523
MA0484.2	39405	0.748471720897494	0.0582674767152753
MA0901.2	39405	0.71141607044806	0.0911913499487365
MA0490.2	39405	0.72639051903296	0.0725938604874187
MA0491.2	39405	0.730472888929065	0.0713632335994328
MA0039.4	39405	0.854616695328045	0.0782144120068064
MA1107.2	39405	0.77064569797184	0.0651447633214775
MA0700.2	39405	0.751574155510101	0.0867700741323311
MA0495.3	39405	0.708256292935794	0.0601604547418591
MA0659.2	39405	0.715535985391457	0.0575153579956599
MA0496.3	39405	0.714465521732565	0.0561059900860157
MA0052.4	39405	0.710222696567365	0.0860664110901319
MA0620.3	39405	0.719444057685772	0.0597900139442049
MA1108.2	39405	0.825028792601133	0.0713752860575478
MA0499.2	39405	0.796843968507183	0.0533865650770959
MA0500.2	39405	0.795237982048156	0.0713497853278149
MA0056.2	39405	0.787424646500061	0.0539174674676499
MA0089.2	39405	0.708142892351775	0.0538854822697405
MA0025.2	39405	0.725729430340025	0.0774354170683525
MA0502.2	39405	0.776642800079969	0.0638760492609221
MA0063.2	39405	0.794571938863588	0.0626338312338362
MA1112.2	39405	0.77880028318306	0.0653696150886291
MA0679.2	39405	0.662717565433711	0.0887226975364659
MA0712.2	39405	0.778047602974182	0.0684443941344463
MA1113.2	39405	0.715739452849085	0.0799722780244432
MA0681.2	39405	0.640693062821304	0.102115027897815
MA0782.2	39405	0.738567744683486	0.0573474664981492
MA0627.2	39405	0.716984041706101	0.0835421031061562
MA0508.3	39405	0.80775740266493	0.067785211579797
MA0509.2	39405	0.745363894630507	0.0563006166003484
MA0798.2	39405	0.746550582198984	0.0547505052136702
MA0684.2	39405	0.784830946387551	0.0618931758979184
MA0743.2	39405	0.727727910236481	0.052087282168429
MA0744.2	39405	0.732767764005729	0.0512051855296797
MA0745.2	39405	0.781298343908807	0.0555319662498495
MA0143.4	39405	0.781444615855817	0.0723230552849876
MA0080.5	39405	0.720622616891851	0.0560572834016124
MA0081.2	39405	0.750607674697206	0.053542293778627
MA0829.2	39405	0.735868022299386	0.0573375280563581
MA0522.3	39405	0.844410461802804	0.0608987745679087
MA0830.2	39405	0.811828785736991	0.0591104350601143
MA0769.2	39405	0.78295490927704	0.0720258811170205
MA0090.3	39405	0.755959416790661	0.0591936780959706
MA0809.2	39405	0.774195517146981	0.0602628891791938
MA0003.4	39405	0.789510682969632	0.0621311887695304
MA0814.2	39405	0.799556758237127	0.065008287142088
MA1123.2	39405	0.781837928679292	0.0577416407755485
MA0093.3	39405	0.74121591866533	0.058991644311163
MA0526.3	39405	0.740464929269576	0.060137201623589
MA0748.2	39405	0.798136939084785	0.0678349173661787
MA0528.2	39405	0.829353788242695	0.0713447532114521
MA0609.2	39405	0.69929572023795	0.0650005564592377
