[SHORT TFBS MATRIX]
MA0004.1	39581	0.886984827909596	0.0669588187361708
MA0069.1	39581	0.79326980537499	0.0357150860819135
MA0071.1	39581	0.86033901567902	0.0485537865872237
MA0074.1	39581	0.77954551894978	0.0366438941788672
MA0101.1	39581	0.8940137778808	0.0384096113800924
MA0107.1	39581	0.853809039153489	0.0472558150498139
MA0111.1	39581	0.886330010494343	0.028812366679861
MA0115.1	39581	0.701753928609279	0.0413696861181427
MA0116.1	39581	0.846903175388131	0.0396530566738988
MA0119.1	39581	0.766760535911862	0.0479553032068417
MA0130.1	39581	0.982329413785294	0.024534639865524
MA0142.1	39581	0.787369897699581	0.0464187866721586
MA0149.1	39581	0.714076134986485	0.0541763541153623
MA0151.1	39581	0.947931495672341	0.0651801535000682
MA0155.1	39581	0.873578087857056	0.0383139105762493
MA0159.1	39581	0.815459663954885	0.0321121841322461
MA0163.1	39581	0.819255549940621	0.0463102362837316
MA0145.2	39581	0.852302913234423	0.0364204630500759
MA0468.1	39581	0.841613910097312	0.0513930439777083
MA0515.1	39581	0.896028761933765	0.0443454515160784
MA0258.2	39581	0.821684552047838	0.0376632128450145
MA0595.1	39581	0.88041377915011	0.0430273511822454
MA0596.1	39581	0.865555269257025	0.0452517723965086
MA0599.1	39581	0.941897767059804	0.0514534005734386
MA0604.1	39581	0.860350838933987	0.0516320277548004
MA0608.1	39581	0.854948317343038	0.0483168987225212
MA0613.1	39581	0.875048333083378	0.0649919079894558
MA0614.1	39581	0.89926731807098	0.0562043771418521
MA0636.1	39581	0.802423367089848	0.0524872618729188
MA0641.1	39581	0.797592951050147	0.0457713257920275
MA0042.2	39581	0.893868929638658	0.0573796648344623
MA0033.2	39581	0.927377819365939	0.0549684503979449
MA0153.2	39581	0.770216813318201	0.0594911290752425
MA0486.2	39581	0.772279735143876	0.0502747831751089
MA0653.1	39581	0.720228241322515	0.0455689190821265
MA0655.1	39581	0.810093328594424	0.0554608583354278
MA0660.1	39581	0.80304800289247	0.0661267534987167
MA0663.1	39581	0.802909813475928	0.0500395194576165
MA0665.1	39581	0.83562495744099	0.0431161783877861
MA0667.1	39581	0.822232797924757	0.0477051376715269
MA0669.1	39581	0.825292599074641	0.0459148130428105
MA0676.1	39581	0.872190438134666	0.0485187214081072
MA0678.1	39581	0.828777797780341	0.0473995223270815
MA0068.2	39581	0.862442926661134	0.0553368956171764
MA0512.2	39581	0.749510639738459	0.0431995215510328
MA0083.3	39581	0.715815224295783	0.0447484119101096
MA0009.2	39581	0.728937885370389	0.0398040722572725
MA0689.1	39581	0.832286612397531	0.0415135901987349
MA0691.1	39581	0.828810854272498	0.0504364130304707
MA0696.1	39581	0.788097139712308	0.0449557931315034
MA0713.1	39581	0.822020930422283	0.0623958115586374
MA0715.1	39581	0.799988464381921	0.06897779304203
MA0724.1	39581	0.864676971499637	0.0527190005774306
MA0728.1	39581	0.750284710873201	0.0514557576403203
MA0729.1	39581	0.726953730294212	0.0422073511371022
MA0730.1	39581	0.734430107857787	0.038786581396548
MA0731.1	39581	0.696440780492873	0.0412261720609587
MA0472.2	39581	0.821404872889404	0.0489328711480815
MA0736.1	39581	0.802196357045944	0.0419102329000609
MA0737.1	39581	0.761125441997361	0.0384949780784616
MA0741.1	39581	0.885630852245653	0.0583145938864642
MA0088.2	39581	0.769891690963512	0.0388425105785303
MA0758.1	39581	0.71940516531459	0.0453986743787239
MA0770.1	39581	0.785582434032083	0.0489447100433777
MA0771.1	39581	0.810219463186993	0.0451320482280231
MA0773.1	39581	0.815364769688026	0.0684634558757185
MA0774.1	39581	0.89297589162765	0.0496798892569853
MA0776.1	39581	0.769359850018045	0.0421698906894493
MA0777.1	39581	0.736132198447911	0.0396878937550904
MA0105.4	39581	0.751754614746075	0.0523369430913892
MA0780.1	39581	0.78269167167381	0.0667347779993717
MA0783.1	39581	0.757030767817677	0.0484613924250939
MA0787.1	39581	0.815753331065353	0.0601689953491512
MA0788.1	39581	0.81098373254869	0.0593101901396593
MA0789.1	39581	0.83846630210237	0.0643787755133673
MA0792.1	39581	0.859506751596219	0.0590084786106422
MA0794.1	39581	0.784862948798785	0.0410130349086071
MA0795.1	39581	0.782851121537769	0.0461748215380154
MA0796.1	39581	0.73218930596786	0.0510111596042555
MA0797.1	39581	0.763057559502819	0.0467216898828732
MA0511.2	39581	0.857329424799637	0.0443935078230835
MA0801.1	39581	0.891761415270604	0.0487265635134318
MA0803.1	39581	0.871807172510939	0.0534174753318712
MA0805.1	39581	0.871792235778382	0.0536279013779049
MA0806.1	39581	0.896241228247224	0.0458435355232453
MA0807.1	39581	0.902869383689245	0.0425338112962789
MA0808.1	39581	0.905594916466189	0.0488682769896746
MA0813.1	39581	0.833834834835027	0.0529508788129542
MA0815.1	39581	0.826861720476946	0.0554567476421016
MA0816.1	39581	0.860956424754274	0.0480572125012219
MA0822.1	39581	0.754915973642347	0.0542901934664867
MA0823.1	39581	0.828461354563563	0.0568677488407501
MA0826.1	39581	0.811505051051196	0.0505417137119492
MA0827.1	39581	0.851016771142463	0.0431544481508552
MA0838.1	39581	0.807483241534869	0.0461379569856476
MA0845.1	39581	0.844253992268201	0.0578810972405595
MA0032.2	39581	0.873115423364851	0.055209273024152
MA0848.1	39581	0.91200060673739	0.0526630367021217
MA0849.1	39581	0.897244574825707	0.056884633378242
MA0850.1	39581	0.940104429760551	0.0380837358485327
MA0855.1	39581	0.746403804849783	0.0433182817416264
MA0856.1	39581	0.756659287566039	0.04249675963638
MA0857.1	39581	0.720575484331254	0.0472425968194334
MA0858.1	39581	0.727616841034483	0.0402404560930275
MA0860.1	39581	0.725408015342007	0.0444183356462529
MA0525.2	39581	0.723226572356751	0.0379855195638587
MA0106.3	39581	0.732050966044126	0.0361727143864645
MA0862.1	39581	0.838221785701765	0.0467459876823443
MA0863.1	39581	0.747932424300601	0.0378811471917093
MA0024.3	39581	0.787491106051926	0.0428603187668419
MA0866.1	39581	0.730569452268398	0.05090989348813
MA0870.1	39581	0.730595991099177	0.0509514829439052
MA0872.1	39581	0.821853240257282	0.0567682676620084
MA1124.1	39581	0.752537377421377	0.0621048083490084
MA1155.1	39581	0.758693238097706	0.04250924874341
MA1127.1	39581	0.783845202300714	0.0518725454446706
MA1129.1	39581	0.795917366506368	0.0514244919869566
MA1136.1	39581	0.808809316632465	0.0498534199407595
MA1420.1	39581	0.770319199131704	0.0373844461710311
MA1421.1	39581	0.800885845185089	0.0452064994231769
MA1468.1	39581	0.875493779116167	0.0372614652934285
MA1485.1	39581	0.788332158372037	0.043197057534808
MA1489.1	39581	0.813587958869154	0.0749511683748685
MA1493.1	39581	0.824449072425751	0.0425970669317721
MA1509.1	39581	0.820049766810297	0.0441685569562487
MA1538.1	39581	0.758708553247413	0.0406415357126213
MA1539.1	39581	0.745182024442174	0.0415878702685503
MA1555.1	39581	0.787238824452636	0.0389801251297551
MA1556.1	39581	0.783233872857183	0.0408908909513378
MA1557.1	39581	0.806568827862254	0.0420116343972001
MA1570.1	39581	0.890989929227143	0.0391984911371358
MA1571.1	39581	0.777402663596625	0.0431496632019502
MA1572.1	39581	0.783988363388565	0.0422856079699261
MA1580.1	39581	0.82054780557734	0.0553582306616484
MA1587.1	39581	0.823564541553683	0.0642829612821332
MA1588.1	39581	0.760031434597076	0.0397675975735098
MA1594.1	39581	0.701581797712049	0.0307388344592504
MA1596.1	39581	0.820903567491833	0.0879528563772055
MA1597.1	39581	0.728285474599567	0.0395977515839155
MA0158.2	39581	0.902329802959068	0.0504494090268288
MA0912.2	39581	0.862184750420102	0.0573819038549915
MA0623.2	39581	0.827022699491221	0.0483684983317871
MA2093.1	39581	0.91732578772578	0.0467395823592701
MA2094.1	39581	0.800677460259712	0.0333852745812015
MA2095.1	39581	0.827819171274303	0.0483231965120856
MA2096.1	39581	0.865932463894334	0.0498929293756834
MA1715.1	39581	0.750515344280709	0.0402894111435701
MA2097.1	39581	0.801829371725486	0.0452153443664326
MA2098.1	39581	0.868702937201143	0.0494732280999195
MA2099.1	39581	0.915402435275666	0.0528202011875771
MA1718.1	39581	0.689598903089001	0.0441518604995986
MA2100.1	39581	0.668182985944661	0.0391914112305648
MA2101.1	39581	0.802833014675275	0.0445815632140293
MA1684.1	39581	0.976538747956686	0.041172930271306
MA2102.1	39581	0.820925754799787	0.0537853176671
MA1931.1	39581	0.753117083133824	0.0405426360771987
MA1957.1	39581	0.765875828205232	0.0390878291733492
MA1962.1	39581	0.764166959168419	0.0477158893354184
MA1972.1	39581	0.847732086807791	0.0382008630070669
MA1980.1	39581	0.797395986941266	0.036050259582111
MA1985.1	39581	0.766954114478541	0.0430225265924548
MA2117.1	39581	0.88397288429577	0.0593824234384624
MA2118.1	39581	0.864445093555193	0.0580899013883843
MA2119.1	39581	0.913959394738791	0.0570042148444878
MA2120.1	39581	0.847220674230918	0.0360080466247611
MA2121.1	39581	0.867889374339651	0.0687683706252211
MA2122.1	39581	0.812616187184392	0.0508761010635966
MA2123.1	39581	0.87103756715372	0.0459119547462123
MA2124.1	39581	0.894477911773775	0.0828968905071804
MA2125.1	39581	0.894295880346777	0.0530630917373617
MA2126.1	39581	0.860269243658599	0.0603821993193834
MA0079.5	39581	0.915120062055193	0.0732926746386181
MA0509.3	39581	0.721654301911598	0.0467755624144598
MA0516.3	39581	0.923192879005752	0.0646981780406442
MA0607.2	39581	0.8040470510346	0.0472646210510132
MA0685.2	39581	0.9260144311665	0.0660971730731699
MA0740.2	39581	0.928328509946187	0.0621386382020121
MA0742.2	39581	0.910585318928394	0.0714687087180002
MA0798.3	39581	0.723324148491796	0.0457730667222216
MA0818.2	39581	0.820876689336384	0.0482254439163341
MA0821.2	39581	0.839379430660698	0.0509915482483661
MA0831.3	39581	0.790956100694648	0.053158722431028
MA0878.3	39581	0.841258202073261	0.0544399022692762
MA0884.2	39581	0.801464122871992	0.0559194428221021
MA1511.2	39581	0.918430862325314	0.0671678812611055
MA1532.2	39581	0.773052617812597	0.0376669383721148
MA1547.2	39581	0.886649976156582	0.0581197111051522
MA1563.2	39581	0.935902827254257	0.0437610188053512
MA1573.2	39581	0.761236832815852	0.0541267744117275
MA1601.2	39581	0.80502480363828	0.0408058486792615
MA1633.2	39581	0.828889729961302	0.053431894547368
MA2323.1	39581	0.717486612977889	0.0457247084733694
MA2324.1	39581	0.899831123243634	0.0531611221060486
MA2325.1	39581	0.83488018876132	0.04927210306216
MA2326.1	39581	0.956068933359684	0.0657256531175768
MA2327.1	39581	0.861975687309605	0.0640052931766136
MA2328.1	39581	0.852661888292131	0.0819483101310051
MA2329.1	39581	0.844808176417109	0.0540065949667741
MA2330.1	39581	0.831734487211215	0.0582894481337298
MA2331.1	39581	0.694681240089764	0.0344013210625802
MA2332.1	39581	0.856493174821244	0.0493413888117525
MA2333.1	39581	0.864546065133921	0.070563168745816
MA2334.1	39581	0.765474232290772	0.0413006779623528
MA2335.1	39581	0.671077177611298	0.0418671619196839
MA2336.1	39581	0.902332028107703	0.0528684556409547
MA2337.1	39581	0.95921922431997	0.0625093101485123
MA2338.1	39581	0.895794389978943	0.054810940509411
MA2339.1	39581	0.873707401373857	0.0524492088676085
MA2340.1	39581	0.812949704599387	0.0500875789731289
MA2341.1	39581	0.922998225332419	0.0489449035075725
MA0619.2	39581	0.926457346114995	0.0681791942413117
MA0006.2	39581	0.957368139048612	0.0611750130809034
MA0854.2	39581	0.852866407757333	0.0668336590867499
MA0634.2	39581	0.927514360462452	0.0607988456147785
MA0853.2	39581	0.802821241110829	0.0541806787625516
MA0690.3	39581	0.829421324033752	0.0433173963466124
MA0007.4	39581	0.755552578376896	0.0411418701527467
MA1463.2	39581	0.847365752869975	0.0698812710895717
MA0601.2	39581	0.913350315368792	0.0687191897587205
MA0602.2	39581	0.872516674864285	0.0676145345609935
MA0259.2	39581	0.951423490702012	0.0616119923506327
MA1464.2	39581	0.846196043141301	0.0574208661048283
MA0603.2	39581	0.851493676981579	0.0547423471385267
MA0874.2	39581	0.83405855756854	0.058948767386372
MA1100.3	39581	0.912156810184111	0.0443799248607488
MA1631.2	39581	0.882227536058955	0.051620713839904
MA1632.2	39581	0.830517200167687	0.0570479520204307
MA1988.2	39581	0.881951949655212	0.0583504762670374
MA0605.3	39581	0.780818553906783	0.0582823365129734
MA0833.3	39581	0.818958692967786	0.0523317482340305
MA1466.2	39581	0.757021215105604	0.0412220383486084
MA0834.2	39581	0.769608000970719	0.0566640830630395
MA0461.3	39581	0.878413342645219	0.0477502471141315
MA1467.3	39581	0.89685521932137	0.0563167846108398
MA0591.2	39581	0.802294298436132	0.0423380750607079
MA0496.4	39581	0.821604837347802	0.0567653381048426
MA1101.3	39581	0.797171162180757	0.0504336726554453
MA1470.2	39581	0.729069718884352	0.0386906190312075
MA0877.4	39581	0.908136533322116	0.0533901690900166
MA0635.2	39581	0.945752086812307	0.0446650017089677
MA0875.2	39581	0.942809310214	0.0552135077166916
MA1471.2	39581	0.886172823445915	0.0574633699127482
MA1634.2	39581	0.88025574102515	0.0598471759260302
MA0462.3	39581	0.880355596087545	0.0596367683753428
MA0489.3	39581	0.851269554308586	0.0570228335286993
MA0488.2	39581	0.84391328257001	0.0500518730076935
MA0835.3	39581	0.882884565173473	0.0584145419663572
MA1989.2	39581	0.843217397410785	0.0529710986377572
MA0463.3	39581	0.778851427031861	0.0410919476022072
MA1472.3	39581	0.864437095446004	0.0528640203314028
MA1635.2	39581	0.902330597176833	0.0792735969564149
MA0817.2	39581	0.810546144585308	0.0514865871513427
MA0464.3	39581	0.852409573330988	0.0558690256486146
MA1928.2	39581	0.875124703598003	0.0607521975563002
MA0876.2	39581	0.952851629408755	0.050837693070451
MA0465.3	39581	0.858152962283224	0.0608325328470137
MA1473.2	39581	0.864530451234084	0.0592961701504856
MA0102.5	39581	0.822413467767838	0.0509046846699673
MA0466.4	39581	0.774502010141539	0.0467302118490316
MA0836.3	39581	0.859000813197102	0.0543668145776725
MA0837.3	39581	0.778492555108334	0.0467300556072349
MA1636.2	39581	0.820799125670836	0.0513029354321417
MA0819.3	39581	0.891014336242902	0.0506152998216343
MA0018.5	39581	0.855242445245913	0.0638426725132319
MA0638.2	39581	0.790062237301819	0.0421339480186387
MA0839.2	39581	0.761346473556642	0.0407788729202562
MA1474.2	39581	0.829438211121006	0.0434119705915573
MA1475.2	39581	0.834945441835123	0.050066362080819
MA0840.2	39581	0.793854119571234	0.0560275249016067
MA0609.3	39581	0.778591306749454	0.0571008476050644
MA0467.3	39581	0.906257826142792	0.0769250825942222
MA0139.2	39581	0.821341733705439	0.0441237595219198
MA1929.2	39581	0.703821546980534	0.0368636835154113
MA1930.2	39581	0.696382916110408	0.0356440045177948
MA1102.3	39581	0.887883059207438	0.0595269543397755
MA0754.3	39581	0.809651986200184	0.0544672205358317
MA0650.4	39581	0.87148462046525	0.0562108767260624
MA0901.3	39581	0.853072880178308	0.0605065572325825
MA0755.2	39581	0.813378241287173	0.0589355864430975
MA0639.2	39581	0.82402177203248	0.0544208209960948
MA0019.2	39581	0.870857737492376	0.0404874456839718
MA0879.3	39581	0.937038533399885	0.0513041360936638
MA0885.3	39581	0.840728413377425	0.0539403030334787
MA0880.2	39581	0.927041259901985	0.0608138874612104
MA0881.2	39581	0.927948295416333	0.0595387093136703
MA1476.3	39581	0.842847098853873	0.0547801071990871
MA0882.2	39581	0.929676241157445	0.0600545359776373
MA0883.2	39581	0.861583199152767	0.0499504768724747
MA1603.2	39581	0.846030473608642	0.0569889048674324
MA0610.2	39581	0.891038092063663	0.059650140996208
MA1707.2	39581	0.859400321825584	0.0492173170411388
MA1478.2	39581	0.960702374039186	0.0371608301104025
MA1479.2	39581	0.825556008370919	0.0485834134049412
MA1480.2	39581	0.84928395850453	0.0482809120666456
MA1481.2	39581	0.929223748899766	0.0619073778988703
MA0611.3	39581	0.786122193905274	0.0590188572095074
MA0864.3	39581	0.792454404074094	0.0451064239330164
MA0469.4	39581	0.724485283179993	0.0403097114245509
MA0756.3	39581	0.837008143718137	0.052861544536614
MA0470.3	39581	0.774201539312145	0.0432688602353156
MA0471.3	39581	0.896993608603788	0.0508518284781173
MA0865.3	39581	0.86295388202846	0.0499276745915859
MA0154.5	39581	0.818112841135381	0.0521452838590335
MA1604.2	39581	0.848356623101436	0.0550606820605472
MA1637.2	39581	0.848717500785481	0.0574509594024135
MA0162.5	39581	0.852602456292704	0.0593756309334165
MA0732.2	39581	0.808322906021871	0.0614828367897326
MA0733.2	39581	0.82843212571083	0.0547222958453315
MA0598.4	39581	0.876735185582371	0.0480709675273216
MA0473.4	39581	0.861529709990725	0.0504400131632467
MA1483.3	39581	0.854321707388368	0.0445128507470598
MA0640.3	39581	0.876992781136376	0.0473073819955755
MA0136.4	39581	0.89841200267847	0.0472193171004056
MA0028.3	39581	0.827623033536005	0.0541037926782318
MA0800.2	39581	0.857135310929759	0.0462568644295423
MA1708.2	39581	0.896423641276319	0.0410227850247172
MA1495.2	39581	0.930889082998534	0.05252305436446
MA1932.2	39581	0.752784555265769	0.0364357545485257
MA0779.2	39581	0.767815372889336	0.0325770771174205
MA0014.4	39581	0.855961440058787	0.0500835272860456
MA0781.2	39581	0.745683653252133	0.03542415076558
MA0686.2	39581	0.827763301444979	0.0433013125437377
MA1933.2	39581	0.758890250588233	0.0397860223358448
MA0828.3	39581	0.779384460021326	0.0552870290448586
MA0843.2	39581	0.816215254121867	0.0547085358406568
MA0759.3	39581	0.831991540781559	0.0547662608452749
MA0076.3	39581	0.879562656292771	0.0497423608560672
MA0612.3	39581	0.90887728196358	0.0693212663205984
MA0886.2	39581	0.910814275361782	0.0659269659859074
MA0027.3	39581	0.935363632862662	0.0579817986938267
MA0642.3	39581	0.915264546935445	0.0540716633481627
MA0760.2	39581	0.857197568315049	0.0444561481193337
MA1934.2	39581	0.808706539737397	0.0430588878414606
MA0820.2	39581	0.962506196321061	0.0508481611671645
MA1935.2	39581	0.897082815568686	0.0364620874685648
MA1936.2	39581	0.866816141797512	0.0344938732296096
MA0480.3	39581	0.887558727874346	0.0564207248112761
MA1937.2	39581	0.831192299640532	0.0383794799517144
MA0058.4	39581	0.885953545090002	0.0599088287838303
MA1938.2	39581	0.775535697709869	0.0369573000169824
MA0048.3	39581	0.867263985421187	0.0513572076409619
MA1939.2	39581	0.756610437966785	0.0341596600825424
MA0474.4	39581	0.852895632893679	0.0459094852950083
MA0112.4	39581	0.74741555823298	0.0432374682506072
MA0592.4	39581	0.83643509625222	0.0553223122033717
MA0141.4	39581	0.814982415790111	0.0533056171769211
MA0643.2	39581	0.863565156106648	0.0487209426135577
MA0644.3	39581	0.903880442092585	0.0609274833855557
MA0098.4	39581	0.872545180160372	0.0445557362584558
MA1484.2	39581	0.868923230237604	0.0463367526529486
MA0761.3	39581	0.866050416993437	0.0478292304029745
MA0762.2	39581	0.849198698179274	0.045350114973857
MA1940.2	39581	0.798748568280889	0.0424000260288773
MA1941.2	39581	0.794382881215578	0.0420309685671389
MA1942.2	39581	0.855183671157156	0.0419908034693666
MA1943.2	39581	0.803352668258754	0.0385390596005781
MA0763.2	39581	0.861937535747207	0.0417279556536078
MA0764.4	39581	0.856057721054201	0.049899857026226
MA0765.4	39581	0.827469324067227	0.0533163865189177
MA1944.2	39581	0.808709692694946	0.0392860070747096
MA1945.2	39581	0.801895664113329	0.0417683474557649
MA1946.2	39581	0.839452780110343	0.0357804713112797
MA1947.2	39581	0.877077541037696	0.0379137836158239
MA1948.2	39581	0.813357819144294	0.0365073555974706
MA0900.3	39581	0.906431194302234	0.0741571192805698
MA0645.2	39581	0.878141196240987	0.0470819427437608
MA0887.2	39581	0.939889252969706	0.0527898380107484
MA0888.2	39581	0.93909590585068	0.0535754909973833
MA0156.4	39581	0.828656053116334	0.051396492614048
MA0475.3	39581	0.856162345715625	0.0468980510690724
MA1949.2	39581	0.776622129613711	0.0363689758955235
MA1950.2	39581	0.841157440662587	0.0441606995297285
MA0476.2	39581	0.864359382977844	0.0588953060298642
MA1951.2	39581	0.749537747475557	0.0490232249240506
MA0099.4	39581	0.854403669944048	0.0498819353579685
MA1126.2	39581	0.807126185712509	0.0511671334516415
MA1134.2	39581	0.843190374087538	0.0531258181874114
MA1140.3	39581	0.759577922378932	0.053646159194423
MA0490.3	39581	0.81599568747667	0.0570322791429099
MA1141.2	39581	0.846845086481227	0.0523626442884094
MA0492.2	39581	0.841262352862541	0.0489326131361194
MA0491.3	39581	0.816908815787299	0.0567425834007617
MA1135.2	39581	0.85028855001782	0.0529179132634192
MA0477.3	39581	0.82849597649144	0.0557887743381477
MA1128.2	39581	0.850067924353138	0.0513688473219132
MA1137.2	39581	0.851263648490239	0.0500218199487382
MA1142.2	39581	0.892163641707079	0.0450860122277185
MA1143.2	39581	0.848439804274398	0.0463041782133159
MA0478.2	39581	0.86692823809	0.0520321393102414
MA1130.2	39581	0.854869355190249	0.050972009083434
MA1131.2	39581	0.814688559414006	0.0522912491098893
MA1138.2	39581	0.846438422533646	0.0543468494667465
MA1139.2	39581	0.789728820894873	0.0556865030040982
MA1144.2	39581	0.847211830859806	0.052426543583339
MA1145.2	39581	0.810874842141855	0.0536758233229265
MA0148.5	39581	0.853549142094325	0.0590971540945682
MA0047.4	39581	0.880768059919031	0.0596391361038873
MA1683.2	39581	0.883320011302592	0.0611674622447035
MA0846.2	39581	0.873789080181407	0.0546964100527911
MA0031.2	39581	0.887532887287014	0.0581570878358224
MA0847.4	39581	0.860309182834626	0.0548513737517729
MA0041.3	39581	0.838293582248113	0.0570787630918312
MA1487.3	39581	0.847472557353368	0.0541341033809346
MA1606.2	39581	0.898165861519713	0.0633858477827743
MA0030.2	39581	0.857419446555616	0.0556872435530161
MA0479.2	39581	0.877276617990493	0.0532045891794814
MA1952.2	39581	0.857505186213538	0.0405112008260402
MA0682.3	39581	0.920822237866519	0.0699216637160366
MA0851.2	39581	0.870464609716506	0.0582208678516343
MA0852.3	39581	0.892828040688872	0.0566832529588478
MA1103.3	39581	0.8849341222571	0.0612935707402235
MA1607.2	39581	0.835807537988414	0.0574256683211852
MA1953.2	39581	0.825699132286513	0.0399916946789114
MA1954.2	39581	0.821377541457047	0.0429388622636557
MA1955.2	39581	0.8156017132865	0.0420270266580921
MA1956.2	39581	0.808912149030619	0.041124350781912
MA0157.4	39581	0.889697607815001	0.0577756623950333
MA0481.4	39581	0.887176404279777	0.0606046279894438
MA0593.2	39581	0.887772697785201	0.0548303172477174
MA0040.2	39581	0.858847278375419	0.0552533354827402
MA0062.4	39581	0.842312991912372	0.0474343809751942
MA0035.5	39581	0.88472210728324	0.0535319555938574
MA0140.3	39581	0.803312199495879	0.0451868984632141
MA0036.4	39581	0.884614731048136	0.0596805550911379
MA0037.5	39581	0.859236498778473	0.0543985252463458
MA0482.3	39581	0.864074239294759	0.0514454590404057
MA0766.3	39581	0.899563006218488	0.0546070086389264
MA1104.3	39581	0.860200597515262	0.0551457938066326
MA0889.2	39581	0.897298804743769	0.0661896928653872
MA0890.2	39581	0.916452402772632	0.069517624538368
MA0646.2	39581	0.831106016336587	0.0389580752796088
MA0143.5	39581	0.893225244742186	0.0546547458677797
MA0767.2	39581	0.872972390718046	0.0411406481045048
MA0038.3	39581	0.834120377193697	0.045524214727442
MA0483.2	39581	0.876911948108372	0.044345851892616
MA1990.2	39581	0.826265777614947	0.0454453670451
MA0734.4	39581	0.851031029592913	0.0476283225419129
MA1491.3	39581	0.748299553607238	0.040121342207635
MA0735.2	39581	0.722705063524483	0.0416694974467666
MA0615.2	39581	0.909061718458069	0.0493199326750916
MA0647.2	39581	0.797010972480797	0.0496155329794646
MA1105.3	39581	0.852173745544602	0.0521682348364797
MA0648.2	39581	0.930479130525566	0.0643033201646071
MA0891.2	39581	0.937249893506837	0.0561029885769716
MA0892.2	39581	0.947421511978596	0.0464433554451732
MA0893.3	39581	0.94146066165804	0.0450287368929365
MA0092.2	39581	0.912216502836578	0.0347746216827058
MA0522.4	39581	0.911937941285941	0.0535491237933577
MA1638.2	39581	0.923268257583389	0.0703312897842928
MA1099.3	39581	0.88754693468536	0.0605350972056807
MA0616.3	39581	0.846297800113723	0.0588622205979809
MA0894.2	39581	0.918252352944604	0.0709238623027235
MA0649.2	39581	0.853548421374171	0.0517592293567748
MA0739.2	39581	0.904479339295507	0.0393455836495597
MA0738.2	39581	0.977331438269268	0.0304236381922326
MA1106.2	39581	0.886027688082773	0.0628728915265925
MA0131.3	39581	0.872048421886089	0.0557156130542905
MA0043.4	39581	0.832191204684	0.0583428699428976
MA0895.2	39581	0.905265726626437	0.052116308354864
MA0896.2	39581	0.840670462564589	0.053655126117583
MA0897.2	39581	0.7871860004726	0.0500256149413086
MA0898.2	39581	0.8439672931258	0.0542031175910761
MA1991.2	39581	0.835995236186079	0.045617479912057
MA0046.3	39581	0.785586815599275	0.0596081262767922
MA1494.2	39581	0.756491353875394	0.0410553222125287
MA0114.5	39581	0.833660693345268	0.0492688550447205
MA0484.3	39581	0.837024826866238	0.0485096400022138
MA0899.2	39581	0.885241445740344	0.0558277697880239
MA0911.2	39581	0.860686198278191	0.0455627429617588
MA1496.2	39581	0.935898047484276	0.0431972287600092
MA1497.2	39581	0.918630582480037	0.0475525782829897
MA1498.3	39581	0.954976631836443	0.0476674165540108
MA0594.3	39581	0.911620608974509	0.0413511618707933
MA0902.3	39581	0.946722188547749	0.0570906223456167
MA1566.3	39581	0.854680772008994	0.046383566890503
MA0903.2	39581	0.949702798259972	0.0510975013519923
MA1499.2	39581	0.926911715284895	0.0704350896409266
MA0904.3	39581	0.922429591800304	0.0614768135297123
MA1500.2	39581	0.932354219577763	0.0448453631861223
MA1501.2	39581	0.90453756326377	0.0515767699258646
MA1502.2	39581	0.922698173230465	0.0551704781200093
MA1503.2	39581	0.835204076915592	0.051627158912911
MA0905.2	39581	0.873136630596987	0.0503025327937076
MA0651.3	39581	0.774119462484099	0.0480935959115777
MA0906.2	39581	0.81322572371814	0.0482032596100469
MA0907.2	39581	0.826394335774358	0.0509458903646398
MA1504.2	39581	0.941885879838742	0.059232407092949
MA1505.2	39581	0.941737346175793	0.0474549350111349
MA0485.3	39581	0.823061861552659	0.052915779455936
MA1506.2	39581	0.811513638085721	0.0485756611213615
MA0908.2	39581	0.858174368111778	0.049906313227445
MA0873.2	39581	0.821565153460457	0.0474199093818731
MA1958.2	39581	0.755102150353303	0.0411143639671938
MA0909.4	39581	0.882575734969173	0.0708678706993938
MA1507.2	39581	0.938240628232358	0.0646705815997942
MA0910.3	39581	0.92286771978724	0.0551976967559308
MA0913.3	39581	0.867129632211522	0.0578115958524361
MA1508.2	39581	0.888763441416968	0.0490799310723993
MA1992.2	39581	0.87187345337011	0.0477388146914862
MA0050.4	39581	0.825768561687281	0.0529189667722859
MA0051.2	39581	0.793287407029015	0.0426504852922589
MA1418.2	39581	0.749532869576711	0.0436104221170786
MA1419.2	39581	0.728654989609405	0.0431192509807768
MA0772.2	39581	0.799088695596817	0.0479242951853778
MA0652.2	39581	0.744950399372324	0.0442481285714889
MA1608.2	39581	0.877092430408555	0.0554604543475841
MA0914.2	39581	0.949749538097492	0.0442771801280582
MA0654.2	39581	0.912356710505287	0.0734913022404552
MA0656.2	39581	0.785329567273452	0.056695795001195
MA1132.2	39581	0.879382761509352	0.0473373829554706
MA1133.2	39581	0.798977223817135	0.0489445631984501
MA0493.3	39581	0.947161367728238	0.0623755258192992
MA1512.2	39581	0.889685657723413	0.0537828455335526
MA0657.2	39581	0.760403979799645	0.0410283278672215
MA1513.2	39581	0.90643277914198	0.0869853297796397
MA1514.2	39581	0.807225430183255	0.0467804608875024
MA1515.2	39581	0.937770191138732	0.056325167919929
MA1516.2	39581	0.869340286435553	0.0603527254157541
MA0039.5	39581	0.91992373635104	0.0623443747330188
MA1517.2	39581	0.909197405740708	0.0517645146887822
MA1959.2	39581	0.935945364198107	0.0654661855327804
MA1107.3	39581	0.839239180992199	0.053354545659278
MA0618.2	39581	0.903954697710977	0.0549491192741797
MA0699.2	39581	0.92666786116823	0.0602704532228203
MA0768.3	39581	0.857050942404095	0.0527512308675981
MA1518.3	39581	0.798087053797023	0.0522753407892508
MA0700.3	39581	0.899078140936603	0.0707637821746011
MA0135.2	39581	0.83499303553652	0.0620780448154434
MA0704.2	39581	0.924173712623485	0.0541797441586897
MA1519.2	39581	0.889993387345045	0.0687999274688869
MA0658.2	39581	0.864609629170932	0.0585343543294295
MA0705.2	39581	0.932756134858887	0.0589384566494651
MA0701.3	39581	0.887472093736254	0.0631737302204428
MA0702.3	39581	0.865448720451609	0.0754711656277147
MA0703.3	39581	0.831229344045617	0.0780810932572754
MA1520.2	39581	0.781656996903829	0.037780847264932
MA0501.2	39581	0.804182671669738	0.0449391853735048
MA0841.2	39581	0.79422289128226	0.0535846136533131
MA1521.2	39581	0.786122659045139	0.0385009015827865
MA0117.3	39581	0.848171234118739	0.043201942843596
MA0495.4	39581	0.80680636637529	0.0479695092335789
MA0659.4	39581	0.781754678630043	0.0464035645852876
MA0089.3	39581	0.790965974460097	0.0462820687295877
MA0059.2	39581	0.826083499398665	0.0473144904171677
MA0147.4	39581	0.855316766244414	0.0561194851460653
MA1522.2	39581	0.917522223483582	0.0686100842343272
MA0029.2	39581	0.807555224732957	0.0500763549804018
MA0052.5	39581	0.845225558709556	0.0670049350373124
MA0497.2	39581	0.867052129630987	0.0571653061124666
MA0498.3	39581	0.979298649151117	0.040735307043289
MA1639.2	39581	0.837875420473466	0.0557069306532447
MA1640.2	39581	0.835451878935434	0.0599353522652589
MA0775.2	39581	0.932838730590405	0.0460189762329824
MA0661.2	39581	0.901714660162232	0.0569096126208134
MA0706.2	39581	0.905437592729587	0.0524262927113919
MA1960.2	39581	0.819847751028618	0.0457558266352073
MA0620.4	39581	0.806886663051735	0.0516202180162343
MA0621.2	39581	0.85499391354038	0.0840887113545541
MA0662.2	39581	0.930809056464189	0.0576593687643419
MA0622.2	39581	0.854197721128824	0.0738673848104841
MA0664.2	39581	0.864486583340976	0.0510846469166099
MA0825.2	39581	0.890038053402652	0.0557432768810828
MA0707.3	39581	0.947606252710783	0.0576080880168357
MA1523.2	39581	0.922578980518002	0.0447951786436964
MA1524.3	39581	0.835193513825737	0.0462068185876278
MA0666.3	39581	0.9194084427378	0.0644846660671277
MA0708.3	39581	0.922680196287785	0.0613446066854574
MA0709.2	39581	0.912253841407495	0.0692721358978516
MA1108.3	39581	0.913380080205057	0.0659760158263753
MA0100.4	39581	0.905157986557849	0.0677481112903952
MA0104.5	39581	0.836489310220566	0.0559564825537856
MA1641.2	39581	0.860993928210473	0.0552926559777715
MA0499.3	39581	0.868812484770034	0.0480651591839109
MA0500.3	39581	0.880807742482538	0.0623308470640319
MA0056.3	39581	0.872930890533446	0.0489490099301104
MA1109.2	39581	0.884527709817889	0.0483168269793938
MA1993.2	39581	0.90460787287871	0.0776854522434859
MA0668.3	39581	0.882484167294859	0.0483495231534508
MA1642.2	39581	0.899790501254914	0.0538847926572568
MA0606.3	39581	0.886658738106741	0.0522286020710004
MA0624.3	39581	0.942307613053836	0.0675469870273679
MA0152.3	39581	0.879780943007922	0.0559203249519001
MA0625.3	39581	0.974725223368198	0.0340278328309414
MA1525.3	39581	0.90271514654166	0.0509121323818692
MA0150.3	39581	0.803227027797139	0.0458625892994324
MA0670.2	39581	0.892772626596936	0.0802386886924976
MA1643.2	39581	0.742210919394072	0.0451550851828423
MA0161.3	39581	0.889548014484028	0.0513159385784533
MA1527.2	39581	0.773803552005307	0.0479426626258827
MA0025.3	39581	0.836549609124505	0.0610768688265297
MA0671.2	39581	0.965615230147361	0.0299437632459989
MA1528.2	39581	0.790846137531814	0.0470709482942887
MA0778.2	39581	0.800740597313891	0.056569923711386
MA0060.4	39581	0.869783764217307	0.0562833513764177
MA0502.3	39581	0.855941796975605	0.0530896916150796
MA1644.2	39581	0.885856577333685	0.0568707945982077
MA1529.2	39581	0.765100742885185	0.0459935790282128
MA1994.2	39581	0.884768554101002	0.0615358429389431
MA1645.2	39581	0.868477535433109	0.0459613120086092
MA0672.2	39581	0.908432502939183	0.043165432296864
MA2003.2	39581	0.921691630719519	0.0356473241978243
MA0063.3	39581	0.890860883501554	0.0493915569867042
MA0673.2	39581	0.931036789123817	0.033088470232749
MA0124.3	39581	0.904285498587478	0.0464877323040254
MA0122.4	39581	0.835556214396437	0.0529584501853459
MA0674.2	39581	0.91552643574544	0.0578333808072513
MA0675.2	39581	0.947207870721476	0.0536178511281052
MA1530.2	39581	0.907219438502529	0.052477916251185
MA0125.2	39581	0.929865071472995	0.0589143080433471
MA0710.2	39581	0.921400092802294	0.0535899886417625
MA0626.2	39581	0.87735756060364	0.051222091360699
MA1995.2	39581	0.858637805301903	0.0508401334898322
MA1531.2	39581	0.799631544276827	0.0391178654404108
MA1996.2	39581	0.925351920695782	0.0707545092377849
MA0494.2	39581	0.83304856388742	0.0375496487892852
MA1110.3	39581	0.933916530545703	0.0637627687638063
MA1146.2	39581	0.789821732991397	0.0356039958028244
MA1533.2	39581	0.812977799605394	0.0327657129777902
MA1534.2	39581	0.897018066859967	0.04761347905578
MA1535.2	39581	0.966382263245006	0.0497011050677386
MA0504.2	39581	0.842878955131543	0.0354392899021193
MA1536.2	39581	0.980193263441414	0.0266081933578064
MA0164.2	39581	0.879141948712124	0.0693357745871399
MA0017.3	39581	0.857685603446906	0.0514699671250599
MA1537.2	39581	0.780798402910372	0.0408288464741751
MA1111.2	39581	0.897931372019745	0.054580604549832
MA0677.2	39581	0.771998557980278	0.0422514550878083
MA0113.4	39581	0.758339180400533	0.0448535788022623
MA0727.2	39581	0.75928195237642	0.0449459980342559
MA1112.3	39581	0.873330509900823	0.0518597188328686
MA0160.3	39581	0.892678671300358	0.0457403770784912
MA1147.2	39581	0.803873218844705	0.0359400832423394
MA1540.3	39581	0.789694728350027	0.0492646158157095
MA0505.3	39581	0.841933315252638	0.0514364528827514
MA1541.2	39581	0.791889750948886	0.0405155076983473
MA0506.3	39581	0.79989684827396	0.07099409096522
MA0842.3	39581	0.822585676622742	0.0439806115908043
MA1997.2	39581	0.907734297573329	0.0754537100538928
MA0679.3	39581	0.822039153712012	0.0673771046369333
MA0757.2	39581	0.785975510756415	0.0637798992890432
MA1542.2	39581	0.872592460006365	0.0437950890221939
MA1646.2	39581	0.880178909455648	0.0493303530255234
MA0711.2	39581	0.934647638699325	0.0603903506384837
MA0712.3	39581	0.910503388120876	0.067622686083434
MA1544.2	39581	0.795300929363525	0.0489408643691745
MA1545.2	39581	0.843236259083303	0.0486757980296256
MA1961.2	39581	0.9079472364689	0.0686065062671492
MA0067.3	39581	0.788769526882541	0.0326018658038871
MA1546.2	39581	0.779866372008765	0.0350095633359219
MA0680.3	39581	0.789936297814493	0.0689381279037045
MA0070.2	39581	0.843237396675931	0.0482642030339019
MA1113.3	39581	0.83129616605185	0.0614900102311328
MA1114.2	39581	0.803144882324797	0.0485829048245433
MA0132.3	39581	0.933042835868792	0.0658567321809014
MA0681.3	39581	0.779591654492286	0.0707932716795486
MA0714.2	39581	0.935032957944746	0.0581147719083895
MA0782.3	39581	0.82109250906954	0.0522711242565466
MA1615.2	39581	0.879719852189682	0.0572364420728339
MA1548.2	39581	0.883238877353776	0.0649741147537896
MA0784.3	39581	0.760940787790146	0.0573792240658303
MA0785.2	39581	0.852696601056173	0.0594195258092978
MA0507.3	39581	0.774947612756875	0.06047967284105
MA0627.3	39581	0.835760250121186	0.0623175546410547
MA0786.2	39581	0.847552520782347	0.0613217846207439
MA0790.2	39581	0.804471715978421	0.065938078653271
MA0683.2	39581	0.738805668381255	0.0573422863030551
MA0791.2	39581	0.799038568526136	0.066530869086221
MA1115.2	39581	0.89795831595204	0.0606739937557695
MA0628.2	39581	0.878224850260367	0.0775564769305301
MA1549.2	39581	0.896067301557334	0.0540978450401683
MA0793.2	39581	0.849263804809477	0.0567325228388254
MA1148.2	39581	0.784450569800989	0.0338880066933873
MA1550.2	39581	0.783033875791978	0.0393810151797485
MA0066.2	39581	0.767283319996302	0.0317092723837797
MA0065.3	39581	0.85109602754534	0.0359449536291177
MA0508.4	39581	0.910493400710583	0.0571491175668075
MA1998.2	39581	0.858249179086284	0.0517341689357763
MA1616.2	39581	0.816146730124089	0.0435279808688087
MA1647.3	39581	0.827527354657311	0.0444450460505809
MA1999.2	39581	0.814921528534868	0.0425864468963871
MA1723.2	39581	0.841808733898468	0.0410614166862735
MA0716.2	39581	0.930092244118379	0.0632931469767373
MA0075.4	39581	0.875732143737583	0.0719600538127903
MA1618.2	39581	0.861297521038816	0.0495626363133366
MA1619.2	39581	0.87198765037695	0.0553627995315412
MA1620.2	39581	0.887908602580392	0.0541622411242824
MA1149.2	39581	0.812841562025913	0.0359882205027443
MA1552.2	39581	0.786882540201104	0.0380743358490139
MA0859.2	39581	0.746298546618199	0.0497338419157509
MA1553.2	39581	0.775685566081108	0.0396014690891046
MA0718.2	39581	0.933199560333735	0.0623399272510093
MA0717.2	39581	0.931398802793216	0.0614135224108994
MA1116.2	39581	0.947024809686681	0.0654959140177867
MA1117.2	39581	0.891937181745611	0.0474146694910168
MA0138.3	39581	0.714759667623753	0.0396036337780847
MA0600.3	39581	0.751454280957276	0.0475496640201582
MA0799.3	39581	0.744183072994519	0.047437844249556
MA0510.3	39581	0.740348301207797	0.0480614923330848
MA1724.2	39581	0.838107716583364	0.046085867896735
MA1554.2	39581	0.911884840032559	0.0339250976196783
MA0629.2	39581	0.877019657789779	0.042629846627185
MA0719.2	39581	0.982076533171378	0.0228325825969324
MA0072.2	39581	0.816545087368792	0.048436317897745
MA1150.2	39581	0.865006566620642	0.0415013726847561
MA1151.2	39581	0.876162748969224	0.0392406553464713
MA0073.2	39581	0.820131689355327	0.0441223049824615
MA0002.3	39581	0.893486213477571	0.0406314131632306
MA0684.3	39581	0.880918931279697	0.0509982116117778
MA1963.2	39581	0.860547936772015	0.068169306534881
MA0743.3	39581	0.825439773000605	0.0459890549006996
MA0744.3	39581	0.823412391036019	0.0458721758213246
MA0630.2	39581	0.93551097803006	0.0626907532621588
MA0720.2	39581	0.925853468961168	0.0666632100433875
MA1118.2	39581	0.847558900293146	0.0482979312792733
MA1119.2	39581	0.803669430896246	0.0470051762302128
MA0631.2	39581	0.797548709226368	0.0456345766389072
MA2001.2	39581	0.88956133271402	0.0522393003587194
MA1964.2	39581	0.932441185791511	0.0629852423296915
MA1153.2	39581	0.90517779766289	0.0624960662531093
MA1558.2	39581	0.930909228580237	0.0546476935690462
MA0745.3	39581	0.884689239799039	0.0558398195919244
MA1559.2	39581	0.880369489955085	0.052261220251696
MA1560.2	39581	0.840471191483525	0.0551722494592107
MA0442.3	39581	0.925901305958483	0.0697904357610656
MA0869.3	39581	0.879910869119582	0.0488973610787313
MA1561.2	39581	0.801632351694072	0.0442912679235095
MA1120.2	39581	0.889684266174335	0.0585650484092758
MA1562.2	39581	0.825401555532778	0.0483824689302149
MA1152.2	39581	0.949767992203942	0.0435002758641851
MA0078.3	39581	0.826090064887305	0.0491967054431669
MA0514.3	39581	0.891520980694815	0.0555178062499186
MA0867.3	39581	0.917385830941842	0.0494787156947219
MA0087.3	39581	0.86925516264171	0.0494465078846265
MA0868.3	39581	0.91708588351005	0.054162027414164
MA0077.2	39581	0.886357471956774	0.0470032001788208
MA0746.3	39581	0.873480477115411	0.0595689335070298
MA1965.2	39581	0.974554989361504	0.057573364283054
MA0747.2	39581	0.895342197609866	0.0459812687230796
MA1564.2	39581	0.898196032792644	0.0593838010651231
MA0080.7	39581	0.806785771578986	0.0448289731680884
MA0081.3	39581	0.817133120835625	0.0434069092214664
MA0687.2	39581	0.836719062833706	0.0394486196128886
MA0829.3	39581	0.821977495936888	0.0552477426050446
MA0084.2	39581	0.943510833855004	0.0448673392753552
MA0137.4	39581	0.880151785590107	0.0499769348558053
MA0517.2	39581	0.836253929249877	0.0456565691326534
MA1623.2	39581	0.853917197014745	0.05848307464267
MA0144.3	39581	0.899843757439544	0.0434496005240704
MA0518.2	39581	0.885187062448428	0.0462709684421192
MA1624.2	39581	0.851842341427177	0.0530552482622633
MA0519.2	39581	0.896341496847705	0.0445848980760305
MA1625.2	39581	0.848554468157859	0.0551480831949165
MA0520.2	39581	0.871465503342395	0.0491809073723769
MA0091.2	39581	0.855341332930965	0.0448391167043951
MA0108.3	39581	0.92453452867204	0.0622468697279029
MA0802.2	39581	0.853863369387136	0.046032384197212
MA1565.2	39581	0.870061779691302	0.0458803554992004
MA0804.2	39581	0.730769794169415	0.0395829546389203
MA0688.2	39581	0.877167124030474	0.0427235034753603
MA1567.3	39581	0.85934262961763	0.0461141970639175
MA0521.3	39581	0.912262794163593	0.0716833202136964
MA1648.2	39581	0.913090949056189	0.0534239535899435
MA0832.2	39581	0.789815315533005	0.0502157774334078
MA1568.2	39581	0.850053106835599	0.0384529656326297
MA0830.3	39581	0.897047568658753	0.0526479414732114
MA0769.3	39581	0.897045577462336	0.0597882606682274
MA0523.2	39581	0.88037858312165	0.0468503695438187
MA0632.3	39581	0.878153104713428	0.0622977258442898
MA0090.4	39581	0.843518064511383	0.050790420728154
MA1121.2	39581	0.890797453372157	0.0515365306291239
MA0809.3	39581	0.8693473550883	0.0513234458363732
MA0810.2	39581	0.904488366691445	0.0479167697814278
MA0003.5	39581	0.871180125641951	0.0556395627016444
MA0811.2	39581	0.888882572986387	0.0474860138003331
MA0812.2	39581	0.888807345348108	0.0547178382581443
MA0524.3	39581	0.886003615870131	0.0474940394963392
MA0814.3	39581	0.874919118390584	0.0545690140361769
MA1569.2	39581	0.912522038851366	0.0600551456263082
MA1966.2	39581	0.816407308866772	0.04192960901982
MA1967.2	39581	0.753369502437872	0.0430021434042616
MA1968.2	39581	0.840075365364853	0.0439933605124385
MA1122.2	39581	0.880291491619876	0.0593463357981753
MA0692.2	39581	0.876408686905827	0.0493030660030947
MA0871.3	39581	0.837048929445491	0.0568922906524764
MA0597.3	39581	0.897525423357836	0.0527128936375569
MA1969.2	39581	0.76545057061247	0.0427294711486024
MA1574.2	39581	0.825454286188403	0.0354763010605229
MA1575.2	39581	0.768372044776934	0.040421886326013
MA1576.2	39581	0.76387003678764	0.036169133750407
MA1577.2	39581	0.923369806617294	0.0793667095952398
MA0861.2	39581	0.766729096884648	0.0403037387897289
MA1970.2	39581	0.854228916254262	0.0570312833806202
MA1123.3	39581	0.873077299374919	0.0496388379223421
MA0633.3	39581	0.904957933662752	0.0773540352324983
MA0721.2	39581	0.928756841621105	0.0619970099072424
MA0093.4	39581	0.812699546336079	0.0500518001286351
MA0526.5	39581	0.791853669509772	0.0544831021317912
MA0722.2	39581	0.91230359330469	0.0551505563988502
MA0723.3	39581	0.952121471915823	0.0427541413180692
MA0693.4	39581	0.897778391041242	0.0563207069872678
MA1578.2	39581	0.936866548683266	0.0636101137637627
MA0725.2	39581	0.890923061218981	0.0637436594233728
MA0726.2	39581	0.882085700696714	0.0653756480102364
MA1627.2	39581	0.869881038902011	0.0558442755787605
MA0844.2	39581	0.799986265244214	0.0435230426032571
MA0095.4	39581	0.87764758562065	0.0554644218514529
MA0748.3	39581	0.87847003722798	0.0516813467461088
MA0749.2	39581	0.732024891060372	0.0405075674923543
MA1971.2	39581	0.871860496545098	0.0476369834816235
MA1649.2	39581	0.897436155188692	0.0542453180840216
MA1650.2	39581	0.860513053621977	0.0646876167478347
MA0698.2	39581	0.829450803601974	0.0466806804061293
MA1579.2	39581	0.895199720549154	0.0534409802268465
MA0527.2	39581	0.803379969963121	0.0552271458834567
MA1581.2	39581	0.873376274345809	0.0520403656824547
MA0750.3	39581	0.862087355497667	0.0529777855294233
MA0694.2	39581	0.841586987707477	0.0472000211331164
MA0695.2	39581	0.898134840520861	0.0429943890231065
MA0103.4	39581	0.945970961426435	0.0644352080730329
MA2002.2	39581	0.929620123751496	0.0450382880051309
MA1651.2	39581	0.777094561959959	0.047178467495935
MA1583.2	39581	0.871908687590127	0.0533770753134592
MA0146.3	39581	0.905750973170573	0.0584650484444155
MA1628.2	39581	0.914968012965637	0.0557578587266159
MA1629.2	39581	0.864408534849231	0.0515752107886635
MA0697.3	39581	0.907062546865886	0.0599747384346918
MA0751.2	39581	0.821723438708995	0.0422228424701748
MA1584.2	39581	0.787976152150846	0.0450297495238295
MA1709.2	39581	0.828805094192317	0.050237052320654
MA1585.2	39581	0.831113189023821	0.0528645411842357
MA1973.2	39581	0.765490922632994	0.042769064507026
MA1652.2	39581	0.876847004909197	0.0503993784814092
MA1589.2	39581	0.724341513221852	0.0372660638211325
MA1653.2	39581	0.881686058792867	0.0710759933805513
MA1654.2	39581	0.728718022439687	0.0346741541239747
MA1725.2	39581	0.851807664329214	0.0490344836568899
MA1974.2	39581	0.793008928217303	0.0583003871249381
MA1975.2	39581	0.807493289578821	0.0379116941803532
MA1710.2	39581	0.915366089002137	0.0433580408341901
MA0528.3	39581	0.927020817817283	0.063739924983301
MA1592.2	39581	0.815186534543342	0.0391910522824633
MA1630.3	39581	0.888804273031709	0.0686532635674622
MA1154.2	39581	0.774201053537906	0.0383205564298046
MA1593.2	39581	0.868271040637194	0.0523436306816849
MA1976.2	39581	0.777049449537978	0.0436671045098786
MA1977.2	39581	0.809167880729924	0.036141386231121
MA1726.2	39581	0.838965634824559	0.0514301472773653
MA1655.2	39581	0.872569220596186	0.0484197058528465
MA1711.2	39581	0.763007518984203	0.0415587109647673
MA1978.2	39581	0.778131437384656	0.0489661301509846
MA1125.2	39581	0.911198910096648	0.0887723476599508
MA0752.2	39581	0.715624970126315	0.0430961671853149
MA1979.2	39581	0.849573660193049	0.0452388620234297
MA1727.2	39581	0.872531398448652	0.0633433164820783
MA1656.2	39581	0.839085019533861	0.0460817338274439
MA1712.2	39581	0.812395034853932	0.0523851400406481
MA1981.2	39581	0.832316196089085	0.0483395740212688
MA1728.2	39581	0.885261192881969	0.0529241454660893
MA1982.2	39581	0.810187004014473	0.0432361624398122
MA1983.2	39581	0.698854727903467	0.0365597344573687
MA1713.2	39581	0.833949468243515	0.0691739204397031
MA1657.2	39581	0.829684021024967	0.0569149677199507
MA1984.2	39581	0.830504728152853	0.0391627490403808
MA1714.2	39581	0.768799404224764	0.0334652158643706
MA1729.2	39581	0.818512947647788	0.0438932740430224
MA1599.2	39581	0.814531280673575	0.0542874207778211
MA1600.2	39581	0.766956474198116	0.0386597084477569
MA1986.2	39581	0.895908745240094	0.0637050978381225
MA1987.2	39581	0.813027787485278	0.0358894243388838
MA1730.2	39581	0.853939639298993	0.0489366929578169
MA0753.3	39581	0.848003000194526	0.0583720017178931
MA1716.2	39581	0.772455849894678	0.0391208948716689
MA1731.2	39581	0.892995203502874	0.0470243774442257
MA1717.2	39581	0.853612574312173	0.0468935974441151
MA1719.2	39581	0.775131207139524	0.0455379395957436
MA1720.2	39581	0.805586167448291	0.0450941542142819
MA1721.2	39581	0.802605153277587	0.0655119331777923
MA1602.2	39581	0.810537297630431	0.0418434660940147
MA1722.2	39581	0.729056007603266	0.0342784211536851
