[SHORT TFBS MATRIX]
MA0004.1	33374	0.884269965394291	0.0670464226801965
MA0069.1	33374	0.795401018554217	0.035094140509714
MA0071.1	33374	0.866637120809268	0.0494574521967946
MA0074.1	33374	0.782722347615744	0.0372293440067944
MA0101.1	33374	0.890485514483218	0.038936476392176
MA0107.1	33374	0.849485228555216	0.0472235716492338
MA0111.1	33374	0.883858874370431	0.0287243743457023
MA0115.1	33374	0.709425669047512	0.0425666276699045
MA0116.1	33374	0.842584868982366	0.0400057123597198
MA0119.1	33374	0.760904611752909	0.0468732384762512
MA0130.1	33374	0.982444491795981	0.0243656538915312
MA0142.1	33374	0.792910108086207	0.0433102075447514
MA0149.1	33374	0.716731494744295	0.0586473200711463
MA0151.1	33374	0.959563722443564	0.0564719141912856
MA0155.1	33374	0.868175018005375	0.0374017328692798
MA0159.1	33374	0.81680543033561	0.0322900029078141
MA0163.1	33374	0.808962684316819	0.04545642303565
MA0145.2	33374	0.851853799492283	0.0368599422696147
MA0468.1	33374	0.843329321398535	0.0458623857728652
MA0515.1	33374	0.902640943537231	0.0431179412609458
MA0258.2	33374	0.825930494574539	0.0381397176538537
MA0595.1	33374	0.873381060267605	0.0417644265837248
MA0596.1	33374	0.859099196451068	0.0429335120247779
MA0599.1	33374	0.940120265518174	0.0518645703802614
MA0604.1	33374	0.85994209856182	0.0515164936315585
MA0608.1	33374	0.854248355806457	0.0486703853108788
MA0613.1	33374	0.883519013127449	0.0589792799207164
MA0614.1	33374	0.907777999965143	0.0509439250373427
MA0636.1	33374	0.79628037873145	0.0534298261426048
MA0641.1	33374	0.799169020668055	0.0486871851000718
MA0042.2	33374	0.900661281483861	0.052667972062953
MA0033.2	33374	0.935027758463564	0.0497691511517668
MA0153.2	33374	0.774932258523956	0.0534496720173744
MA0486.2	33374	0.779258092294102	0.0499676367007734
MA0653.1	33374	0.724057887101541	0.0431097814450668
MA0655.1	33374	0.814021759899701	0.0540985258086252
MA0660.1	33374	0.796123205339561	0.0524635138465487
MA0663.1	33374	0.797582120669044	0.0511218579906785
MA0665.1	33374	0.839538247702589	0.042907352474048
MA0667.1	33374	0.82887861652056	0.0468870320168883
MA0669.1	33374	0.831709681882552	0.044867347309814
MA0676.1	33374	0.879166529851435	0.0447830242409569
MA0678.1	33374	0.836460945121304	0.0459945760497115
MA0068.2	33374	0.86398551495882	0.0529035866699099
MA0512.2	33374	0.755608914761288	0.0446152464739892
MA0083.3	33374	0.720620466002457	0.0440788755825917
MA0009.2	33374	0.733303663095963	0.0402120337364753
MA0689.1	33374	0.833439182873419	0.0408495393964463
MA0691.1	33374	0.830382658877929	0.0512307021972862
MA0696.1	33374	0.782150004425066	0.0435474676541628
MA0713.1	33374	0.826092046440817	0.0542836395411791
MA0715.1	33374	0.803860506470515	0.0599645299736774
MA0724.1	33374	0.867040814983702	0.0496096505985403
MA0728.1	33374	0.74262412818713	0.04481495873077
MA0729.1	33374	0.725054972786721	0.0409008049013678
MA0730.1	33374	0.737008750176892	0.0395882282173254
MA0731.1	33374	0.70556429987453	0.0415664898837318
MA0472.2	33374	0.816772081903608	0.048192593094722
MA0736.1	33374	0.795982429672758	0.0408172730161986
MA0737.1	33374	0.757328942589786	0.0382970182404316
MA0741.1	33374	0.887106166558723	0.058058459131162
MA0088.2	33374	0.771688915830818	0.0402694596325823
MA0758.1	33374	0.717298142015276	0.0452923537158787
MA0770.1	33374	0.792853048525026	0.0483028043137308
MA0771.1	33374	0.81678548540673	0.0453719706365398
MA0773.1	33374	0.808922358187286	0.0536064106936066
MA0774.1	33374	0.900014564842979	0.0491933060874746
MA0776.1	33374	0.773408989922586	0.0410652782505615
MA0777.1	33374	0.738639220209599	0.0383712362726951
MA0105.4	33374	0.73577098976093	0.0500031828986175
MA0780.1	33374	0.786819902192508	0.059987208662244
MA0783.1	33374	0.758378890477819	0.0482483155952069
MA0787.1	33374	0.821351767171368	0.0546533334784251
MA0788.1	33374	0.815083314613382	0.0524719022193462
MA0789.1	33374	0.847343149160278	0.0586668983822456
MA0792.1	33374	0.866948292500217	0.0534577618763071
MA0794.1	33374	0.785556827500316	0.040539597293252
MA0795.1	33374	0.792908353326252	0.0473812403484117
MA0796.1	33374	0.734956398141339	0.0510422780445469
MA0797.1	33374	0.765775491135925	0.0472965336507644
MA0511.2	33374	0.860238212872998	0.0441984742880226
MA0801.1	33374	0.885247676105987	0.0453324966619853
MA0803.1	33374	0.865804673413726	0.0502665839497305
MA0805.1	33374	0.866917186166422	0.0502326580850068
MA0806.1	33374	0.892321743853211	0.0434389084166764
MA0807.1	33374	0.89976096288438	0.0408897376659526
MA0808.1	33374	0.908299896816878	0.0480571197851998
MA0813.1	33374	0.824798707799188	0.0514790231085979
MA0815.1	33374	0.816358840497754	0.0536335815172544
MA0816.1	33374	0.861842156043072	0.0472901176000902
MA0822.1	33374	0.744180779645837	0.0507630610276576
MA0823.1	33374	0.824081235553079	0.0557885715045894
MA0826.1	33374	0.820175476427201	0.0487982466317778
MA0827.1	33374	0.857402841733102	0.0414903245152886
MA0838.1	33374	0.804892911479679	0.0438242158975576
MA0845.1	33374	0.852833381705183	0.0522627196927509
MA0032.2	33374	0.880784247522732	0.0496382151873883
MA0848.1	33374	0.918458509291716	0.0483648321759527
MA0849.1	33374	0.904488941668083	0.0525457656554834
MA0850.1	33374	0.946047586846229	0.033888250953271
MA0855.1	33374	0.75241857768213	0.0447532260586098
MA0856.1	33374	0.762917431959489	0.0439012165638034
MA0857.1	33374	0.71856276210679	0.0447978573456295
MA0858.1	33374	0.732262657853497	0.0408121877425308
MA0860.1	33374	0.722127175474373	0.0410740820381677
MA0525.2	33374	0.726392308168941	0.0366636897897975
MA0106.3	33374	0.734802577810556	0.0363347499916276
MA0862.1	33374	0.838978869022139	0.0461541746045482
MA0863.1	33374	0.747018594084953	0.0384535397714755
MA0024.3	33374	0.780708201018914	0.043097021365633
MA0866.1	33374	0.736793004255303	0.0471952170802215
MA0870.1	33374	0.737732955440409	0.0468641986629315
MA0872.1	33374	0.81109960584715	0.0548825490624606
MA1124.1	33374	0.753948429083286	0.0532973890662339
MA1155.1	33374	0.768304191218018	0.0429600754394901
MA1127.1	33374	0.785450398649705	0.0528365571259342
MA1129.1	33374	0.795247021686178	0.0525849144904785
MA1136.1	33374	0.809058707171288	0.051291756157144
MA1420.1	33374	0.772706134488349	0.0370026487454983
MA1421.1	33374	0.808913713744843	0.0425763975308391
MA1468.1	33374	0.881026366693617	0.0374592910188428
MA1485.1	33374	0.787007092672559	0.0426257361727764
MA1489.1	33374	0.823256876610535	0.0716544950967497
MA1493.1	33374	0.822359764501125	0.0419163310089771
MA1509.1	33374	0.819765218672803	0.0424666452029453
MA1538.1	33374	0.758654290853523	0.0408460707752262
MA1539.1	33374	0.744847333343593	0.041886101557613
MA1555.1	33374	0.782245799911692	0.0391060455304983
MA1556.1	33374	0.777602937964425	0.0405861949038962
MA1557.1	33374	0.812773969442433	0.0437273358686545
MA1570.1	33374	0.896175358083576	0.0405728387307182
MA1571.1	33374	0.779015045464662	0.0443258716260292
MA1572.1	33374	0.786820264689063	0.0437629030712021
MA1580.1	33374	0.829737116039184	0.0512466975032368
MA1587.1	33374	0.796916137004438	0.0434918848889468
MA1588.1	33374	0.76299725113399	0.0394529211077344
MA1594.1	33374	0.704824157099285	0.0296976586353342
MA1596.1	33374	0.786092036162914	0.0651744727523637
MA1597.1	33374	0.730128271784303	0.0390189263227025
MA0158.2	33374	0.907209601932298	0.0474538574224359
MA0912.2	33374	0.867764962172936	0.0541959101100715
MA0623.2	33374	0.834494058232115	0.0476336900226194
MA2093.1	33374	0.921084122828878	0.0434210571262971
MA2094.1	33374	0.796568351638099	0.0331606645086491
MA2095.1	33374	0.832987536101704	0.0463078998259592
MA2096.1	33374	0.855544181553117	0.0459909761633038
MA1715.1	33374	0.750136623488697	0.0404127391561678
MA2097.1	33374	0.800034765921867	0.0449598034033145
MA2098.1	33374	0.877638326258307	0.0482544388240721
MA2099.1	33374	0.896542535929907	0.050072513249799
MA1718.1	33374	0.694856502350591	0.0397010419274617
MA2100.1	33374	0.672170741919089	0.0395521254488986
MA2101.1	33374	0.808919958578677	0.0433174271337975
MA1684.1	33374	0.976378796699224	0.0399376981612965
MA2102.1	33374	0.823647502476335	0.0507706547995512
MA1931.1	33374	0.757291280721476	0.0407610073765523
MA1957.1	33374	0.769438669762075	0.0395012837831964
MA1962.1	33374	0.769605899652047	0.0429350213924285
MA1972.1	33374	0.843480689669519	0.0385767000595798
MA1980.1	33374	0.802674985762316	0.0352700731696117
MA1985.1	33374	0.762833014727205	0.0415431776595542
MA2117.1	33374	0.892115067523305	0.0537618486734761
MA2118.1	33374	0.873228107509163	0.0530363952138561
MA2119.1	33374	0.918833515177011	0.0535726436082763
MA2120.1	33374	0.848863801520641	0.0354740354075824
MA2121.1	33374	0.839572372071992	0.0558765635797926
MA2122.1	33374	0.807951903737387	0.048666882155795
MA2123.1	33374	0.868523823887579	0.0460080482548927
MA2124.1	33374	0.890912457956598	0.0713224835805786
MA2125.1	33374	0.885901372697331	0.0526102157924358
MA2126.1	33374	0.848605318771845	0.0593962223397178
MA0079.5	33374	0.908868324053513	0.0742083508356552
MA0509.3	33374	0.726708012786211	0.04852433650351
MA0516.3	33374	0.915262948013981	0.0660160947235162
MA0607.2	33374	0.812578549170629	0.0477649967518204
MA0685.2	33374	0.921480939169342	0.0669653014232891
MA0740.2	33374	0.923752866953586	0.0621811639849179
MA0742.2	33374	0.902723616479788	0.0723727638558784
MA0798.3	33374	0.727726709511617	0.047311394410882
MA0818.2	33374	0.829424135052834	0.047688240823917
MA0821.2	33374	0.834181120266572	0.0493497691579305
MA0831.3	33374	0.787562114862204	0.0547708864033406
MA0878.3	33374	0.845748878948943	0.0490757159146933
MA0884.2	33374	0.806549782175145	0.0498005277138107
MA1511.2	33374	0.914117905867939	0.0673445100444244
MA1532.2	33374	0.771779402996863	0.0375683139542365
MA1547.2	33374	0.885612972544709	0.0610791383577849
MA1563.2	33374	0.941322911821	0.0394347073648721
MA1573.2	33374	0.762079309258575	0.056449127695204
MA1601.2	33374	0.805819145078204	0.0409858004811137
MA1633.2	33374	0.833619332377197	0.0522686107528065
MA2323.1	33374	0.726379904304784	0.0433753729097106
MA2324.1	33374	0.899952361290225	0.0517430155223665
MA2325.1	33374	0.832098825231897	0.0484348893174614
MA2326.1	33374	0.960856561770054	0.0634434863948146
MA2327.1	33374	0.871147982861729	0.0635565827849216
MA2328.1	33374	0.839820800882022	0.0794972905674626
MA2329.1	33374	0.844837608200331	0.0556048014636262
MA2330.1	33374	0.829090127517491	0.0550342271648569
MA2331.1	33374	0.70016460892983	0.0335205452044456
MA2332.1	33374	0.862026705466893	0.0497853084088609
MA2333.1	33374	0.87443579460435	0.0637426079037538
MA2334.1	33374	0.769014394590178	0.0405157687373964
MA2335.1	33374	0.677408844980699	0.0370748685668355
MA2336.1	33374	0.90607950460719	0.0511162724727847
MA2337.1	33374	0.957779282539717	0.0628198030994817
MA2338.1	33374	0.900562348391036	0.0546885444561326
MA2339.1	33374	0.878499611593183	0.0485402203550289
MA2340.1	33374	0.813254094389501	0.0523563453041902
MA2341.1	33374	0.910312466774942	0.0484643585036702
MA0619.2	33374	0.934609068342423	0.0613883175309258
MA0006.2	33374	0.948191312645899	0.0634294226782163
MA0854.2	33374	0.859272798975976	0.0619046264054179
MA0634.2	33374	0.929549602725303	0.0566211804196277
MA0853.2	33374	0.807160479033369	0.0505203361566515
MA0690.3	33374	0.828896508790675	0.0438356227232206
MA0007.4	33374	0.759348998523151	0.0416018763477534
MA1463.2	33374	0.851561309814568	0.0657444102868253
MA0601.2	33374	0.920569146257827	0.0577676499702617
MA0602.2	33374	0.872185371233786	0.0602208921704582
MA0259.2	33374	0.94375918277916	0.066728342781916
MA1464.2	33374	0.844244042741939	0.0590064482699196
MA0603.2	33374	0.849748452893739	0.0563760818804116
MA0874.2	33374	0.839242233890277	0.0548894194838098
MA1100.3	33374	0.909939478989073	0.0432514417050656
MA1631.2	33374	0.876598822027581	0.0513597191104456
MA1632.2	33374	0.828881351594067	0.0555301398731588
MA1988.2	33374	0.88888909374842	0.0563784110234778
MA0605.3	33374	0.781909318517296	0.0603380124558279
MA0833.3	33374	0.817001760179297	0.0490675605763412
MA1466.2	33374	0.754977711382199	0.0419480952307
MA0834.2	33374	0.770326220810837	0.0580268427268986
MA0461.3	33374	0.885377564608494	0.0465234217078711
MA1467.3	33374	0.902288603649865	0.0561577773141236
MA0591.2	33374	0.804121357400348	0.0445059973886095
MA0496.4	33374	0.816227488215258	0.0511847805573559
MA1101.3	33374	0.795419392085785	0.0491646971142513
MA1470.2	33374	0.730979016002798	0.0377242137762331
MA0877.4	33374	0.910252927722791	0.049427236763461
MA0635.2	33374	0.948586052427701	0.0396256411148713
MA0875.2	33374	0.947166401838678	0.0501575803614382
MA1471.2	33374	0.88801320102302	0.0499803591911051
MA1634.2	33374	0.887125394130291	0.0577486345624839
MA0462.3	33374	0.887040650359292	0.0576740469326744
MA0489.3	33374	0.855141819393519	0.0554945810853319
MA0488.2	33374	0.844329637352018	0.0503093379383554
MA0835.3	33374	0.889585576218127	0.0564578100902325
MA1989.2	33374	0.853407341057326	0.0510335999406289
MA0463.3	33374	0.789169360680394	0.0420648790159121
MA1472.3	33374	0.866534167143966	0.0526669691586682
MA1635.2	33374	0.901528421516067	0.0791190029152933
MA0817.2	33374	0.818984225166198	0.0494826206174334
MA0464.3	33374	0.849400365939599	0.0575760933480569
MA1928.2	33374	0.881112872500749	0.0588530107273054
MA0876.2	33374	0.957989843220507	0.0447337793050531
MA0465.3	33374	0.86262923281016	0.0550437517278565
MA1473.2	33374	0.870085420074068	0.053868963740508
MA0102.5	33374	0.820733715437292	0.0469345426622542
MA0466.4	33374	0.770322763158973	0.0442538964433558
MA0836.3	33374	0.862000709110443	0.0520391117096037
MA0837.3	33374	0.773996285262757	0.0440007411666575
MA1636.2	33374	0.818365865236934	0.047163914698353
MA0819.3	33374	0.895281415851944	0.0502968450734374
MA0018.5	33374	0.856756346552926	0.0619066624547113
MA0638.2	33374	0.788489013144344	0.0428011592376926
MA0839.2	33374	0.759517931349568	0.0410808194742902
MA1474.2	33374	0.826605024887276	0.043647602268124
MA1475.2	33374	0.833358125387575	0.0529844290978079
MA0840.2	33374	0.795432428807724	0.0572677763860091
MA0609.3	33374	0.778708131337822	0.0591113072273759
MA0467.3	33374	0.894568410597849	0.0711028779737731
MA0139.2	33374	0.820693835352627	0.044898401135287
MA1929.2	33374	0.704791221553359	0.0387781761037514
MA1930.2	33374	0.694817900916016	0.0359523496605378
MA1102.3	33374	0.878090402108346	0.0582269795801481
MA0754.3	33374	0.815259989851549	0.0500740980816235
MA0650.4	33374	0.877081529138696	0.0516303368449937
MA0901.3	33374	0.858211091200981	0.0552375081628452
MA0755.2	33374	0.819550144122632	0.053630349261387
MA0639.2	33374	0.82900595200748	0.0502560964195641
MA0019.2	33374	0.864096450522764	0.0381409481846647
MA0879.3	33374	0.940547844760901	0.0471501746967257
MA0885.3	33374	0.84338309155848	0.0513977978703027
MA0880.2	33374	0.929742399068179	0.056905728205129
MA0881.2	33374	0.930978944837657	0.0556229817225484
MA1476.3	33374	0.845544121688539	0.0519641460612775
MA0882.2	33374	0.932844834014677	0.0559397386994058
MA0883.2	33374	0.857691048354201	0.0466651288570011
MA1603.2	33374	0.859099137524172	0.0548676878382606
MA0610.2	33374	0.90395661607747	0.0547403904647926
MA1707.2	33374	0.867606347242021	0.0447434286667105
MA1478.2	33374	0.969534293265261	0.032731744845561
MA1479.2	33374	0.833416438858408	0.0443043219242897
MA1480.2	33374	0.849000304309717	0.0466532832619303
MA1481.2	33374	0.931825888160997	0.0577865207685628
MA0611.3	33374	0.789066859206441	0.0523254267634154
MA0864.3	33374	0.783167488726499	0.0420852603894181
MA0469.4	33374	0.722756532557238	0.0400606543994863
MA0756.3	33374	0.842245578853266	0.0497807896222525
MA0470.3	33374	0.766979537075391	0.0423663771025962
MA0471.3	33374	0.887882830686974	0.0513388614392511
MA0865.3	33374	0.851702931218645	0.0501366757332058
MA0154.5	33374	0.813103145595026	0.0496445055058962
MA1604.2	33374	0.845112861713139	0.0535558992659026
MA1637.2	33374	0.844945941055592	0.0554356665364605
MA0162.5	33374	0.848231035326684	0.0573129661841685
MA0732.2	33374	0.802774861389994	0.0594376170354859
MA0733.2	33374	0.824927774688786	0.0531905048008128
MA0598.4	33374	0.879967714050148	0.0484706636995947
MA0473.4	33374	0.864273103485615	0.0507061512782665
MA1483.3	33374	0.857542613462319	0.0458424573899621
MA0640.3	33374	0.879857304613401	0.0476089936080102
MA0136.4	33374	0.903122472935415	0.0462550464938424
MA0028.3	33374	0.829686088212506	0.0560921234377044
MA0800.2	33374	0.854614281102989	0.0459192441377647
MA1708.2	33374	0.897508059660003	0.0415779548614526
MA1495.2	33374	0.935915633499571	0.0473507245571501
MA1932.2	33374	0.754290617167828	0.0370810666215451
MA0779.2	33374	0.76700618174795	0.0332902188571011
MA0014.4	33374	0.845989840309867	0.0496991157216816
MA0781.2	33374	0.742997584165334	0.0356413520921556
MA0686.2	33374	0.830922576520212	0.0436381621570182
MA1933.2	33374	0.757945174780196	0.0413074863113286
MA0828.3	33374	0.771039422515064	0.0543782743473291
MA0843.2	33374	0.821656286105833	0.0493205449854283
MA0759.3	33374	0.832219673805826	0.0571599847246658
MA0076.3	33374	0.880874781260584	0.0505372193914135
MA0612.3	33374	0.914560220428593	0.0639823601197458
MA0886.2	33374	0.915677419636054	0.060430792616813
MA0027.3	33374	0.93908432588585	0.053436495790072
MA0642.3	33374	0.919932894100558	0.0493273219689698
MA0760.2	33374	0.860897110764225	0.0461822465926442
MA1934.2	33374	0.809830598050381	0.0418677260119953
MA0820.2	33374	0.95798871233059	0.0517714079380292
MA1935.2	33374	0.901671929085515	0.0363239435783029
MA1936.2	33374	0.871002379875233	0.0343100475981759
MA0480.3	33374	0.894956707580074	0.0511588362883909
MA1937.2	33374	0.834628736556164	0.0365528255673523
MA0058.4	33374	0.888417324484072	0.0593721753490535
MA1938.2	33374	0.773713828078205	0.0364423192860533
MA0048.3	33374	0.864194630261727	0.0505501765366218
MA1939.2	33374	0.756201622069065	0.0346379152663617
MA0474.4	33374	0.856873571604536	0.046349535028089
MA0112.4	33374	0.745745088388094	0.0428667188367144
MA0592.4	33374	0.843142134145447	0.0554431688194142
MA0141.4	33374	0.822746249183313	0.0534013395661891
MA0643.2	33374	0.868168876408989	0.0491629662961042
MA0644.3	33374	0.906774635789676	0.0571393879060154
MA0098.4	33374	0.875766987737959	0.0458138972206795
MA1484.2	33374	0.871919080472882	0.0477109031175801
MA0761.3	33374	0.871312059726266	0.0484823644342612
MA0762.2	33374	0.853370516739988	0.0462586592229222
MA1940.2	33374	0.80303674766684	0.0406772594533596
MA1941.2	33374	0.794293615902033	0.0417371963882363
MA1942.2	33374	0.861088123385885	0.0423899122092997
MA1943.2	33374	0.807430154183811	0.0372650387974432
MA0763.2	33374	0.865202915706518	0.0428162725644994
MA0764.4	33374	0.85723215698458	0.0515290080039482
MA0765.4	33374	0.829588260314103	0.055360701885078
MA1944.2	33374	0.81232081824994	0.038223890040281
MA1945.2	33374	0.801103295607188	0.0418075842196203
MA1946.2	33374	0.843386343924072	0.0361333541145458
MA1947.2	33374	0.880729904399779	0.0374783579619298
MA1948.2	33374	0.816590807198571	0.0362758941647847
MA0900.3	33374	0.913285594841828	0.0688171356782313
MA0645.2	33374	0.879241352781104	0.0486255477110744
MA0887.2	33374	0.944416817730715	0.047506335694618
MA0888.2	33374	0.943920740655476	0.0484551185699052
MA0156.4	33374	0.831563089457226	0.053531958110951
MA0475.3	33374	0.859685818277435	0.048275077563188
MA1949.2	33374	0.781392976635784	0.0361615993465522
MA1950.2	33374	0.847399353469852	0.0436548477543679
MA0476.2	33374	0.869371070453195	0.0564386669033331
MA1951.2	33374	0.750479894435246	0.0510364296045319
MA0099.4	33374	0.857617316447651	0.0491012771273175
MA1126.2	33374	0.807914263235332	0.0520975896311896
MA1134.2	33374	0.846326038661818	0.0520523287641082
MA1140.3	33374	0.759488722376165	0.0555721898042349
MA0490.3	33374	0.821359043377837	0.0551799639978998
MA1141.2	33374	0.850312330344664	0.0514596138885737
MA0492.2	33374	0.841895818503466	0.0494815209681016
MA0491.3	33374	0.821435516170986	0.0551431374755211
MA1135.2	33374	0.853393702140689	0.0518102367117108
MA0477.3	33374	0.832893635577608	0.0544500132585923
MA1128.2	33374	0.853875964706303	0.0504313739610584
MA1137.2	33374	0.855452235323202	0.0485658369808362
MA1142.2	33374	0.896169005570624	0.0442173250611899
MA1143.2	33374	0.851269483514629	0.0463896303325645
MA0478.2	33374	0.867309503306206	0.0509603446769052
MA1130.2	33374	0.858136188904247	0.0501851752931146
MA1131.2	33374	0.815934893423822	0.0532593783973126
MA1138.2	33374	0.849568201752118	0.052930241775441
MA1139.2	33374	0.790897003458654	0.0568863942446905
MA1144.2	33374	0.850134428917399	0.0516161498789413
MA1145.2	33374	0.813011264508746	0.0547828138064822
MA0148.5	33374	0.859797133987313	0.0538758314004118
MA0047.4	33374	0.889919058391848	0.0540240593937633
MA1683.2	33374	0.891954380043627	0.0552483851529717
MA0846.2	33374	0.883156078709624	0.0497610625917532
MA0031.2	33374	0.894707967527915	0.0536687299573163
MA0847.4	33374	0.870349775966332	0.0507318265096215
MA0041.3	33374	0.84792876885065	0.053920917109467
MA1487.3	33374	0.853474216666473	0.0491214737306302
MA1606.2	33374	0.906878879101382	0.0577220017720225
MA0030.2	33374	0.864611866234099	0.0504108823054942
MA0479.2	33374	0.883088246171564	0.0499779297312861
MA1952.2	33374	0.863671245494293	0.0399916562761417
MA0682.3	33374	0.913456068021886	0.0645078774411144
MA0851.2	33374	0.880255467801033	0.0526293822553914
MA0852.3	33374	0.900191063396518	0.0513439006325637
MA1103.3	33374	0.893738591099559	0.0553869775415361
MA1607.2	33374	0.844709692583278	0.0520929619903511
MA1953.2	33374	0.831046765791775	0.0391629516458303
MA1954.2	33374	0.826812289438967	0.042484381062319
MA1955.2	33374	0.82043531946126	0.0412456346737881
MA1956.2	33374	0.814026435491458	0.0398733252975781
MA0157.4	33374	0.897116825351984	0.0522986080671543
MA0481.4	33374	0.895762224470102	0.0546899990356486
MA0593.2	33374	0.895818672563663	0.0501414847635299
MA0040.2	33374	0.866711489438169	0.0488248789381861
MA0062.4	33374	0.846118559402218	0.0478203733924126
MA0035.5	33374	0.889299710891814	0.0502639857975563
MA0140.3	33374	0.808581316205671	0.0428627089110695
MA0036.4	33374	0.891056467294054	0.0558543612282016
MA0037.5	33374	0.866026008210664	0.0506939930415053
MA0482.3	33374	0.868632301096472	0.0481052154419826
MA0766.3	33374	0.904104827265652	0.0528018879569727
MA1104.3	33374	0.866646880328705	0.0512252751779595
MA0889.2	33374	0.900736504870191	0.0617872753542066
MA0890.2	33374	0.918895012131992	0.0657263884462861
MA0646.2	33374	0.830780364505902	0.0394614456616849
MA0143.5	33374	0.899829157626326	0.0523484905487018
MA0767.2	33374	0.871544488078879	0.0409517865271888
MA0038.3	33374	0.834791745787988	0.0440067950878456
MA0483.2	33374	0.87766222995656	0.0420229984088213
MA1990.2	33374	0.824933778774057	0.0458386975419338
MA0734.4	33374	0.844842518948969	0.0467745572665573
MA1491.3	33374	0.744773495240287	0.0402709109481571
MA0735.2	33374	0.719229525843408	0.0409767325521635
MA0615.2	33374	0.904056513709218	0.0524310742819276
MA0647.2	33374	0.803622031287863	0.0474209628896838
MA1105.3	33374	0.860370063290264	0.0507667726380413
MA0648.2	33374	0.924728231407264	0.0585437442233077
MA0891.2	33374	0.931630152757334	0.0507216952793839
MA0892.2	33374	0.951712435597472	0.04198810176057
MA0893.3	33374	0.945848690398756	0.0415065772517981
MA0092.2	33374	0.915667323786653	0.0338977713169318
MA0522.4	33374	0.908604485530838	0.053703962620481
MA1638.2	33374	0.927768068260405	0.0707122905386216
MA1099.3	33374	0.882916552354816	0.0598646567028484
MA0616.3	33374	0.841394119394769	0.0584644962170629
MA0894.2	33374	0.920897826487123	0.0667686725841568
MA0649.2	33374	0.850020011251229	0.0516317458872356
MA0739.2	33374	0.904005633527773	0.0405515583267972
MA0738.2	33374	0.97515327598149	0.0315528303667731
MA1106.2	33374	0.881380753452057	0.0625450084039146
MA0131.3	33374	0.863315774266569	0.0533171057553252
MA0043.4	33374	0.838623247755623	0.0531037823284095
MA0895.2	33374	0.915020532793909	0.0472905556037964
MA0896.2	33374	0.846095473116529	0.0496848805576985
MA0897.2	33374	0.791958002514744	0.0452689726955893
MA0898.2	33374	0.848810362751738	0.0501463720109543
MA1991.2	33374	0.846180636363981	0.0439997767657635
MA0046.3	33374	0.789396470956221	0.0534763946475745
MA1494.2	33374	0.761249757046022	0.0424089141874391
MA0114.5	33374	0.835709319734618	0.0499452235152559
MA0484.3	33374	0.838867615617077	0.0492756063791898
MA0899.2	33374	0.890777533739927	0.050238567687696
MA0911.2	33374	0.86399157242808	0.0420067405860719
MA1496.2	33374	0.940026904987581	0.0398632839598413
MA1497.2	33374	0.92297069982246	0.0427463667227447
MA1498.3	33374	0.959188646955935	0.0437112721098807
MA0594.3	33374	0.913599059141592	0.0385588603506955
MA0902.3	33374	0.952577439409086	0.0516737807311445
MA1566.3	33374	0.850861805896805	0.0461878367845721
MA0903.2	33374	0.954104340253771	0.0464945361793451
MA1499.2	33374	0.934163461210965	0.0660713379868448
MA0904.3	33374	0.928190485243738	0.0563427353573515
MA1500.2	33374	0.936164534089141	0.0407837434142665
MA1501.2	33374	0.908343403902803	0.0476979228522903
MA1502.2	33374	0.927648033993171	0.0501580751161074
MA1503.2	33374	0.839170817766044	0.0476254695186323
MA0905.2	33374	0.877651418654266	0.045747842345123
MA0651.3	33374	0.777684395185147	0.0448617475350144
MA0906.2	33374	0.817110190812202	0.0440082478530762
MA0907.2	33374	0.829310692979249	0.0481766792549551
MA1504.2	33374	0.948657923357187	0.0541232252904143
MA1505.2	33374	0.946398549834288	0.042166205611463
MA0485.3	33374	0.826981587363216	0.0489628992654384
MA1506.2	33374	0.815051543239587	0.0451445034268981
MA0908.2	33374	0.862187785287634	0.0450554913026807
MA0873.2	33374	0.825183060153478	0.0439792829802485
MA1958.2	33374	0.758530495058655	0.0395068208669284
MA0909.4	33374	0.886721725805215	0.064695498587958
MA1507.2	33374	0.94557179764568	0.0594997810825986
MA0910.3	33374	0.927771795341468	0.0502542883769128
MA0913.3	33374	0.872577127832288	0.0521696759949766
MA1508.2	33374	0.894342868863261	0.0485225476803253
MA1992.2	33374	0.873709004466845	0.04782384352483
MA0050.4	33374	0.829778382752965	0.0479494720709327
MA0051.2	33374	0.796345602949012	0.0404155220096621
MA1418.2	33374	0.752599451914885	0.042289064449704
MA1419.2	33374	0.731685812995432	0.0421055738093919
MA0772.2	33374	0.801461429537169	0.0435663915441602
MA0652.2	33374	0.74655251504963	0.0425062299422079
MA1608.2	33374	0.882457435090152	0.0530896552204866
MA0914.2	33374	0.952239048451434	0.0421457160821582
MA0654.2	33374	0.91601239306322	0.0692547224777189
MA0656.2	33374	0.786111855198888	0.0584605355116274
MA1132.2	33374	0.883738017289173	0.0471713577095004
MA1133.2	33374	0.800379189409635	0.0499179245916972
MA0493.3	33374	0.942460372400436	0.0634551560083949
MA1512.2	33374	0.889479149994392	0.053530607330654
MA0657.2	33374	0.760118981982474	0.0431725209335282
MA1513.2	33374	0.896584877988162	0.0877333913466084
MA1514.2	33374	0.807210438708547	0.0458350188041532
MA1515.2	33374	0.931096748450107	0.0561896687077262
MA1516.2	33374	0.857411912942754	0.0611070717102933
MA0039.5	33374	0.91658026338472	0.0633460700904887
MA1517.2	33374	0.905858773243422	0.051052386962171
MA1959.2	33374	0.929356117539578	0.0667299605209337
MA1107.3	33374	0.844975144271511	0.0533555848559369
MA0618.2	33374	0.90985244149027	0.0508283215793103
MA0699.2	33374	0.929962864168115	0.0563287860775254
MA0768.3	33374	0.869697826953361	0.0513886135901847
MA1518.3	33374	0.800495455252842	0.0500406585928308
MA0700.3	33374	0.903162477903488	0.0652109555659178
MA0135.2	33374	0.83946050081624	0.054431041458519
MA0704.2	33374	0.928168557591045	0.0490767802776635
MA1519.2	33374	0.894385361584751	0.063909386358787
MA0658.2	33374	0.870686721066484	0.0547242871106141
MA0705.2	33374	0.937593940879027	0.053942525765598
MA0701.3	33374	0.891915691745194	0.0592368862267195
MA0702.3	33374	0.872387081252323	0.0693155074021324
MA0703.3	33374	0.838904108610503	0.0706994163480066
MA1520.2	33374	0.783210257668843	0.0399497959468305
MA0501.2	33374	0.809324439997401	0.0458315007251925
MA0841.2	33374	0.796888541454193	0.052407786098049
MA1521.2	33374	0.784175521185708	0.0402295290985799
MA0117.3	33374	0.850241051046962	0.0418603759305684
MA0495.4	33374	0.806628645288058	0.0453639288255347
MA0659.4	33374	0.784010597949491	0.0494004629201461
MA0089.3	33374	0.797310507503907	0.0476879841794492
MA0059.2	33374	0.827744429246266	0.0499134342603216
MA0147.4	33374	0.855036397423896	0.0547484627810791
MA1522.2	33374	0.910287234468246	0.0697245255120875
MA0029.2	33374	0.813833959928547	0.0459955168429701
MA0052.5	33374	0.838591935589465	0.0537163600733948
MA0497.2	33374	0.862700636416974	0.0462805306711033
MA0498.3	33374	0.984984101345854	0.035647396766327
MA1639.2	33374	0.846159120500958	0.0511760884428379
MA1640.2	33374	0.843622756610441	0.0547475190005678
MA0775.2	33374	0.938920199181108	0.0438407610747106
MA0661.2	33374	0.90670424921485	0.0530739892494703
MA0706.2	33374	0.909937516344318	0.0484448688970844
MA1960.2	33374	0.823050093335284	0.04320850137362
MA0620.4	33374	0.806432873636118	0.0531372676827854
MA0621.2	33374	0.861661914836603	0.076712720301721
MA0662.2	33374	0.933020254834491	0.0538931081954913
MA0622.2	33374	0.8544825313118	0.0738794322521444
MA0664.2	33374	0.863568354863132	0.0524518395911725
MA0825.2	33374	0.889731606911467	0.0560066487690462
MA0707.3	33374	0.952701554025228	0.052345091446182
MA1523.2	33374	0.92653554301955	0.0446751855935896
MA1524.3	33374	0.840859640720524	0.0453260230531305
MA0666.3	33374	0.921996527031438	0.0608088391842363
MA0708.3	33374	0.925971797339553	0.0575172948548155
MA0709.2	33374	0.914230432899364	0.065271367635591
MA1108.3	33374	0.924219243789245	0.0665304851844546
MA0100.4	33374	0.913717815626489	0.0694854094506435
MA0104.5	33374	0.835499570893781	0.0563425205409795
MA1641.2	33374	0.862928638061409	0.0551664477827795
MA0499.3	33374	0.866424770654979	0.0472408847660711
MA0500.3	33374	0.879818672961487	0.0618632700482716
MA0056.3	33374	0.87136769326033	0.0498097768679892
MA1109.2	33374	0.888381891993634	0.0491204988534403
MA1993.2	33374	0.903613929403991	0.0776966124513008
MA0668.3	33374	0.886729453700628	0.0492822081226896
MA1642.2	33374	0.904814302530571	0.0539515940246791
MA0606.3	33374	0.887746941350515	0.0489404235907516
MA0624.3	33374	0.94511889112079	0.0664216268147564
MA0152.3	33374	0.882503943973838	0.051797533476615
MA0625.3	33374	0.976625081813141	0.0321810401524132
MA1525.3	33374	0.903818180864676	0.0486438871892498
MA0150.3	33374	0.807783916947173	0.0461805514198546
MA0670.2	33374	0.896885799324824	0.081168445176285
MA1643.2	33374	0.734992288401815	0.0443476218146405
MA0161.3	33374	0.892116147464618	0.0531645468711075
MA1527.2	33374	0.770120932309062	0.0482338920122135
MA0025.3	33374	0.842670713216619	0.0547099310915792
MA0671.2	33374	0.967105543953334	0.0300871009446467
MA1528.2	33374	0.785720937553867	0.0477236568283347
MA0778.2	33374	0.782904463055155	0.0533667130881005
MA0060.4	33374	0.87477621952207	0.0549674095860411
MA0502.3	33374	0.856731496705172	0.0528709822107457
MA1644.2	33374	0.891897524525759	0.0551329744031714
MA1529.2	33374	0.760518157907806	0.0443065976398754
MA1994.2	33374	0.882871607186969	0.0526897126228993
MA1645.2	33374	0.869025315846338	0.0469232608464232
MA0672.2	33374	0.912333275231899	0.0428054521140359
MA2003.2	33374	0.92041418525366	0.036585138411633
MA0063.3	33374	0.895147110982972	0.0479167512074831
MA0673.2	33374	0.931185002102604	0.0333719625193437
MA0124.3	33374	0.905576823299926	0.0464074505751644
MA0122.4	33374	0.840643448486425	0.0493611283863337
MA0674.2	33374	0.921923462934119	0.052314750652435
MA0675.2	33374	0.953054545088063	0.0480151538988556
MA1530.2	33374	0.912350789489407	0.0487187808961477
MA0125.2	33374	0.934369041663285	0.0536360790747503
MA0710.2	33374	0.923815352263394	0.0501807211135036
MA0626.2	33374	0.8825568441849	0.0491915476762209
MA1995.2	33374	0.856489949399365	0.0519943303154036
MA1531.2	33374	0.793371366005981	0.0375972196595607
MA1996.2	33374	0.923232664583473	0.0701763399437028
MA0494.2	33374	0.828313248005963	0.0316994069854677
MA1110.3	33374	0.932255557213721	0.0631281238356253
MA1146.2	33374	0.789594795879169	0.0367172548827479
MA1533.2	33374	0.812175170432045	0.033821070858638
MA1534.2	33374	0.906233564826307	0.0466590814813095
MA1535.2	33374	0.963712627524727	0.0518315334546847
MA0504.2	33374	0.841921194925924	0.0357323255458594
MA1536.2	33374	0.979471371184435	0.0266221099217067
MA0164.2	33374	0.889129778584892	0.067876996387398
MA0017.3	33374	0.851859682674747	0.0482872386870235
MA1537.2	33374	0.784455906864929	0.0426033897116531
MA1111.2	33374	0.899779954317132	0.053865654407204
MA0677.2	33374	0.777619779947193	0.0435844427130728
MA0113.4	33374	0.764636030401222	0.0444082106602728
MA0727.2	33374	0.765348425289567	0.0443348916319817
MA1112.3	33374	0.879312232378406	0.0501194513243639
MA0160.3	33374	0.897311686282769	0.044463587592601
MA1147.2	33374	0.802626348050604	0.0360942437240442
MA1540.3	33374	0.80403949352202	0.0595097651843059
MA0505.3	33374	0.852240324411643	0.0548072745049491
MA1541.2	33374	0.798444543171067	0.0440823223085772
MA0506.3	33374	0.796909872537602	0.0717875619904192
MA0842.3	33374	0.823625707657608	0.0426583342499929
MA1997.2	33374	0.906683857232162	0.0755409782660694
MA0679.3	33374	0.829955139833267	0.0604802807963726
MA0757.2	33374	0.792745057487854	0.0572831136193716
MA1542.2	33374	0.876233118746974	0.0455064967451845
MA1646.2	33374	0.888188882611871	0.049280809297617
MA0711.2	33374	0.928707019142116	0.0555504567611142
MA0712.3	33374	0.900439525555247	0.0603023723525
MA1544.2	33374	0.800250422415681	0.0465577090765719
MA1545.2	33374	0.846758660562724	0.0472047916339737
MA1961.2	33374	0.90290451444396	0.0707983851293657
MA0067.3	33374	0.784400590197678	0.0326506207149053
MA1546.2	33374	0.778890221428002	0.0346976456132456
MA0680.3	33374	0.794549520251832	0.0608791146256771
MA0070.2	33374	0.850152897622653	0.0457104468816157
MA1113.3	33374	0.838313862920308	0.0559272129306663
MA1114.2	33374	0.805387875848764	0.0479100585138638
MA0132.3	33374	0.938859499256861	0.0605308053400559
MA0681.3	33374	0.784553710132173	0.0608919184490406
MA0714.2	33374	0.929338042297489	0.0528755849438749
MA0782.3	33374	0.823593398174007	0.0504681539455437
MA1615.2	33374	0.87097472432644	0.0556677315469456
MA1548.2	33374	0.86842054712499	0.0615051599226179
MA0784.3	33374	0.765945784892805	0.0531577709010694
MA0785.2	33374	0.860376256993101	0.0539972751733971
MA0507.3	33374	0.781771032458746	0.0561437151578794
MA0627.3	33374	0.841628099554189	0.0577127991181472
MA0786.2	33374	0.854562498254179	0.0555295579844637
MA0790.2	33374	0.808358099860773	0.0586127456097854
MA0683.2	33374	0.741897633399725	0.0511646357325054
MA0791.2	33374	0.802937616016107	0.0590224958270059
MA1115.2	33374	0.90236723370773	0.0559449947026443
MA0628.2	33374	0.883828087151471	0.0705598405864409
MA1549.2	33374	0.901668362036555	0.0512808520525345
MA0793.2	33374	0.852609917693303	0.0543281806253802
MA1148.2	33374	0.787155469615863	0.0344189108521184
MA1550.2	33374	0.787419738301358	0.0411169607340679
MA0066.2	33374	0.770205466554763	0.0313437741644259
MA0065.3	33374	0.851189797479334	0.03587206684
MA0508.4	33374	0.916189817565859	0.0582277076664954
MA1998.2	33374	0.857135082859046	0.0502571049771096
MA1616.2	33374	0.817602034786079	0.0431161553712025
MA1647.3	33374	0.831369662874828	0.0441786884363721
MA1999.2	33374	0.813561076821936	0.0435545599288222
MA1723.2	33374	0.840715216943274	0.0448891344133191
MA0716.2	33374	0.931908221431891	0.059068455280937
MA0075.4	33374	0.879630513856824	0.0672199555547433
MA1618.2	33374	0.866794792376261	0.0501629491166383
MA1619.2	33374	0.872608787568093	0.0553533179658761
MA1620.2	33374	0.884265179716999	0.0505642801312195
MA1149.2	33374	0.812750146763689	0.0358284473157108
MA1552.2	33374	0.783109484567201	0.0386126057080556
MA0859.2	33374	0.740969872625963	0.0444995382568287
MA1553.2	33374	0.773805364325195	0.0396875860198179
MA0718.2	33374	0.934483898612169	0.0580862697116055
MA0717.2	33374	0.933475626408847	0.0576309098913606
MA1116.2	33374	0.950627557131235	0.0638817780459746
MA1117.2	33374	0.888560321445484	0.0497026021984029
MA0138.3	33374	0.713927495200904	0.0389347701775539
MA0600.3	33374	0.756956203724793	0.049390269140015
MA0799.3	33374	0.74929108312781	0.0495037030765835
MA0510.3	33374	0.746136212114969	0.0495998020544668
MA1724.2	33374	0.843327063473356	0.0509371532215901
MA1554.2	33374	0.914459823662047	0.0343879625461281
MA0629.2	33374	0.880963792250433	0.0402137421360885
MA0719.2	33374	0.980778389449145	0.0218075443937344
MA0072.2	33374	0.821599552720173	0.0476231515595173
MA1150.2	33374	0.868754434388928	0.0407087287152514
MA1151.2	33374	0.879733871879112	0.0390859000629247
MA0073.2	33374	0.830395409602237	0.0477388434341405
MA0002.3	33374	0.899287835990099	0.0397880504351375
MA0684.3	33374	0.883225302128674	0.0499683659439331
MA1963.2	33374	0.864458819851139	0.0633890238713975
MA0743.3	33374	0.827191709423943	0.0454265554274834
MA0744.3	33374	0.824904198951579	0.0455741239662893
MA0630.2	33374	0.937600536327186	0.0577715864271034
MA0720.2	33374	0.927985298548482	0.0626106258888634
MA1118.2	33374	0.853502923580179	0.0468517927946068
MA1119.2	33374	0.809291731063509	0.0446676493861995
MA0631.2	33374	0.798736647706698	0.0446814790751458
MA2001.2	33374	0.89671764609761	0.0512025963352364
MA1964.2	33374	0.932877948866715	0.0637590610545912
MA1153.2	33374	0.913604493326327	0.0623932108338276
MA1558.2	33374	0.926844385109336	0.0539719386452547
MA0745.3	33374	0.878124423590548	0.0519714144533711
MA1559.2	33374	0.876384910810972	0.0492387441550154
MA1560.2	33374	0.839102057292997	0.0547894200996668
MA0442.3	33374	0.938008058808429	0.0681603057321645
MA0869.3	33374	0.8867626170311	0.0472962205054832
MA1561.2	33374	0.809563736334325	0.0424090987404262
MA1120.2	33374	0.896451742770606	0.0565507836375685
MA1562.2	33374	0.829822919015843	0.046153145527674
MA1152.2	33374	0.954941167938164	0.0389174631271292
MA0078.3	33374	0.830615754819279	0.0471417379257519
MA0514.3	33374	0.898080674153508	0.0533301404432645
MA0867.3	33374	0.925753903166229	0.0460305012716199
MA0087.3	33374	0.875923166511833	0.0470645796329046
MA0868.3	33374	0.924941353027109	0.0489351223945536
MA0077.2	33374	0.8929590375547	0.043764601371171
MA0746.3	33374	0.871477428017023	0.0604510793455996
MA1965.2	33374	0.961297991358684	0.0668244807097327
MA0747.2	33374	0.896287012417918	0.0472091931294459
MA1564.2	33374	0.896201777975922	0.0597138976838206
MA0080.7	33374	0.808881128132678	0.0445311900263994
MA0081.3	33374	0.819234511381664	0.0430016317741151
MA0687.2	33374	0.83893826832193	0.0378373877324322
MA0829.3	33374	0.812807577739135	0.0489105479894736
MA0084.2	33374	0.94994198486187	0.0384206626945629
MA0137.4	33374	0.887151401907545	0.0482830126066207
MA0517.2	33374	0.839980679522152	0.0426890218297833
MA1623.2	33374	0.859073442383811	0.0527156480907087
MA0144.3	33374	0.905392752918262	0.0438866230802786
MA0518.2	33374	0.891627541862077	0.0439955638451104
MA1624.2	33374	0.859608785335839	0.0506436760485444
MA0519.2	33374	0.90204912229224	0.0438384642798608
MA1625.2	33374	0.857197244749146	0.0548188644106358
MA0520.2	33374	0.877802471377611	0.0465544461237931
MA0091.2	33374	0.862441932657043	0.0449932096981175
MA0108.3	33374	0.931947851567311	0.0534976197554667
MA0802.2	33374	0.85269316983197	0.0458461619424767
MA1565.2	33374	0.863107124695834	0.0442309312600297
MA0804.2	33374	0.734934391736413	0.039633030728807
MA0688.2	33374	0.875121949563933	0.0420540955238663
MA1567.3	33374	0.856930439516734	0.0458466974072007
MA0521.3	33374	0.911456301247684	0.0715914289197164
MA1648.2	33374	0.909420836872896	0.0538993803062535
MA0832.2	33374	0.795274723904055	0.0498048194101813
MA1568.2	33374	0.856852067865637	0.0399974218976241
MA0830.3	33374	0.890212563497256	0.0521186022338197
MA0769.3	33374	0.90813390926374	0.0581748500815256
MA0523.2	33374	0.889964041245944	0.0437647499100525
MA0632.3	33374	0.871892975413227	0.0629231291862157
MA0090.4	33374	0.845439573733956	0.050456456724284
MA1121.2	33374	0.893461316115386	0.0506330307744629
MA0809.3	33374	0.872627927467019	0.0502077341792929
MA0810.2	33374	0.895648023618217	0.0469322971616591
MA0003.5	33374	0.859305568813189	0.0565949711130488
MA0811.2	33374	0.881173694240163	0.0463738007811406
MA0812.2	33374	0.876144771724754	0.0557565422904565
MA0524.3	33374	0.878163107319244	0.0462498278422075
MA0814.3	33374	0.860827099265064	0.0550586027741287
MA1569.2	33374	0.89934369570967	0.0614862164318239
MA1966.2	33374	0.815545458440636	0.0418591076151151
MA1967.2	33374	0.754484843463835	0.0433115626529321
MA1968.2	33374	0.846524495657929	0.0425167365018506
MA1122.2	33374	0.870412890473788	0.0588902436915486
MA0692.2	33374	0.879139212503896	0.0500800173906292
MA0871.3	33374	0.835298982406874	0.0592042737654776
MA0597.3	33374	0.894240125710268	0.0522245879593683
MA1969.2	33374	0.757450697206773	0.0356641430034135
MA1574.2	33374	0.827111032733034	0.0369585863942642
MA1575.2	33374	0.767046720136381	0.0400002682933862
MA1576.2	33374	0.765268147546963	0.0348561910622281
MA1577.2	33374	0.923494484792417	0.0767355094485038
MA0861.2	33374	0.770252546570335	0.0402666991820625
MA1970.2	33374	0.860961097106241	0.0530671482902315
MA1123.3	33374	0.877195015603519	0.0490261145119563
MA0633.3	33374	0.90402891909566	0.0773254927534443
MA0721.2	33374	0.930742831604017	0.0578200260468659
MA0093.4	33374	0.815117464612092	0.0512010379064686
MA0526.5	33374	0.786388248627537	0.0559549015310413
MA0722.2	33374	0.916781762895557	0.0512232149445229
MA0723.3	33374	0.956324427708131	0.0379716354330519
MA0693.4	33374	0.907604995158635	0.0573982371912271
MA1578.2	33374	0.93426218403388	0.0662539894289142
MA0725.2	33374	0.892355285580706	0.0595967843640276
MA0726.2	33374	0.883078764638811	0.0610611817364719
MA1627.2	33374	0.865204014827772	0.0566317659612043
MA0844.2	33374	0.797913058125081	0.0443127846303468
MA0095.4	33374	0.874199835403343	0.053472208937775
MA0748.3	33374	0.873993442108233	0.0537263675000847
MA0749.2	33374	0.733621462922179	0.0404644360652589
MA1971.2	33374	0.867221818107296	0.0436352457468319
MA1649.2	33374	0.909756879954161	0.0602153475126541
MA1650.2	33374	0.850620387313576	0.0635538188543917
MA0698.2	33374	0.832115018978639	0.0459755404740051
MA1579.2	33374	0.901769757325567	0.0528174118311877
MA0527.2	33374	0.795971335184671	0.0549710095602082
MA1581.2	33374	0.863057826685154	0.0486731249793743
MA0750.3	33374	0.862410901730909	0.0540786371246625
MA0694.2	33374	0.837048611064514	0.046414136292187
MA0695.2	33374	0.894003617118691	0.0419069174311742
MA0103.4	33374	0.939374123310557	0.0650564007145082
MA2002.2	33374	0.928978369245942	0.0468939543688483
MA1651.2	33374	0.783550780401615	0.0497157346896854
MA1583.2	33374	0.862109199309726	0.0555746591397655
MA0146.3	33374	0.886271180266582	0.0550336507270388
MA1628.2	33374	0.91415514808526	0.0556537080378235
MA1629.2	33374	0.863372422970891	0.0514418872029196
MA0697.3	33374	0.906683880614815	0.0595007765636817
MA0751.2	33374	0.815204476642101	0.0410791414129431
MA1584.2	33374	0.781192959725376	0.0441142469012163
MA1709.2	33374	0.837335825613989	0.0473579913828495
MA1585.2	33374	0.836336800645353	0.051041322778182
MA1973.2	33374	0.77092997985784	0.0471786335209095
MA1652.2	33374	0.875426519504912	0.0496066700025586
MA1589.2	33374	0.719853765059452	0.0352504575058639
MA1653.2	33374	0.877956242958079	0.0722043060332745
MA1654.2	33374	0.729032833736232	0.0332422348134788
MA1725.2	33374	0.857113378595163	0.048157610350295
MA1974.2	33374	0.803139234504407	0.0542895128181629
MA1975.2	33374	0.811164285085635	0.0368636425936992
MA1710.2	33374	0.905948027705727	0.0430879851420443
MA0528.3	33374	0.918072481302916	0.0630546014556019
MA1592.2	33374	0.822064737926613	0.0388535822629215
MA1630.3	33374	0.887067810492752	0.0714597119188075
MA1154.2	33374	0.77414731275841	0.0371283921675863
MA1593.2	33374	0.876244326241074	0.0516656222662014
MA1976.2	33374	0.770801835473221	0.040616094429316
MA1977.2	33374	0.812996658955726	0.0368730188655217
MA1726.2	33374	0.843184617054385	0.0506745870761509
MA1655.2	33374	0.875632828317469	0.0484089043694276
MA1711.2	33374	0.756846322294363	0.0412822516811767
MA1978.2	33374	0.781022838936225	0.0425020210055464
MA1125.2	33374	0.914193807261547	0.079865394155319
MA0752.2	33374	0.720090699204041	0.0426088848485176
MA1979.2	33374	0.843940705977415	0.0462496797273039
MA1727.2	33374	0.862730181115127	0.0623580840717805
MA1656.2	33374	0.835540863758645	0.0468033689331842
MA1712.2	33374	0.804378607486364	0.0467537400266789
MA1981.2	33374	0.828304947091669	0.0462734918821938
MA1728.2	33374	0.882932040720351	0.0521322761765078
MA1982.2	33374	0.808493539927636	0.0419499767039405
MA1983.2	33374	0.701869621223559	0.0354909565743416
MA1713.2	33374	0.824348866229384	0.0664066644689049
MA1657.2	33374	0.836572855269214	0.053234537126006
MA1984.2	33374	0.835166250837979	0.0396139096256692
MA1714.2	33374	0.768691766095853	0.0330941448007883
MA1729.2	33374	0.823372822710258	0.041866870241051
MA1599.2	33374	0.806775681068965	0.0532817871680916
MA1600.2	33374	0.767778726877059	0.0384459214681853
MA1986.2	33374	0.882671519096749	0.0615712411245487
MA1987.2	33374	0.811420436127834	0.0378511475791033
MA1730.2	33374	0.854187888305491	0.0493178235178734
MA0753.3	33374	0.854334149693735	0.0678698360438618
MA1716.2	33374	0.771515241415798	0.040981061879661
MA1731.2	33374	0.897111375559066	0.0452508514024608
MA1717.2	33374	0.856388901723008	0.0469273967299589
MA1719.2	33374	0.771296896826629	0.0434950732885514
MA1720.2	33374	0.80168456004646	0.0432550639789776
MA1721.2	33374	0.796235341533311	0.0649696965749639
MA1602.2	33374	0.821482701441855	0.0459226682351821
MA1722.2	33374	0.728253725552702	0.034642067849456
