[SHORT TFBS MATRIX]
MA0004.1	33248	0.825718954412662	0.0752062631932672
MA0006.1	33248	0.881573987598029	0.0701243358898681
MA0019.1	33248	0.795790536948249	0.0449236277605075
MA0029.1	33248	0.718976898121377	0.0605436187466922
MA0030.1	33248	0.742481568174031	0.0646939876268428
MA0031.1	33248	0.798201553192179	0.0728701240384439
MA0040.1	33248	0.770799040517773	0.0700464427228428
MA0051.1	33248	0.72523959985409	0.0501627909187788
MA0059.1	33248	0.769180405648087	0.0536293697869343
MA0066.1	33248	0.720301672940628	0.0364988415298662
MA0069.1	33248	0.744794901551115	0.0419559678185231
MA0070.1	33248	0.758878175251061	0.0572114782867882
MA0071.1	33248	0.79223984876946	0.0600567230169528
MA0072.1	33248	0.735183236179092	0.0569803405494726
MA0073.1	33248	0.770861341463603	0.0544899484657853
MA0074.1	33248	0.731322599323999	0.0430805388128418
MA0077.1	33248	0.817729133261723	0.0580484389687459
MA0084.1	33248	0.840355209075234	0.0687118643783164
MA0091.1	33248	0.785878632540436	0.0517886549987936
MA0092.1	33248	0.857182448847522	0.0446504265312167
MA0101.1	33248	0.839470791483134	0.0503472884855307
MA0107.1	33248	0.790832531410626	0.0580889034195311
MA0108.2	33248	0.789532646125868	0.0660223055354886
MA0111.1	33248	0.846138675671252	0.0348209093512349
MA0115.1	33248	0.649480620835342	0.0488168193734701
MA0116.1	33248	0.800217368781918	0.0464018107296666
MA0119.1	33248	0.709529278568188	0.0533948583239133
MA0125.1	33248	0.821680475017699	0.0697405374267222
MA0130.1	33248	0.935810205827852	0.0520066798392387
MA0135.1	33248	0.736611425575925	0.0746703500258698
MA0139.1	33248	0.758134524255998	0.0462177722481843
MA0142.1	33248	0.71956213814582	0.0601753121955684
MA0149.1	33248	0.659068750523365	0.0579319537953978
MA0138.2	33248	0.668568307328535	0.0411880579829926
MA0002.2	33248	0.82852405915513	0.0485993354819325
MA0065.2	33248	0.78875241646101	0.0405116855822039
MA0151.1	33248	0.844223664313431	0.0937629601374533
MA0155.1	33248	0.831061050975083	0.0447483716491558
MA0159.1	33248	0.77726090124265	0.036540152344193
MA0163.1	33248	0.771924886009931	0.0542381212918935
MA0164.1	33248	0.795812660354721	0.0789952863043135
MA0259.1	33248	0.859462374177475	0.0647928629185272
MA0145.2	33248	0.813969719944641	0.0442899222287064
MA0146.2	33248	0.819180753087865	0.0659475793247808
MA0468.1	33248	0.765863764796763	0.0641588488525681
MA0476.1	33248	0.787300846895387	0.0649814897691224
MA0478.1	33248	0.79172421893179	0.0586661515202471
MA0479.1	33248	0.787922648133089	0.0618466655964395
MA0483.1	33248	0.809198371270179	0.0546622040231437
MA0488.1	33248	0.767075236652092	0.0611142046585809
MA0492.1	33248	0.767610114314749	0.0598240353999899
MA0494.1	33248	0.7716370783168	0.0365304622528063
MA0497.1	33248	0.764955975700712	0.0661487682848176
MA0501.1	33248	0.721041089523937	0.0506320399679389
MA0504.1	33248	0.802269148740341	0.0414587104259276
MA0515.1	33248	0.833405481238555	0.0596715873669608
MA0517.1	33248	0.748328550733858	0.0608148609808032
MA0518.1	33248	0.804085400950959	0.0554112697816064
MA0519.1	33248	0.817541248102161	0.0573943422309556
MA0520.1	33248	0.778933860440737	0.0596733380987747
MA0523.1	33248	0.787724351272876	0.054535711776848
MA0527.1	33248	0.747069146265736	0.0565705314880696
MA0076.2	33248	0.828763221258146	0.0621734954158995
MA0258.2	33248	0.777062016846793	0.0437029026021128
MA0150.2	33248	0.72266081414282	0.0491302549729727
MA0137.3	33248	0.79439685137865	0.0610117425089559
MA0144.2	33248	0.827759274393746	0.0563387566246995
MA0140.2	33248	0.736091549109002	0.0542140045705825
MA0591.1	33248	0.743131530005062	0.0465091386638085
MA0593.1	33248	0.787970886540676	0.0733181377505087
MA0595.1	33248	0.824526345271122	0.0498884447422637
MA0596.1	33248	0.805395200565333	0.0515854294374506
MA0599.1	33248	0.904490305943576	0.0726417119437935
MA0601.1	33248	0.740473276204774	0.0994772195101979
MA0602.1	33248	0.737720028452818	0.0751550265353168
MA0603.1	33248	0.786704342706719	0.065531579254161
MA0604.1	33248	0.813484957180149	0.0619028587085055
MA0608.1	33248	0.801755210687002	0.0588916803231736
MA0610.1	33248	0.757039753271481	0.063955993077193
MA0613.1	33248	0.785630583067423	0.0826519268667043
MA0614.1	33248	0.815218424429564	0.0758918666499242
MA0615.1	33248	0.794281459231057	0.0488621033792019
MA0618.1	33248	0.811965306030824	0.0681256336875018
MA0619.1	33248	0.800916455852793	0.0898316267233617
MA0621.1	33248	0.711132363935648	0.097473358253997
MA0622.1	33248	0.784024831399467	0.0812188678607351
MA0626.1	33248	0.80733933125764	0.0628677550171567
MA0628.1	33248	0.726793887303871	0.0830216405488211
MA0629.1	33248	0.769217179244032	0.0461647554406064
MA0630.1	33248	0.814317717937039	0.0843272696703496
MA0631.1	33248	0.700230517467528	0.0489184640818833
MA0634.1	33248	0.795246330238313	0.0726159079570689
MA0007.3	33248	0.699811049013644	0.047045395601158
MA0635.1	33248	0.829526827277066	0.0607760637194928
MA0636.1	33248	0.745587510962725	0.0620487855012223
MA0638.1	33248	0.736088347431429	0.050176038137012
MA0639.1	33248	0.753216175615302	0.0642437095856431
MA0641.1	33248	0.75640420542544	0.0596953303738135
MA0027.2	33248	0.830055681172211	0.0741192991451185
MA0643.1	33248	0.788467877126234	0.0535466608048507
MA0645.1	33248	0.826551821246739	0.0614436194569209
MA0475.2	33248	0.806401301419245	0.0607773147434938
MA0042.2	33248	0.812388570636681	0.0741314842976398
MA0033.2	33248	0.846637359500322	0.0720752277181521
MA0646.1	33248	0.780124845111769	0.0461368582502392
MA0647.1	33248	0.719182616732784	0.0573205339826418
MA0648.1	33248	0.79574569167745	0.0624745858729241
MA0649.1	33248	0.785077180135127	0.060614952029284
MA0131.2	33248	0.793263438429917	0.0587495576381564
MA0046.2	33248	0.694454924432757	0.0721449915889281
MA0153.2	33248	0.686071390575297	0.0719466674563985
MA0486.2	33248	0.709862072757583	0.0581570832557932
MA0652.1	33248	0.688165001046153	0.0516762381959466
MA0653.1	33248	0.661260151041224	0.0526807549374793
MA0654.1	33248	0.799399788993465	0.084791456884725
MA0655.1	33248	0.737220693419773	0.0669356693835455
MA0656.1	33248	0.710352632653259	0.0692883026853442
MA0657.1	33248	0.721250684780971	0.0505765575559359
MA0658.1	33248	0.775752295472646	0.0660628885720055
MA0660.1	33248	0.707664468760519	0.0723053285653262
MA0661.1	33248	0.802298829179222	0.06484886940008
MA0662.1	33248	0.821041001759608	0.0729335172680779
MA0663.1	33248	0.742696542102697	0.060158408359456
MA0664.1	33248	0.763733938632386	0.0619010461169173
MA0665.1	33248	0.782471347264847	0.0519777476097484
MA0667.1	33248	0.762214748053717	0.0567431816361586
MA0669.1	33248	0.76461947009058	0.0525173192784905
MA0670.1	33248	0.810145525699932	0.0719184005404985
MA0671.1	33248	0.906007757967711	0.0468169698156321
MA0048.2	33248	0.797804491982349	0.0607702305610135
MA0672.1	33248	0.834962828003505	0.0504847207729316
MA0673.1	33248	0.869864955998504	0.0439042570801336
MA0674.1	33248	0.826941604520314	0.0696310907648168
MA0675.1	33248	0.829588060734485	0.0785065867844039
MA0676.1	33248	0.803677241969987	0.061262229813527
MA0677.1	33248	0.71972182484776	0.0477404434270941
MA0678.1	33248	0.764262257320102	0.0533564452849571
MA0068.2	33248	0.773712260566541	0.0748368019009801
MA0683.1	33248	0.648927028983103	0.0687570337653046
MA0512.2	33248	0.697175577094592	0.0498983093163739
MA0686.1	33248	0.779318651862154	0.0533645371787105
MA0687.1	33248	0.778453526708617	0.0490405317874759
MA0083.3	33248	0.656726364213046	0.0528961135000916
MA0009.2	33248	0.675876139468269	0.0450062042825952
MA0688.1	33248	0.791414185008197	0.0482265782784505
MA0689.1	33248	0.771366054938363	0.0505913320273937
MA0691.1	33248	0.763801914729875	0.0623516958451391
MA0692.1	33248	0.793329306361483	0.0590087617951202
MA0694.1	33248	0.76711262261409	0.0514525266900605
MA0695.1	33248	0.79492965393777	0.048823492234096
MA0696.1	33248	0.749547958360386	0.0510581725253269
MA0698.1	33248	0.764561100644534	0.0524631432992932
MA0699.1	33248	0.814410399864046	0.0662632214689369
MA0704.1	33248	0.814918389484231	0.0733623611542013
MA0705.1	33248	0.832355646992447	0.0684170688233234
MA0706.1	33248	0.807695149644136	0.0665541030058306
MA0709.1	33248	0.803360532407921	0.0827630332859099
MA0710.1	33248	0.81180562334482	0.07038080593823
MA0124.2	33248	0.800322919840665	0.0563731095683417
MA0711.1	33248	0.82225068050049	0.0601906620004505
MA0132.2	33248	0.819068511768634	0.0803327876702465
MA0713.1	33248	0.731560504277935	0.076434090233797
MA0714.1	33248	0.816901502170955	0.0611088320496969
MA0715.1	33248	0.696162618462672	0.0847809387100266
MA0716.1	33248	0.806773062657531	0.0847409451313932
MA0717.1	33248	0.820656209716961	0.0768302488310784
MA0718.1	33248	0.796545012799838	0.0784652036414867
MA0719.1	33248	0.920148070957704	0.0462434734116867
MA0720.1	33248	0.809132156417189	0.0838327839161735
MA0721.1	33248	0.815033669923025	0.0791127588551428
MA0722.1	33248	0.821006584958493	0.0703046809747133
MA0724.1	33248	0.786566894625969	0.0682638760575506
MA0725.1	33248	0.792530488351029	0.0821351184434333
MA0726.1	33248	0.777378462651468	0.082339018199716
MA0112.3	33248	0.688867907466064	0.0455752054605263
MA0141.3	33248	0.74165410949069	0.0584061777380553
MA0017.2	33248	0.776574675498415	0.0551745684555918
MA0113.3	33248	0.697970708241307	0.0508675382332075
MA0727.1	33248	0.694407029684231	0.0509601290976
MA0728.1	33248	0.684091510488962	0.0464871788951803
MA0729.1	33248	0.668016539990876	0.0434323446355912
MA0730.1	33248	0.686613550908587	0.04374420094597
MA0731.1	33248	0.643267106760693	0.0477415209413547
MA0472.2	33248	0.78353655985821	0.0592928745141555
MA0732.1	33248	0.754686483244449	0.0677329703474457
MA0733.1	33248	0.757654197208336	0.0566095133311064
MA0735.1	33248	0.677448012038303	0.0467526082253818
MA0736.1	33248	0.763753234387144	0.0491071395370659
MA0737.1	33248	0.718978538907353	0.0431513358193162
MA0738.1	33248	0.875369976711971	0.0478153848987071
MA0739.1	33248	0.836320573374046	0.0487322639209538
MA0741.1	33248	0.847965632205552	0.0765106852725278
MA0747.1	33248	0.85118851332933	0.0613709988637184
MA0749.1	33248	0.675785939388261	0.0466943069890029
MA0751.1	33248	0.782778450825338	0.0476198530275764
MA0088.2	33248	0.724358564450303	0.0467451534783742
MA0752.1	33248	0.65250771373814	0.0494128883714212
MA0755.1	33248	0.725168981496197	0.0694623928095771
MA0757.1	33248	0.682194889894716	0.0759862712613437
MA0758.1	33248	0.659455788349434	0.0514877448557401
MA0760.1	33248	0.809874771255008	0.0567871776661594
MA0098.3	33248	0.823635090506178	0.058919571416086
MA0762.1	33248	0.781679435098601	0.0571395087986498
MA0763.1	33248	0.815130442118281	0.054152277149365
MA0767.1	33248	0.810119186523361	0.0470866532130902
MA0770.1	33248	0.724077152244986	0.0568539881168825
MA0771.1	33248	0.75713576057711	0.0514096872853469
MA0772.1	33248	0.725613280021272	0.0603839263655648
MA0773.1	33248	0.71534205479255	0.0755987326484345
MA0498.2	33248	0.898650910174951	0.061424260290091
MA0774.1	33248	0.83323568029935	0.0636120728608089
MA0775.1	33248	0.860939891991972	0.0569987767337426
MA0776.1	33248	0.71629141625442	0.0485345514984414
MA0777.1	33248	0.686704717257845	0.0449352955193364
MA0105.4	33248	0.684589591168762	0.0556284125106189
MA0778.1	33248	0.717660837273412	0.0572931454486436
MA0779.1	33248	0.729268350037665	0.0371015470989354
MA0780.1	33248	0.686858277507871	0.079880999856681
MA0781.1	33248	0.701654829054608	0.0396338313306587
MA0783.1	33248	0.694427420291441	0.055117967241059
MA0785.1	33248	0.743121933429193	0.0728099361721672
MA0786.1	33248	0.737556837893397	0.0775963836577288
MA0787.1	33248	0.729108737649862	0.0755124454759006
MA0788.1	33248	0.722698848469498	0.0748981600969641
MA0789.1	33248	0.750485054779158	0.078832815474613
MA0790.1	33248	0.686047024066944	0.0790765497115643
MA0791.1	33248	0.667469756313738	0.0766556885475408
MA0792.1	33248	0.775425846960459	0.0754940806291754
MA0793.1	33248	0.762059770482943	0.0703433741256607
MA0794.1	33248	0.732898104191612	0.0471892154448091
MA0600.2	33248	0.693560737248465	0.0550639494690653
MA0795.1	33248	0.72719599225353	0.0550312805432693
MA0796.1	33248	0.667750137606835	0.0585236770308596
MA0797.1	33248	0.70341614312786	0.0541085970569309
MA0510.2	33248	0.687911513071725	0.0544552726053435
MA0511.2	33248	0.802881349258785	0.0526967539922602
MA0800.1	33248	0.75626206681656	0.0501501694416787
MA0801.1	33248	0.825475530617071	0.0531364698519701
MA0802.1	33248	0.770627469341108	0.0526519636245192
MA0803.1	33248	0.802098635655215	0.0565630739028609
MA0804.1	33248	0.658905191089371	0.0435610612665972
MA0805.1	33248	0.798619234808389	0.0586853392445444
MA0806.1	33248	0.832279189972273	0.0516341377630062
MA0807.1	33248	0.84324248965531	0.049867988409941
MA0808.1	33248	0.83707327773192	0.058869583700534
MA0810.1	33248	0.846842973739742	0.0555347919850549
MA0811.1	33248	0.831101126385491	0.0530497132146214
MA0812.1	33248	0.822363801390724	0.06010537243988
MA0813.1	33248	0.785162330842663	0.0611375267059422
MA0524.2	33248	0.827125285554977	0.0524518651599307
MA0815.1	33248	0.777404838086335	0.0639059298351094
MA0816.1	33248	0.808288030111475	0.0586598690018154
MA0461.2	33248	0.795878545644608	0.0516965427342915
MA0464.2	33248	0.778209940453437	0.066199043582607
MA0817.1	33248	0.730896086837986	0.0568822159986633
MA0820.1	33248	0.832522049671848	0.0535129193346572
MA0822.1	33248	0.698972761249625	0.0567505494674709
MA0823.1	33248	0.7735759589732	0.0687249236617028
MA0058.3	33248	0.789303283560236	0.0678908853927222
MA0825.1	33248	0.801733502182395	0.0646937495840097
MA0826.1	33248	0.744487785932404	0.0564980305939496
MA0827.1	33248	0.792296950279363	0.0487407633874265
MA0832.1	33248	0.710851495399106	0.0540062395397292
MA0834.1	33248	0.700303496633926	0.0676456277419262
MA0838.1	33248	0.747053777197553	0.0535206843381716
MA0839.1	33248	0.71251673418433	0.047178257336027
MA0840.1	33248	0.727854702981498	0.0703005767722078
MA0117.2	33248	0.787118994123207	0.0511102407093717
MA0841.1	33248	0.724999898426955	0.0599096047924559
MA0843.1	33248	0.742269911717436	0.0610206316971426
MA0844.1	33248	0.729875552571159	0.0476024713609803
MA0845.1	33248	0.759485503057128	0.0726702023403503
MA0032.2	33248	0.787767808944018	0.0726660517249412
MA0846.1	33248	0.781283380478657	0.0728424989845142
MA0848.1	33248	0.833918161343968	0.0707958194656269
MA0849.1	33248	0.817477308533608	0.073056980896194
MA0850.1	33248	0.881540144736871	0.0545963310115765
MA0851.1	33248	0.743941337838057	0.0704699351889888
MA0853.1	33248	0.709506541826563	0.0605054492285473
MA0854.1	33248	0.710122368843013	0.0640695801165172
MA0855.1	33248	0.693786543373129	0.0500859613438867
MA0856.1	33248	0.70438933909795	0.0495188693872951
MA0857.1	33248	0.654780205714596	0.0489753196420721
MA0858.1	33248	0.676285341911032	0.0463035644705094
MA0859.1	33248	0.673842549871887	0.0480058430261162
MA0860.1	33248	0.668207886454707	0.0457122146152014
MA0525.2	33248	0.674684075324169	0.0428071867436186
MA0106.3	33248	0.686411716355196	0.0416733014093381
MA0861.1	33248	0.72021980524609	0.0429860219446325
MA0862.1	33248	0.785864402743165	0.0574835384235423
MA0863.1	33248	0.705301872552618	0.0428825029137748
MA0024.3	33248	0.743134781120042	0.0502468918888081
MA0866.1	33248	0.66191851308561	0.0591804991638726
MA0870.1	33248	0.663914262854503	0.0589421323028155
MA0872.1	33248	0.771131291690119	0.0656334252462054
MA0028.2	33248	0.781450006288478	0.0668831155261343
MA0873.1	33248	0.752400065825659	0.0563188864127508
MA0874.1	33248	0.701563244304922	0.0602946393096639
MA0875.1	33248	0.83910408688041	0.0739604862983931
MA0876.1	33248	0.84826197703178	0.0712756777241223
MA0880.1	33248	0.830252355652161	0.0758947105166548
MA0881.1	33248	0.833412258582154	0.0728869852347784
MA0882.1	33248	0.830274134199754	0.0749590778315018
MA0883.1	33248	0.755472643370618	0.0511625151310225
MA0886.1	33248	0.785530182809708	0.0733510499149354
MA0887.1	33248	0.820265972642963	0.0623421902312038
MA0888.1	33248	0.817404712400675	0.0630049288791412
MA0889.1	33248	0.781907944129405	0.0710021863227772
MA0890.1	33248	0.792850368460392	0.07624173604429
MA0891.1	33248	0.816871939262871	0.0553168598371517
MA0892.1	33248	0.835000759216843	0.0598425372603939
MA0894.1	33248	0.786387837182691	0.0790299862364223
MA0895.1	33248	0.805817958451036	0.0565324884761249
MA0896.1	33248	0.730262374066998	0.0512270874699679
MA0897.1	33248	0.706795874399649	0.0553883359621187
MA0898.1	33248	0.704125602932939	0.05576767686611
MA0899.1	33248	0.784086700361051	0.0750796902947546
MA0903.1	33248	0.833755901317062	0.0695440307184649
MA0905.1	33248	0.792842786814418	0.0661209687595437
MA0906.1	33248	0.742965276896462	0.058872621212819
MA0907.1	33248	0.741540244152075	0.0617475007181732
MA0908.1	33248	0.775922362828202	0.0661099836256609
MA0911.1	33248	0.766373652528643	0.0566344764419376
MA0914.1	33248	0.834464486026622	0.0563438611833073
MA0852.2	33248	0.759674114795114	0.0632178720607189
MA0036.3	33248	0.782699640777862	0.0703422305132648
MA1106.1	33248	0.800504354894288	0.0656103973208814
MA0147.3	33248	0.775326644120123	0.0634086459742714
MA0100.3	33248	0.836891149969937	0.0615354182339905
MA0104.4	33248	0.756296483762792	0.0619414245063087
MA1109.1	33248	0.795204292872054	0.0533701620484
MA0161.2	33248	0.802234842389023	0.0636271412695697
MA0060.3	33248	0.796319428724981	0.0706149426163161
MA1111.1	33248	0.788424062174927	0.0627057959402383
MA0014.3	33248	0.787318836827973	0.0534613203196022
MA1114.1	33248	0.731833481948585	0.0529596630015508
MA1115.1	33248	0.766838342622702	0.0780760644352841
MA1116.1	33248	0.853356328235199	0.06605773018984
MA1117.1	33248	0.786881579720021	0.056666994225208
MA1118.1	33248	0.761104431500251	0.0574065812401588
MA1119.1	33248	0.711184991476867	0.0532914006483827
MA0442.2	33248	0.815829439473987	0.07064302673517
MA1120.1	33248	0.796128244160956	0.0697553322658536
MA1121.1	33248	0.768571954239093	0.0563472659199704
MA1122.1	33248	0.819427205010635	0.0710224787655336
MA0750.2	33248	0.805115847498615	0.0639672425362738
MA0103.3	33248	0.839507225937254	0.059837747215963
MA1124.1	33248	0.673618243727841	0.0607688515263085
MA1125.1	33248	0.733479647112032	0.117726454938798
MA1154.1	33248	0.715331403449668	0.0412888001025317
MA1155.1	33248	0.706971357925571	0.0484497460458878
MA0099.3	33248	0.77977967837451	0.0621541835748375
MA1126.1	33248	0.724629007786988	0.056575875829691
MA1127.1	33248	0.725918683141039	0.0680601156102438
MA1128.1	33248	0.769089686742091	0.0612961977082445
MA1129.1	33248	0.737506587721672	0.0667634376665192
MA1130.1	33248	0.77474611765159	0.0623356325636899
MA1131.1	33248	0.750884363020337	0.0667953559520594
MA1132.1	33248	0.790416627853064	0.0562756156736302
MA1133.1	33248	0.745177657508091	0.0629346164704278
MA1134.1	33248	0.758886129631527	0.0621580700660127
MA1135.1	33248	0.772421942449092	0.0639775076834448
MA1136.1	33248	0.754135283877122	0.0644194075138081
MA1137.1	33248	0.767563002379783	0.0590768347031377
MA1138.1	33248	0.766374066271027	0.0661383233733522
MA1139.1	33248	0.72043692859501	0.0703445893304262
MA1141.1	33248	0.760693409716184	0.0608692253849725
MA1142.1	33248	0.803973818327127	0.0582628386184297
MA1143.1	33248	0.784948092233949	0.0607572302547537
MA1144.1	33248	0.76859947046977	0.0638436300293639
MA1145.1	33248	0.731066962230426	0.0646799043433602
MA1146.1	33248	0.734038744995266	0.039868217062843
MA1147.1	33248	0.749406010188166	0.0397715040637391
MA1148.1	33248	0.736534607686059	0.0397387621020435
MA1149.1	33248	0.767695622152443	0.0403787108930455
MA1150.1	33248	0.798262406461378	0.051566205486162
MA1151.1	33248	0.804910651488883	0.0477009612086555
MA1152.1	33248	0.830837160907488	0.0701765718033034
MA1153.1	33248	0.828581000833034	0.0611449584267108
MA1418.1	33248	0.675924161913407	0.0497045877748005
MA1419.1	33248	0.673396110010802	0.0503610521533772
MA1420.1	33248	0.721651473977803	0.044602284444094
MA1421.1	33248	0.740809198546624	0.0553036789958145
MA1463.1	33248	0.731519444370336	0.0851439753820424
MA1464.1	33248	0.770991553080275	0.0683404468180728
MA1466.1	33248	0.711140118134299	0.0488099136593308
MA1468.1	33248	0.826066135290541	0.0437452715512332
MA1101.2	33248	0.681980288731703	0.0518582728215065
MA1470.1	33248	0.671493588865016	0.0475041059195443
MA1471.1	33248	0.772514430925213	0.0763429011668427
MA1473.1	33248	0.756840450203913	0.0680312728833061
MA1474.1	33248	0.770255707427632	0.0508184981611933
MA1475.1	33248	0.755955266723902	0.0607860074546493
MA1478.1	33248	0.779147552384337	0.0543880497088147
MA1479.1	33248	0.748121621121482	0.0566094909759197
MA1480.1	33248	0.771437124257961	0.0578105629332952
MA1481.1	33248	0.819265614706734	0.0785704626643905
MA1484.1	33248	0.826524795857391	0.0586678871076514
MA1485.1	33248	0.743868420978304	0.049930386648311
MA1489.1	33248	0.728171619345525	0.0865035965798733
MA1493.1	33248	0.775054018156121	0.0481009865743396
MA1494.1	33248	0.702054693252462	0.0474770196258949
MA1495.1	33248	0.835692075311227	0.0677127817689274
MA1496.1	33248	0.867603046585883	0.0528883757529101
MA1497.1	33248	0.817096592408181	0.0572901668859664
MA1499.1	33248	0.817096873882246	0.0761197107780599
MA1500.1	33248	0.858256697482894	0.0561890966028185
MA1501.1	33248	0.807358696528827	0.0523636789681891
MA1502.1	33248	0.830134409775228	0.0701406807768123
MA1503.1	33248	0.755281283233228	0.0629212083708843
MA1504.1	33248	0.844645506412483	0.0745484461378955
MA1505.1	33248	0.839303420871438	0.0631818524335437
MA1506.1	33248	0.742619467277464	0.058194992389165
MA1507.1	33248	0.837528702576272	0.0753132898652443
MA1508.1	33248	0.802677154558927	0.0598294209933022
MA1509.1	33248	0.76240258019772	0.051859375116595
MA1512.1	33248	0.843258752247672	0.071278258516842
MA1513.1	33248	0.826820000203532	0.11058212534527
MA1514.1	33248	0.757287743549009	0.0551921370326695
MA1515.1	33248	0.87072352352864	0.0722614468275427
MA1516.1	33248	0.821135217908411	0.0693050973592452
MA1517.1	33248	0.857787193748638	0.0676200559615037
MA1519.1	33248	0.789831831733405	0.0816344177343854
MA1520.1	33248	0.727285322882184	0.0446064413997729
MA1521.1	33248	0.736249967226221	0.0447052878679128
MA1522.1	33248	0.844137996017974	0.0854327810683196
MA1523.1	33248	0.819688401659368	0.0519260655606095
MA1527.1	33248	0.713749518167789	0.0551424439549908
MA1528.1	33248	0.727255395121744	0.0544162602056065
MA1529.1	33248	0.710320120721967	0.050883738079574
MA1530.1	33248	0.820881358621838	0.0645604077249263
MA1531.1	33248	0.747946406161894	0.0420818497439093
MA1533.1	33248	0.762894246700362	0.0367977130721904
MA1534.1	33248	0.812425105885896	0.0579800722637063
MA1535.1	33248	0.875981657518888	0.057320027867829
MA1536.1	33248	0.921271225110115	0.041971551315992
MA1537.1	33248	0.729220608696735	0.0457675596993509
MA1538.1	33248	0.710882535600736	0.0453178228103419
MA1539.1	33248	0.695516579118979	0.0462514974574888
MA1541.1	33248	0.723080057662651	0.0446806189796414
MA1542.1	33248	0.810308346918452	0.0496541966451896
MA1544.1	33248	0.718639921525856	0.0514196390842293
MA1545.1	33248	0.75924034186422	0.0507041477545421
MA1546.1	33248	0.728349410376865	0.0401349516800288
MA1548.1	33248	0.805978041235593	0.0730892280938737
MA1549.1	33248	0.801045451913094	0.0629748638292547
MA1550.1	33248	0.728496217490919	0.045750711192269
MA1552.1	33248	0.730430344818812	0.0430383317408189
MA1553.1	33248	0.716071728981037	0.0441610164127282
MA1554.1	33248	0.864167000347967	0.0422162658448948
MA1555.1	33248	0.738258469417801	0.044824393651734
MA1556.1	33248	0.734215339540566	0.0469689968711186
MA1557.1	33248	0.75730434738951	0.0497632585701186
MA1558.1	33248	0.84313220238923	0.0552042577227379
MA1559.1	33248	0.803992711322695	0.0546986567102103
MA1560.1	33248	0.771938562205476	0.0656392957310141
MA1561.1	33248	0.738198075623535	0.0535175763711861
MA1562.1	33248	0.749574182068585	0.058286846191342
MA1564.1	33248	0.843382338836872	0.0759110987185775
MA1565.1	33248	0.786423398005877	0.0479523270265192
MA1568.1	33248	0.787858219172365	0.0414436993356184
MA1569.1	33248	0.841833717007973	0.0701280684307527
MA1570.1	33248	0.832389511281997	0.0528655402843463
MA1571.1	33248	0.723651039120802	0.0500011886466162
MA1572.1	33248	0.731247842397698	0.049828631887503
MA1574.1	33248	0.776158078981214	0.0415712147434645
MA1575.1	33248	0.714143342798046	0.043557502625766
MA1576.1	33248	0.717061375825374	0.0389452727023735
MA1577.1	33248	0.792573017503295	0.0922741698395547
MA1578.1	33248	0.838279394488817	0.0713249265103988
MA1579.1	33248	0.795669306099785	0.0606147645973158
MA1580.1	33248	0.746758719926845	0.0642498521649869
MA1581.1	33248	0.794263235422122	0.0538883337354504
MA1583.1	33248	0.790494441313331	0.0600274124794157
MA1584.1	33248	0.750378238528576	0.0525623852255764
MA1585.1	33248	0.763246262663962	0.0545229447941603
MA1587.1	33248	0.75033517809594	0.0476273275345145
MA1588.1	33248	0.70164892966266	0.0484245623864952
MA1589.1	33248	0.663310764572846	0.0382011296109831
MA1592.1	33248	0.753400773222846	0.044003709586457
MA1593.1	33248	0.771336799739362	0.0570066754221368
MA1594.1	33248	0.661444291787375	0.0360075251325691
MA1596.1	33248	0.73864877001783	0.0609602837921717
MA1597.1	33248	0.681633190825607	0.0442145345049648
MA1599.1	33248	0.738950102285927	0.0582486302746723
MA1600.1	33248	0.707435672894967	0.0396371911875074
MA1602.1	33248	0.760641413906679	0.0484863949266421
MA1603.1	33248	0.725838974673277	0.0627138201823555
MA1604.1	33248	0.766087603794904	0.0586906640082268
MA1606.1	33248	0.77269928791043	0.0800279813955182
MA1607.1	33248	0.73679832644242	0.0750050704208397
MA1608.1	33248	0.784235032857145	0.0657466954163479
MA1615.1	33248	0.790392766005312	0.063392619490507
MA1616.1	33248	0.74559441972364	0.0489633589280412
MA1618.1	33248	0.786679074081675	0.0585730580489783
MA1619.1	33248	0.794682175181194	0.0631535606693732
MA1620.1	33248	0.799525644087293	0.057026184979196
MA1621.1	33248	0.798220856491472	0.054830409308291
MA1623.1	33248	0.750025790226772	0.0741465639270248
MA1624.1	33248	0.771853375012239	0.0645348596185261
MA1625.1	33248	0.756381847574292	0.0663799344569282
MA1627.1	33248	0.800043831373603	0.0694157697286831
MA1628.1	33248	0.841068134274817	0.0596250343142109
MA1629.1	33248	0.778213686117393	0.053635942408848
MA1100.2	33248	0.845419643773025	0.0551378941118643
MA0605.2	33248	0.709298156293225	0.0716283991937816
MA0462.2	33248	0.757340887468139	0.0700003292277261
MA0463.2	33248	0.715242302084616	0.0466202057567183
MA0864.2	33248	0.729235978378062	0.0461584432059669
MA0469.3	33248	0.665036374398612	0.0451457056428542
MA0470.2	33248	0.720377064970638	0.0476423730080596
MA0612.2	33248	0.796175831707573	0.076449491663877
MA0766.2	33248	0.815513343575328	0.0615043639290486
MA0038.2	33248	0.76798161778462	0.0546858379622351
MA0893.2	33248	0.861235256624354	0.0600092538814095
MA1099.2	33248	0.821395728572537	0.0726057055797839
MA0616.2	33248	0.775412276718212	0.0716412635827086
MA0900.2	33248	0.793990619950935	0.0793235924031142
MA0158.2	33248	0.831911761262242	0.0629733136699565
MA0594.2	33248	0.831810356194252	0.0500573351845475
MA0902.2	33248	0.839085636011573	0.0688950561362729
MA0904.2	33248	0.819379065966096	0.0680166642560604
MA0485.2	33248	0.744468677794704	0.0645151283430814
MA0912.2	33248	0.78386727675143	0.0697985661857567
MA0910.2	33248	0.826286183503445	0.0684214240459105
MA0913.2	33248	0.774722573466082	0.0747093147523478
MA1140.2	33248	0.691263106620578	0.0666210092552773
MA0701.2	33248	0.792177958379832	0.0772826437769875
MA0702.2	33248	0.752337217399472	0.08835497254979
MA0703.2	33248	0.697723684593774	0.0938060761697034
MA0623.2	33248	0.763020161095816	0.0537332504799005
MA0842.2	33248	0.753083431095162	0.0515646796825436
MA0682.2	33248	0.807713575150526	0.0678342652396231
MA0075.3	33248	0.769169084994177	0.0880585769615123
MA0867.2	33248	0.83250126749585	0.0638081412009756
MA0868.2	33248	0.796590682204816	0.0656642024163034
MA0746.2	33248	0.83109875217978	0.0750204724085581
MA0632.2	33248	0.807831343332961	0.0717749698079737
MA0871.2	33248	0.764678156156686	0.0656610984504404
MA0753.2	33248	0.77651632193749	0.0778830522958613
MA0122.3	33248	0.742539803372468	0.0627273007972553
MA1707.1	33248	0.767627464605869	0.0583374579224738
MA1708.1	33248	0.834789796742069	0.057353587103044
MA1709.1	33248	0.738827103674741	0.0618247361910811
MA1710.1	33248	0.850138409163912	0.0528182450650616
MA1711.1	33248	0.72415126786521	0.0476497719007726
MA1712.1	33248	0.766198331379288	0.0538032915332057
MA1713.1	33248	0.772834119776238	0.0800108334744455
MA1714.1	33248	0.717737082472428	0.038797736694194
MA1715.1	33248	0.707718473186944	0.0451386820092353
MA1716.1	33248	0.71762748790548	0.0458690183635641
MA1717.1	33248	0.762512607869939	0.0505285051729629
MA1718.1	33248	0.631864430312689	0.0459308224314341
MA1719.1	33248	0.718552966250469	0.0471131056156691
MA1720.1	33248	0.722290031459895	0.0495548805794853
MA1721.1	33248	0.742708603997546	0.0728306154180584
MA1722.1	33248	0.684209714969622	0.0387710149859217
MA1723.1	33248	0.781962949227537	0.0529674311199636
MA1724.1	33248	0.76399040920975	0.0560396415664581
MA1631.1	33248	0.807344869266795	0.0588399126914978
MA1632.1	33248	0.748974908856759	0.0696377460514684
MA1634.1	33248	0.758813276020179	0.0704734472433677
MA1635.1	33248	0.821675578035331	0.0762003593738483
MA1636.1	33248	0.730716924182762	0.0583338005858167
MA1637.1	33248	0.765408938361948	0.0604353268784077
MA1638.1	33248	0.833755627788118	0.0600640252448916
MA1639.1	33248	0.74845501290054	0.0671564374466471
MA1640.1	33248	0.718312905637604	0.0693328913768272
MA1641.1	33248	0.787094406119569	0.0625768981679701
MA1642.1	33248	0.801653534273061	0.0563127736469966
MA1643.1	33248	0.68294776082149	0.0492104617287306
MA1644.1	33248	0.793882828213089	0.0721699099909671
MA1645.1	33248	0.78529833773622	0.0521908782251971
MA1646.1	33248	0.81256510770607	0.0573670383575182
MA1648.1	33248	0.838793612654734	0.0623328268155097
MA1649.1	33248	0.810762124000111	0.0618081827718897
MA1650.1	33248	0.790905998794796	0.0776162567735403
MA1651.1	33248	0.705106958712297	0.0544193438070814
MA1652.1	33248	0.792162387305128	0.0561948819501769
MA1653.1	33248	0.817979790400593	0.088296675240597
MA1654.1	33248	0.680534452346832	0.0355986555235565
MA1655.1	33248	0.79374565554782	0.0551369463171164
MA1656.1	33248	0.772424115840453	0.0543177898544436
MA1657.1	33248	0.732618673423246	0.0648132130231433
MA1683.1	33248	0.776127291818089	0.0756302346409965
MA1725.1	33248	0.778529449741665	0.0515461629135735
MA1726.1	33248	0.761493779995923	0.0537401064993936
MA1727.1	33248	0.763133896649044	0.0597067071001154
MA1728.1	33248	0.807048211723406	0.0573440829836711
MA1729.1	33248	0.729923813075747	0.0533192118473034
MA1730.1	33248	0.762659679483457	0.0486356184223709
MA1731.1	33248	0.774935426198131	0.0448351528772143
MA0833.2	33248	0.732754909861485	0.059008515481687
MA0835.2	33248	0.757537754134361	0.0687840591593133
MA0465.2	33248	0.747300212236145	0.073941773863385
MA0102.4	33248	0.729838487931331	0.0606947155742389
MA0836.2	33248	0.743980531791568	0.0617216324198258
MA0018.4	33248	0.756455223331975	0.0764547132495855
MA1102.2	33248	0.807877540053822	0.0713914870829417
MA0471.2	33248	0.82243110227572	0.0649217560902636
MA0154.4	33248	0.74942597222631	0.0550964869861463
MA0162.4	33248	0.784359051664668	0.0781450120820981
MA0598.3	33248	0.776541273837533	0.0593293514478899
MA0473.3	33248	0.780612469679723	0.0590641414818259
MA0640.2	33248	0.793046846921067	0.0577007641767231
MA0592.3	33248	0.746470497946348	0.0568575667227172
MA0761.2	33248	0.787084572126052	0.0599053925341512
MA0477.2	33248	0.74864980829828	0.0671390069077668
MA0148.4	33248	0.74956637655105	0.073185119078751
MA0047.3	33248	0.773002932395182	0.0753969790584692
MA1103.2	33248	0.773659907099712	0.0762623518458348
MA0481.3	33248	0.778184733600858	0.0769368468725268
MA0062.3	33248	0.780021738794678	0.0585557577456999
MA0035.4	33248	0.774580955467304	0.067389478048273
MA0482.2	33248	0.769473321973889	0.0628071273293994
MA1104.2	33248	0.744024993182073	0.0681553277927042
MA1105.2	33248	0.754039790375805	0.0588576410496658
MA0043.3	33248	0.739980964287429	0.065086941220953
MA0114.4	33248	0.749423691149236	0.0590135162741576
MA0484.2	33248	0.754842816544299	0.0579438596398565
MA0901.2	33248	0.72411731463363	0.0825088464989327
MA0490.2	33248	0.733786018699861	0.0688167704227035
MA0491.2	33248	0.737366355527681	0.067734990685654
MA0039.4	33248	0.850297845105038	0.0794734076539843
MA1107.2	33248	0.770646258450068	0.0674292313995587
MA0700.2	33248	0.762420275662681	0.0800396806329367
MA0495.3	33248	0.715426660793797	0.0557262236241488
MA0496.3	33248	0.716463430663624	0.054905948056917
MA0052.4	33248	0.721333662909904	0.0771760936791067
MA0620.3	33248	0.722319711450715	0.0588644803850157
MA1108.2	33248	0.830056239818722	0.0694693383898839
MA0499.2	33248	0.795626080797014	0.0536195606779304
MA0500.2	33248	0.792374120209647	0.0710210003151646
MA0056.2	33248	0.785414802002473	0.0533427215604949
MA0089.2	33248	0.713603265119659	0.0523432943471856
MA0025.2	33248	0.736009343327135	0.070809334341543
MA0502.2	33248	0.777822771822122	0.0640324062657264
MA0063.2	33248	0.802961146683496	0.0607151841375925
MA1112.2	33248	0.785747388955946	0.0630845029212666
MA0679.2	33248	0.676651810914606	0.0803309145876222
MA0712.2	33248	0.784354046311771	0.0641635215061722
MA1113.2	33248	0.72694597256797	0.0739640432844945
MA0681.2	33248	0.655251695052575	0.091278849137406
MA0782.2	33248	0.743474700921976	0.0576824480784329
MA0627.2	33248	0.727144453310867	0.0771347191628678
MA0508.3	33248	0.812775591843791	0.0663289454451755
MA0684.2	33248	0.791478872356567	0.059870419133194
MA0743.2	33248	0.731982520015148	0.0508137205321434
MA0744.2	33248	0.736660023346101	0.0502361771746972
MA0745.2	33248	0.780554456509734	0.054942774738113
MA0143.4	33248	0.791014556543566	0.0682240345298427
MA0081.2	33248	0.751922538669158	0.0525182049768889
MA0829.2	33248	0.73799405601273	0.0558477125210804
MA0522.3	33248	0.839419430120046	0.0611906873720203
MA0830.2	33248	0.805580265109931	0.0586045244461245
MA0769.2	33248	0.795331752365402	0.0679861112965397
MA0090.3	33248	0.759438661378266	0.0577309923653506
MA0809.2	33248	0.778210007502255	0.0585593307331769
MA0003.4	33248	0.78347760628635	0.0610357205059924
MA0814.2	33248	0.791392286494374	0.0634458511088881
MA1123.2	33248	0.785588461779975	0.0569804575668121
MA0093.3	33248	0.74315155714178	0.0583108184905957
MA0748.2	33248	0.791385987989034	0.0664901093840924
MA0528.2	33248	0.823548894747203	0.0709654151036689
MA0609.2	33248	0.701452539092473	0.0667012595507471
MA1684.1	33248	0.922259350300926	0.0754512603236024
MA1928.1	33248	0.769596631618872	0.0672408568497884
MA1929.1	33248	0.6678447777039	0.0401461668192582
MA1930.1	33248	0.659400557248846	0.0388643734120149
MA1931.1	33248	0.714023294180002	0.0511003625751477
MA1932.1	33248	0.708015303243253	0.0447502373256611
MA1933.1	33248	0.724384313501649	0.0467479729442779
MA1934.1	33248	0.756015287973271	0.0470664319489443
MA1935.1	33248	0.804736440873257	0.0456611259509649
MA1936.1	33248	0.814935604365059	0.0409858687899192
MA1937.1	33248	0.7704364303351	0.0437084484583921
MA1938.1	33248	0.738153080036092	0.0424092431830794
MA1939.1	33248	0.714496250842453	0.0409532224319447
MA1940.1	33248	0.738911935777205	0.0480964602892832
MA1941.1	33248	0.742288468116024	0.0462569982846489
MA1942.1	33248	0.769788226216053	0.0481587065806754
MA1943.1	33248	0.740930746968693	0.0451060721079677
MA1944.1	33248	0.757360131363322	0.0443479411233172
MA1945.1	33248	0.751516352651782	0.047995850988509
MA1946.1	33248	0.789515375320519	0.0429477544760927
MA1947.1	33248	0.805493947275209	0.0440857834151473
MA1948.1	33248	0.761099479216438	0.0422822383496888
MA1949.1	33248	0.728165535439012	0.0446061153948349
MA1950.1	33248	0.768883207461845	0.0524095057343426
MA1951.1	33248	0.697245858507025	0.0617115334672456
MA1952.1	33248	0.783249138980038	0.0530306064244909
MA1953.1	33248	0.774876192114884	0.0490909187628151
MA1954.1	33248	0.769824676106258	0.0521816027631852
MA1955.1	33248	0.76386730937292	0.0510399815254342
MA1956.1	33248	0.752944714975573	0.0502633409524117
MA1957.1	33248	0.726752508139761	0.0487024506143772
MA1958.1	33248	0.698535566237397	0.0459583367483644
MA1959.1	33248	0.885120254452206	0.0885302324389029
MA1960.1	33248	0.753489623600813	0.0534344723013429
MA1961.1	33248	0.854047821593007	0.0896423502552691
MA1962.1	33248	0.696003338539008	0.0594988172607834
MA1963.1	33248	0.724945533601072	0.0802421135272831
MA1964.1	33248	0.847636485187143	0.0586558358088388
MA1965.1	33248	0.877228790052332	0.0814544581846861
MA1966.1	33248	0.764155431342918	0.0476800245665064
MA1967.1	33248	0.702697295633197	0.0488070822611694
MA1968.1	33248	0.778413654332596	0.0508340952132568
MA1969.1	33248	0.69576163690842	0.0371589629208042
MA1970.1	33248	0.753171987587114	0.0700652454352281
MA1971.1	33248	0.781816798892107	0.0500847818374123
MA1972.1	33248	0.802657311972687	0.0469761350947245
MA1973.1	33248	0.712891860410603	0.0462383271533503
MA1974.1	33248	0.690831811706638	0.0630799178011953
MA1975.1	33248	0.745846925591457	0.0446628552889849
MA1976.1	33248	0.727736351942069	0.0472020875365194
MA1977.1	33248	0.734682496837471	0.0393352802969264
MA1978.1	33248	0.702109554449618	0.0609400397666001
MA1979.1	33248	0.781565010360787	0.051972138461923
MA1980.1	33248	0.750291247809304	0.0427467101912163
MA1981.1	33248	0.770679664545211	0.0576855077232651
MA1982.1	33248	0.770474577375348	0.0481018323447296
MA1983.1	33248	0.642336979109138	0.0403989346214931
MA1984.1	33248	0.77712694370816	0.0447452912727311
MA1985.1	33248	0.728499563850052	0.0483080519770266
MA1986.1	33248	0.817266052583146	0.0698159283151798
MA1987.1	33248	0.767159097805378	0.0449507442900628
MA1988.1	33248	0.784745141336155	0.0687468288282209
MA1989.1	33248	0.746977232019231	0.0620529452184063
MA1990.1	33248	0.763656910912415	0.0501366827892816
MA1991.1	33248	0.773376648162	0.0537925782238924
MA1992.1	33248	0.784738146330109	0.0545477899398306
MA1993.1	33248	0.83443635695066	0.0730400225967228
MA1994.1	33248	0.770552766858944	0.0583381416843365
MA1995.1	33248	0.787662038121542	0.0550248871736351
MA1996.1	33248	0.823526763826688	0.0657639419560243
MA1997.1	33248	0.835357674168073	0.0741799270891862
MA1998.1	33248	0.766387580589257	0.0511442245602066
MA1999.1	33248	0.739616345982643	0.0467609515314977
MA2001.1	33248	0.782733529035826	0.0613322033021075
MA2002.1	33248	0.847361819627526	0.0516739634155851
MA2003.1	33248	0.854811234603234	0.0437835614211178
MA0037.4	33248	0.769154351167661	0.066736321813818
MA0041.2	33248	0.734986270521317	0.0700469388479577
MA0050.3	33248	0.723489925768794	0.0661531497875254
MA0067.2	33248	0.750923949013635	0.0372216544065011
MA0078.2	33248	0.753213596630196	0.0611425874392584
MA0079.5	33248	0.866036143998919	0.0957555962232261
MA0080.6	33248	0.737584417602598	0.0551620516610668
MA0087.2	33248	0.777461290209965	0.0547871894108967
MA0095.3	33248	0.769479993296266	0.0656962366010331
MA0136.3	33248	0.813158733798762	0.0599419842576541
MA0152.2	33248	0.748932512201777	0.0643761161884415
MA0156.3	33248	0.776722583857316	0.0626633183862556
MA0157.3	33248	0.783117248956905	0.072659989909084
MA0160.2	33248	0.813157471913115	0.0539080456199188
MA0466.3	33248	0.704117924703993	0.0512929826947851
MA0467.2	33248	0.794176141613608	0.0752510270997642
MA0474.3	33248	0.791231792759393	0.0576531555418677
MA0480.2	33248	0.796165222416349	0.0691546603841948
MA0489.2	33248	0.768999917733267	0.0681089983741394
MA0493.2	33248	0.896404404605468	0.0858248244576128
MA0505.2	33248	0.743809582033909	0.0544549226062864
MA0506.2	33248	0.74691234707244	0.0807254423017525
MA0507.2	33248	0.683670845463867	0.0727522409794524
MA0509.3	33248	0.675637776327969	0.0551914063274186
MA0514.2	33248	0.804602841936598	0.0672664088092467
MA0516.3	33248	0.879758095395727	0.0865637000502938
MA0521.2	33248	0.8069759945861	0.0695769579293587
MA0526.4	33248	0.721396007110071	0.0629833984424241
MA0606.2	33248	0.773167239269193	0.0649490856065923
MA0607.2	33248	0.741653646907979	0.0533134813644409
MA0611.2	33248	0.691075068971801	0.0664319131467543
MA0624.2	33248	0.794111861136635	0.0672522324208081
MA0625.2	33248	0.885545911120407	0.0489065728288684
MA0633.2	33248	0.836191939470899	0.077326472957582
MA0642.2	33248	0.830106658941365	0.06940796319626
MA0644.2	33248	0.811802122288197	0.0771760182677498
MA0650.3	33248	0.765753916199237	0.074237552002017
MA0651.2	33248	0.704103098481166	0.0570803660396335
MA0659.3	33248	0.711036291452103	0.0522355957118898
MA0666.2	33248	0.809878687925903	0.0776516211446128
MA0668.2	33248	0.783224889409064	0.051043178067647
MA0680.2	33248	0.666110782619436	0.0844920885609796
MA0685.2	33248	0.881142207316517	0.088448617225433
MA0690.2	33248	0.756336664615451	0.0492996787427376
MA0693.3	33248	0.801940596725258	0.0682173621947601
MA0697.2	33248	0.789966484846395	0.0590358220460125
MA0707.2	33248	0.844263751345246	0.0724179355441594
MA0708.2	33248	0.819218566170719	0.0743339055356816
MA0723.2	33248	0.868796665208734	0.0628139036145569
MA0734.3	33248	0.780894025128206	0.0511945870252626
MA0740.2	33248	0.885740172665855	0.0835180427460442
MA0742.2	33248	0.865016035507586	0.09199688109038
MA0754.2	33248	0.728294170573791	0.0617663418772205
MA0756.2	33248	0.756062816043926	0.057958745693377
MA0759.2	33248	0.783834640445487	0.0666435181934964
MA0764.3	33248	0.811767196064788	0.0622120603726708
MA0765.3	33248	0.782152188997977	0.0659578401611613
MA0768.2	33248	0.750946639832104	0.0597091430335329
MA0784.2	33248	0.672678882789213	0.0687828982309236
MA0798.3	33248	0.680452799499467	0.0533315708579515
MA0799.2	33248	0.688833836990683	0.0517604533987869
MA0818.2	33248	0.758409490610185	0.052870008270232
MA0819.2	33248	0.808319136320288	0.0565231765097031
MA0821.2	33248	0.789107315939167	0.0615562961891136
MA0828.2	33248	0.693825882262282	0.0592442802678719
MA0831.3	33248	0.730078895058463	0.0649245881573115
MA0837.2	33248	0.707884311675961	0.0509425627598959
MA0847.3	33248	0.771574234972681	0.0668228054657857
MA0865.2	33248	0.777849468769149	0.0502870487026221
MA0869.2	33248	0.802464142498771	0.057107686943659
MA0877.3	33248	0.79070311586725	0.0634332775866625
MA0878.3	33248	0.764032971424945	0.0674927721581922
MA0879.2	33248	0.851278178969628	0.0665272922621429
MA0884.2	33248	0.723839886847003	0.0658921362556802
MA0885.2	33248	0.755253311446116	0.0648786922284844
MA0909.3	33248	0.768776705802237	0.0839585800718098
MA1110.2	33248	0.844299726542686	0.0636204136073198
MA1467.2	33248	0.807838172249207	0.0590254195062329
MA1472.2	33248	0.794119763754048	0.0594366096609882
MA1476.2	33248	0.755401079084867	0.065828047360668
MA1483.2	33248	0.791577617447871	0.0573466118369839
MA1487.2	33248	0.756351485626311	0.066040681459861
MA1491.2	33248	0.705189860725025	0.0442075641039506
MA1498.2	33248	0.847516019604225	0.0656653721017411
MA1511.2	33248	0.874002606227684	0.0875834540017663
MA1518.2	33248	0.686964141736751	0.0590375728742028
MA1524.2	33248	0.755314361876114	0.0497683769578128
MA1525.2	33248	0.817701233654729	0.0606307017065402
MA1532.2	33248	0.722507300207925	0.042357435544301
MA1547.2	33248	0.80064800699321	0.0661886359390283
MA1563.2	33248	0.871635500970018	0.0590336445992054
MA1566.2	33248	0.774781907166038	0.0500853214115524
MA1567.2	33248	0.784931163035261	0.0507367295579087
MA1573.2	33248	0.7057150445148	0.0623097603815689
MA1601.2	33248	0.753359210396523	0.0470020052004457
MA1630.2	33248	0.830682584696817	0.0857633401173476
MA1633.2	33248	0.760599789058634	0.0655946972275245
MA1647.2	33248	0.733659861118331	0.0491493573058414
MA0597.2	33248	0.815483770134218	0.0584654014445756
MA1540.2	33248	0.706428130236323	0.0518420025093997
