[SHORT TFBS MATRIX]
MA0004.1	31504	0.884188616401732	0.0670823556504386
MA0006.1	31504	0.932636361760672	0.0548640234942842
MA0019.1	31504	0.850856037837773	0.0371150130070885
MA0029.1	31504	0.796530077722272	0.0447471665513639
MA0030.1	31504	0.824928456012033	0.046026857488
MA0031.1	31504	0.886456799727073	0.0517812418995327
MA0040.1	31504	0.860422130321601	0.0483127404644086
MA0051.1	31504	0.786119850529031	0.0391574188139573
MA0059.1	31504	0.824170419618461	0.0481360126026866
MA0066.1	31504	0.764879641484847	0.030855754428892
MA0069.1	31504	0.795487203866754	0.0349979897622533
MA0070.1	31504	0.827055548273582	0.043382618439964
MA0071.1	31504	0.86679276737771	0.0494543111477794
MA0072.1	31504	0.806321246193881	0.0450201058197173
MA0073.1	31504	0.828925969232616	0.0479911023752826
MA0074.1	31504	0.782622399508044	0.037186381846779
MA0077.1	31504	0.88357346309385	0.0421590479222329
MA0084.1	31504	0.922257102349687	0.0386716942790905
MA0091.1	31504	0.849264437946428	0.043335945691472
MA0092.1	31504	0.908012875860852	0.0331308884813914
MA0101.1	31504	0.890486921430457	0.0389087008227395
MA0107.1	31504	0.849306768896059	0.0472990620973803
MA0108.2	31504	0.861582249007982	0.040763315074911
MA0111.1	31504	0.883839158805972	0.0287842562520332
MA0115.1	31504	0.709438825787985	0.042446865544733
MA0116.1	31504	0.842302753659413	0.0400279552929922
MA0119.1	31504	0.760701629670283	0.046862941776725
MA0125.1	31504	0.903802365862342	0.0491053846490099
MA0130.1	31504	0.982435010490672	0.0243795344122999
MA0135.1	31504	0.832364070262525	0.0528042913807175
MA0139.1	31504	0.793237458663797	0.0422731096310987
MA0142.1	31504	0.793335795479366	0.0431260767774832
MA0149.1	31504	0.716425287281612	0.0586884441452528
MA0138.2	31504	0.707222080743139	0.0380017600712117
MA0002.2	31504	0.883411441769267	0.0379895879356645
MA0065.2	31504	0.830267261696668	0.0342183321451634
MA0151.1	31504	0.960236982825034	0.0560444397270397
MA0155.1	31504	0.867944664097141	0.0373966428169244
MA0159.1	31504	0.816727130803224	0.0323150245314586
MA0163.1	31504	0.808546164998443	0.0455868906850015
MA0164.1	31504	0.880635988147469	0.0610830161933663
MA0259.1	31504	0.907037199733508	0.0552051016962017
MA0145.2	31504	0.851487182170628	0.0369200251895344
MA0146.2	31504	0.855958031487709	0.0549409085459188
MA0468.1	31504	0.84382094725384	0.0458545971472776
MA0476.1	31504	0.861197575827717	0.0506091348937123
MA0478.1	31504	0.858707298525544	0.0494380702922791
MA0479.1	31504	0.864161959162341	0.0460153544397486
MA0483.1	31504	0.871709390639113	0.0411264043783992
MA0488.1	31504	0.827640621454556	0.0474142171394287
MA0492.1	31504	0.827616872072001	0.0462736471374572
MA0494.1	31504	0.815956684114794	0.0304351158005092
MA0497.1	31504	0.849264792751275	0.0441420905877021
MA0501.1	31504	0.780077774878042	0.0430536281955883
MA0504.1	31504	0.838925450567101	0.0353449356457765
MA0515.1	31504	0.902763223919327	0.0430161407434333
MA0517.1	31504	0.821588456422082	0.042448220615845
MA0518.1	31504	0.866185592852964	0.0414857184438749
MA0519.1	31504	0.882975159153999	0.0424823725964592
MA0520.1	31504	0.849723554303015	0.0429801316382016
MA0523.1	31504	0.854034487350384	0.0391403090258824
MA0527.1	31504	0.779472881121678	0.0489179926364793
MA0076.2	31504	0.86775483767086	0.0487966114225585
MA0258.2	31504	0.825721462226637	0.0381172154622853
MA0150.2	31504	0.776691993098749	0.0421389603007102
MA0137.3	31504	0.864631685495463	0.0458296598564443
MA0144.2	31504	0.890764490365889	0.0415493618347138
MA0140.2	31504	0.800842551565237	0.0420106618773424
MA0591.1	31504	0.790499625867461	0.0420732616820785
MA0593.1	31504	0.879070658637345	0.0488933643598086
MA0595.1	31504	0.873387424806199	0.0418838415984885
MA0596.1	31504	0.859158059997232	0.0429899766711568
MA0599.1	31504	0.939687541619546	0.052248416350372
MA0601.1	31504	0.862706764271984	0.0592945017064907
MA0602.1	31504	0.83375378702434	0.053094383931079
MA0603.1	31504	0.842326688261823	0.0545714914984763
MA0604.1	31504	0.860013634598462	0.0515483325152802
MA0608.1	31504	0.854113511159029	0.0488330745853095
MA0610.1	31504	0.841437592296419	0.0514988261199051
MA0613.1	31504	0.884066662657916	0.0587645621185746
MA0614.1	31504	0.908296170900983	0.0507583791422859
MA0615.1	31504	0.829003230145967	0.0406768726249213
MA0618.1	31504	0.895234933169123	0.0503640299042262
MA0619.1	31504	0.913325691756312	0.0597159604269335
MA0621.1	31504	0.832380686760317	0.0701152955352139
MA0622.1	31504	0.855807730676321	0.060775039159391
MA0626.1	31504	0.875501655100648	0.0477737124768049
MA0628.1	31504	0.831542420608037	0.061680394275433
MA0629.1	31504	0.825629046322396	0.0349917012584185
MA0630.1	31504	0.911316484870284	0.0551950143781987
MA0631.1	31504	0.765901873379023	0.0402056333251066
MA0634.1	31504	0.881188859328661	0.0503176572830304
MA0007.3	31504	0.753456305478068	0.0412014923886082
MA0635.1	31504	0.901378906402045	0.036761944610689
MA0636.1	31504	0.79620258576341	0.0535155251300867
MA0638.1	31504	0.779055865464971	0.0414512157177412
MA0639.1	31504	0.823662941496495	0.0491909287109355
MA0641.1	31504	0.799131305481678	0.0487647088323086
MA0027.2	31504	0.910744887507139	0.0491279575646891
MA0643.1	31504	0.856175963689696	0.0477418528211212
MA0645.1	31504	0.869495785688762	0.0475799243201642
MA0475.2	31504	0.84986203401226	0.0479344885297733
MA0042.2	31504	0.901185801841891	0.0524721701669951
MA0033.2	31504	0.9355370871267	0.0495410107560877
MA0646.1	31504	0.823280230310732	0.0388027861045783
MA0647.1	31504	0.791300904691793	0.0456298754629151
MA0648.1	31504	0.874447281577511	0.0482282287121002
MA0649.1	31504	0.83253433475758	0.0508891886687191
MA0131.2	31504	0.821407900942683	0.0498744164715571
MA0046.2	31504	0.785471286068244	0.0529187725636664
MA0153.2	31504	0.775476826715452	0.0532407176536317
MA0486.2	31504	0.779477828320644	0.0498598550247056
MA0652.1	31504	0.745904460056863	0.0417239556050324
MA0653.1	31504	0.724218824945904	0.0431002190927256
MA0654.1	31504	0.896370373543997	0.0635288054432724
MA0655.1	31504	0.814138383669755	0.0540205451884159
MA0656.1	31504	0.768525130527937	0.0558800641090799
MA0657.1	31504	0.754918547195738	0.0421700180565014
MA0658.1	31504	0.852259565833835	0.0509526663028168
MA0660.1	31504	0.796580469283767	0.0523351205737866
MA0661.1	31504	0.87919952959962	0.0485146185019283
MA0662.1	31504	0.904285573965248	0.0500600034808649
MA0663.1	31504	0.797663668049258	0.0511631971227654
MA0664.1	31504	0.823761541428817	0.0496171570787551
MA0665.1	31504	0.839529793379436	0.0428916029598494
MA0667.1	31504	0.829013296601976	0.0467778403529669
MA0669.1	31504	0.831908445042125	0.0448883932568486
MA0670.1	31504	0.880539227167755	0.0666026431905784
MA0671.1	31504	0.950730966236906	0.0291374972501307
MA0048.2	31504	0.846037657027306	0.0492624764355917
MA0672.1	31504	0.897209620969644	0.0412322752760021
MA0673.1	31504	0.922342828974819	0.0333597642282191
MA0674.1	31504	0.914266025805493	0.0506302470127859
MA0675.1	31504	0.92281094680887	0.0497038146683794
MA0676.1	31504	0.879397814458134	0.0445704915429615
MA0677.1	31504	0.774724634298057	0.0430024934022723
MA0678.1	31504	0.836920739513531	0.046019663065181
MA0068.2	31504	0.864237685832281	0.0527879743158636
MA0683.1	31504	0.736447443881554	0.0508621901541091
MA0512.2	31504	0.755405605821929	0.0445767445431945
MA0686.1	31504	0.822719849819545	0.042914671015209
MA0687.1	31504	0.832664186977178	0.0375355692889658
MA0083.3	31504	0.720935122993153	0.0440701407847073
MA0009.2	31504	0.733524876633505	0.0402650792955783
MA0688.1	31504	0.8512477037453	0.0401766044406535
MA0689.1	31504	0.833586128272177	0.0408786682112726
MA0691.1	31504	0.830253424328106	0.0511907201626348
MA0692.1	31504	0.848894645583379	0.048323150545576
MA0694.1	31504	0.811382191557056	0.0427788509732125
MA0695.1	31504	0.837351512499117	0.0384639474676302
MA0696.1	31504	0.781741982983795	0.0436042380803135
MA0698.1	31504	0.828845825104733	0.0447674330232835
MA0699.1	31504	0.888561171186901	0.0472497459836024
MA0704.1	31504	0.900086442578891	0.0485900595581387
MA0705.1	31504	0.906359835237488	0.0490460252916789
MA0706.1	31504	0.886941446936095	0.0468945161779996
MA0709.1	31504	0.89684115847212	0.060251632073548
MA0710.1	31504	0.895675573777393	0.0469803072091205
MA0124.2	31504	0.869741202625331	0.0445251202497238
MA0711.1	31504	0.899619624326768	0.0520814789330595
MA0132.2	31504	0.917749337222058	0.0569343509786413
MA0713.1	31504	0.826620972264273	0.0542124790635633
MA0714.1	31504	0.894935018194649	0.0501818649877243
MA0715.1	31504	0.804466340877251	0.0599037952337687
MA0716.1	31504	0.903753694553997	0.0571721116984796
MA0717.1	31504	0.90770123230384	0.0534405388330674
MA0718.1	31504	0.886088494973864	0.0520881729418591
MA0719.1	31504	0.97053345505887	0.0232444840449859
MA0720.1	31504	0.904290066463438	0.0576595050629546
MA0721.1	31504	0.906502303575148	0.0546237056456171
MA0722.1	31504	0.905517429809346	0.0494468856828622
MA0724.1	31504	0.867329956261649	0.0495562443012301
MA0725.1	31504	0.890136922907791	0.0581620145881798
MA0726.1	31504	0.874972434445257	0.0597141180925282
MA0112.3	31504	0.73871585566553	0.0412188642341953
MA0141.3	31504	0.816462180436589	0.0520825104414593
MA0017.2	31504	0.838963192495109	0.0473831008311896
MA0113.3	31504	0.759266290594532	0.0429900744310368
MA0727.1	31504	0.755124431323595	0.0430748674563841
MA0728.1	31504	0.742569074941678	0.0447336253763094
MA0729.1	31504	0.725075481699914	0.040842167738447
MA0730.1	31504	0.736968926767036	0.0395466376006892
MA0731.1	31504	0.705766859486682	0.0414564673315748
MA0472.2	31504	0.816553843576779	0.048316488560207
MA0732.1	31504	0.790503827045775	0.0546157436425258
MA0733.1	31504	0.792823761836139	0.044315674457119
MA0735.1	31504	0.714398474542565	0.0407414335483494
MA0736.1	31504	0.795633896430701	0.0408953202008749
MA0737.1	31504	0.757062465268874	0.0382964618425432
MA0738.1	31504	0.922883808290966	0.0349584601828388
MA0739.1	31504	0.888500289084287	0.0399706438764983
MA0741.1	31504	0.886722616069409	0.0583903986338766
MA0747.1	31504	0.885354033543114	0.0472263886250155
MA0749.1	31504	0.726422434311922	0.0392817172259706
MA0751.1	31504	0.812494972581902	0.0400924416589604
MA0088.2	31504	0.771696295955423	0.0401374485782682
MA0752.1	31504	0.715616587259951	0.0422493256705411
MA0755.1	31504	0.811023383917251	0.052853388605171
MA0757.1	31504	0.784270385417767	0.0566001271813196
MA0758.1	31504	0.717398495262317	0.045308857843605
MA0760.1	31504	0.850890005574688	0.045700957068025
MA0098.3	31504	0.866501002689445	0.0455268783037435
MA0762.1	31504	0.830509649349761	0.0439801589717354
MA0763.1	31504	0.854719474260916	0.0427972611207071
MA0767.1	31504	0.853783001448491	0.0385580653613196
MA0770.1	31504	0.793072746113162	0.048169748068673
MA0771.1	31504	0.816910977683484	0.0452681979811268
MA0772.1	31504	0.79956904073504	0.0428649663457091
MA0773.1	31504	0.809384083113803	0.0534946797702192
MA0498.2	31504	0.96463210854278	0.0362388553848056
MA0774.1	31504	0.899974560514547	0.0490921865759641
MA0775.1	31504	0.923643972654362	0.0423714392345462
MA0776.1	31504	0.773415621821194	0.0409451456872172
MA0777.1	31504	0.738641295685447	0.0383501471873534
MA0105.4	31504	0.735428068234892	0.0499973606236235
MA0778.1	31504	0.768960736466885	0.0506055807584111
MA0779.1	31504	0.764199193955546	0.0327303984204989
MA0780.1	31504	0.787403033134004	0.0598870177887561
MA0781.1	31504	0.738782643538648	0.0349717291918969
MA0783.1	31504	0.758431266758997	0.0482844503620399
MA0785.1	31504	0.832704227961073	0.0519842584572546
MA0786.1	31504	0.833410807390547	0.0543618521809145
MA0787.1	31504	0.821778244552099	0.054487792081557
MA0788.1	31504	0.815521275908201	0.0524078389795717
MA0789.1	31504	0.847765311911095	0.0585337821859868
MA0790.1	31504	0.78712320977087	0.0563033516822619
MA0791.1	31504	0.764884184426534	0.0544948955638716
MA0792.1	31504	0.867324447227623	0.0533379339554769
MA0793.1	31504	0.848456259001978	0.0530461473446968
MA0794.1	31504	0.785650872899451	0.0405785022802591
MA0600.2	31504	0.746148343364573	0.0475231851153965
MA0795.1	31504	0.792978677276066	0.0474710484131202
MA0796.1	31504	0.734924793277229	0.0510019585965679
MA0797.1	31504	0.765798388087485	0.0472480641302633
MA0510.2	31504	0.738588318225889	0.0479701249188883
MA0511.2	31504	0.860189165565263	0.0441916129828776
MA0800.1	31504	0.818950167883094	0.0421962758568555
MA0801.1	31504	0.885243859995386	0.0453698451791269
MA0802.1	31504	0.836134171762638	0.0448295780286299
MA0803.1	31504	0.865828888008029	0.0503272539896036
MA0804.1	31504	0.71642377905544	0.0379891561079698
MA0805.1	31504	0.866983653837687	0.0502596756537689
MA0806.1	31504	0.892410978556979	0.0434542974314033
MA0807.1	31504	0.899835713749007	0.0408998373061626
MA0808.1	31504	0.908542857924804	0.0480090571973991
MA0810.1	31504	0.879191619687875	0.0446204907532141
MA0811.1	31504	0.865784923700677	0.0436982648704791
MA0812.1	31504	0.861901140556948	0.050172436770005
MA0813.1	31504	0.824452878545564	0.0517022024095635
MA0524.2	31504	0.861970597607063	0.0434502126415922
MA0815.1	31504	0.815970014690223	0.0538111201561897
MA0816.1	31504	0.861444401225984	0.0472044336938656
MA0461.2	31504	0.862889912699704	0.0433027426125499
MA0464.2	31504	0.833087388628936	0.0555874730870997
MA0817.1	31504	0.808578838236932	0.0488228569954423
MA0820.1	31504	0.892270814399409	0.0435741111036232
MA0822.1	31504	0.743816196538362	0.0508277417144209
MA0823.1	31504	0.823784346765174	0.0559110382388945
MA0058.3	31504	0.853919533200517	0.0528121434170395
MA0825.1	31504	0.862356949887081	0.0505288600522206
MA0826.1	31504	0.820616396797726	0.048842403481071
MA0827.1	31504	0.85779006132232	0.0415280155616261
MA0832.1	31504	0.770400802779993	0.0459144909281738
MA0834.1	31504	0.758220816363858	0.0542198528292719
MA0838.1	31504	0.805003262746804	0.0438144289875257
MA0839.1	31504	0.755092674524236	0.0405601473517075
MA0840.1	31504	0.789689494974858	0.05496989056864
MA0117.2	31504	0.845646817078544	0.0404859947408533
MA0841.1	31504	0.793888941901905	0.0505840625615633
MA0843.1	31504	0.813331048999898	0.047563297641701
MA0844.1	31504	0.77502371138033	0.0398412920536394
MA0845.1	31504	0.853333055801755	0.052079313362814
MA0032.2	31504	0.88137217923513	0.0493878061259847
MA0846.1	31504	0.877366881865152	0.0506528909587682
MA0848.1	31504	0.918948879594708	0.0481899954928334
MA0849.1	31504	0.904995141687375	0.0524114440262822
MA0850.1	31504	0.946348259890474	0.0337638067078628
MA0851.1	31504	0.837074437474027	0.0498666852199268
MA0853.1	31504	0.783704005724779	0.046746216573661
MA0854.1	31504	0.788696224505825	0.0484020832567456
MA0855.1	31504	0.75220686702145	0.0447074438403289
MA0856.1	31504	0.762728352814808	0.0438706659528394
MA0857.1	31504	0.718619536421385	0.0447130156722832
MA0858.1	31504	0.732355999687026	0.0407634358559672
MA0859.1	31504	0.736355911161445	0.0444001979382679
MA0860.1	31504	0.722208102063626	0.0411439519700831
MA0525.2	31504	0.726515030672793	0.0366069797211693
MA0106.3	31504	0.734784811074796	0.0363376788833897
MA0861.1	31504	0.770473017676307	0.037973908881602
MA0862.1	31504	0.839097673292939	0.046143085871815
MA0863.1	31504	0.746819294916642	0.0384156168463228
MA0024.3	31504	0.780414274076904	0.0431754963488723
MA0866.1	31504	0.737182902902743	0.0470115914665093
MA0870.1	31504	0.738013404817816	0.0468442083219296
MA0872.1	31504	0.810650461771911	0.0550449444723781
MA0028.2	31504	0.823222989870342	0.0556046215566684
MA0873.1	31504	0.822048056041425	0.0427806922689103
MA0874.1	31504	0.776260342614955	0.0460676372152818
MA0875.1	31504	0.928355830154087	0.0471464966048624
MA0876.1	31504	0.933177692955741	0.043735417458222
MA0880.1	31504	0.918067803591035	0.0542004966969381
MA0881.1	31504	0.917377690291409	0.0523263235376685
MA0882.1	31504	0.917146497118483	0.0531268570843684
MA0883.1	31504	0.821092217020616	0.0396601892193325
MA0886.1	31504	0.872456431336755	0.051899269440707
MA0887.1	31504	0.892355700130881	0.0417825690620324
MA0888.1	31504	0.890696787349659	0.0426759500046986
MA0889.1	31504	0.861923646809515	0.0525699202635763
MA0890.1	31504	0.879406453571212	0.0559815375544314
MA0891.1	31504	0.887555708180278	0.0436266946807349
MA0892.1	31504	0.906830111457527	0.0403556378083461
MA0894.1	31504	0.876625541188144	0.0567106414931424
MA0895.1	31504	0.874079274860568	0.0419673729724421
MA0896.1	31504	0.795307487371167	0.0401103908024558
MA0897.1	31504	0.778792935411213	0.0425868455580661
MA0898.1	31504	0.776800777992901	0.0426406115918351
MA0899.1	31504	0.875687502172942	0.0483891328875479
MA0903.1	31504	0.917264045455898	0.0453612235146854
MA0905.1	31504	0.873040583828106	0.0454078600136987
MA0906.1	31504	0.816082357134177	0.0433003238854617
MA0907.1	31504	0.820369474753806	0.0459118342695171
MA0908.1	31504	0.857116689929263	0.0445551525367345
MA0911.1	31504	0.8360604812586	0.0403996887778421
MA0914.1	31504	0.903687943300466	0.0415467000543703
MA0852.2	31504	0.837668336369654	0.0445919113598485
MA0036.3	31504	0.868741741343108	0.0519134919371032
MA1106.1	31504	0.851702565952936	0.0553615550875273
MA0147.3	31504	0.828790303850421	0.0524704906792645
MA0100.3	31504	0.898880219100563	0.0601327214452978
MA0104.4	31504	0.807125582381309	0.0531362601294069
MA1109.1	31504	0.855585375545342	0.0450783915022505
MA0161.2	31504	0.869153542734163	0.0502584106715045
MA0060.3	31504	0.850885724554686	0.0549468884001308
MA1111.1	31504	0.865255887848456	0.0499791043347537
MA0014.3	31504	0.824594749128815	0.0447370418736178
MA1114.1	31504	0.784914866715062	0.0452449755425385
MA1115.1	31504	0.862632658791045	0.0554166559113315
MA1116.1	31504	0.924731394875214	0.0578098950710971
MA1117.1	31504	0.848825923515173	0.0459077509098103
MA1118.1	31504	0.82731326421729	0.0438059405376783
MA1119.1	31504	0.773888366833816	0.0408131026166838
MA0442.2	31504	0.897879694073521	0.0535179204159781
MA1120.1	31504	0.874471290415872	0.0524883893146208
MA1121.1	31504	0.836011796144449	0.0462382478255254
MA1122.1	31504	0.854141586834962	0.0587313862596209
MA0750.2	31504	0.841332526251655	0.052109861992218
MA0103.3	31504	0.896199914541883	0.0552973037296481
MA1124.1	31504	0.754273004600161	0.053301392407932
MA1125.1	31504	0.887779403487961	0.0827810776954843
MA1154.1	31504	0.76246569850287	0.0360152084818179
MA1155.1	31504	0.768430467484932	0.0429164240988643
MA0099.3	31504	0.848387371837687	0.0478494853460388
MA1126.1	31504	0.777578891083587	0.0438896278212985
MA1127.1	31504	0.785690293298436	0.0528801283787411
MA1128.1	31504	0.836905945842089	0.0476194779537818
MA1129.1	31504	0.79546676443604	0.0525926376060257
MA1130.1	31504	0.843394608701989	0.0478337705618186
MA1131.1	31504	0.809004601281864	0.0517063154016507
MA1132.1	31504	0.851233376022171	0.0439658079357613
MA1133.1	31504	0.799470007510909	0.049597687927776
MA1134.1	31504	0.828861696557031	0.0491083362462734
MA1135.1	31504	0.844146319547237	0.0500532101391424
MA1136.1	31504	0.809278518946179	0.0512968075654573
MA1137.1	31504	0.83439229796112	0.0454710322601887
MA1138.1	31504	0.840877923420624	0.0514717242024377
MA1139.1	31504	0.781965925986635	0.0547494725951126
MA1141.1	31504	0.827860940627338	0.0479653116681183
MA1142.1	31504	0.869361507632455	0.0432615364165536
MA1143.1	31504	0.838857174054235	0.0454874042005587
MA1144.1	31504	0.839900386196841	0.050088572122096
MA1145.1	31504	0.786575775522303	0.0505754416232759
MA1146.1	31504	0.779006686865483	0.0352331333422059
MA1147.1	31504	0.792058063113834	0.0348023762213364
MA1148.1	31504	0.784262138634611	0.0340729399212357
MA1149.1	31504	0.808132016329882	0.0353280579894031
MA1150.1	31504	0.861844771073241	0.0402406789206807
MA1151.1	31504	0.864780191675325	0.0382237447709302
MA1152.1	31504	0.915514193691292	0.041703017145438
MA1153.1	31504	0.897397915204832	0.0562842976276048
MA1418.1	31504	0.735722759586776	0.0398208691989255
MA1419.1	31504	0.731327096450979	0.0410452497700228
MA1420.1	31504	0.772707354116199	0.0369793880937063
MA1421.1	31504	0.809086155081191	0.0425097429908938
MA1463.1	31504	0.835627058539441	0.0625956355151518
MA1464.1	31504	0.827453672612452	0.0564457630046412
MA1466.1	31504	0.75352121915008	0.0417893961726414
MA1468.1	31504	0.8811612323915	0.0374423244515632
MA1101.2	31504	0.74453412005645	0.043216633122021
MA1470.1	31504	0.725521131750547	0.0373314502437164
MA1471.1	31504	0.866576614985009	0.0494226788225143
MA1473.1	31504	0.841024249452875	0.0495455615280634
MA1474.1	31504	0.808381916640133	0.0425678688516561
MA1475.1	31504	0.798047879143346	0.0503015246129516
MA1478.1	31504	0.84795565382623	0.0413508759217488
MA1479.1	31504	0.820567853120438	0.044030346448195
MA1480.1	31504	0.841592398961187	0.0453386842691273
MA1481.1	31504	0.910571909989926	0.0555968622242274
MA1484.1	31504	0.866875306571162	0.0471829983917355
MA1485.1	31504	0.786602038614657	0.042633886140843
MA1489.1	31504	0.823855700863382	0.0715649074701568
MA1493.1	31504	0.82223682029498	0.0419383723310794
MA1494.1	31504	0.758608622598869	0.0418891590375203
MA1495.1	31504	0.912327615934745	0.0430705048083177
MA1496.1	31504	0.931610583900703	0.0387923545268663
MA1497.1	31504	0.886036529978758	0.0398531324957256
MA1499.1	31504	0.91077121476796	0.0595252337559989
MA1500.1	31504	0.926455609730924	0.0397917442479767
MA1501.1	31504	0.872427249836523	0.0419260214657598
MA1502.1	31504	0.914978105986242	0.0485628727919652
MA1503.1	31504	0.832161565360079	0.0469255576722396
MA1504.1	31504	0.935023006629952	0.0528914507780786
MA1505.1	31504	0.914035004741186	0.0406852146924874
MA1506.1	31504	0.814171499219043	0.0444578102532804
MA1507.1	31504	0.929230000105923	0.0571020257871212
MA1508.1	31504	0.865145491942207	0.0452112436367292
MA1509.1	31504	0.819704286015192	0.0424313823300858
MA1512.1	31504	0.879808116239513	0.0543798544903658
MA1513.1	31504	0.866209829567397	0.08924348741082
MA1514.1	31504	0.800740632832518	0.0459607904023732
MA1515.1	31504	0.907205789297635	0.0534044168922862
MA1516.1	31504	0.854799275840326	0.0571180934197085
MA1517.1	31504	0.89458044350695	0.0515558391695867
MA1519.1	31504	0.885101554966406	0.0624027797091879
MA1520.1	31504	0.775249983770968	0.0385580549586743
MA1521.1	31504	0.779750884309107	0.0389900493671583
MA1522.1	31504	0.891350830710169	0.0689559280649922
MA1523.1	31504	0.876989432486228	0.0402731564198672
MA1527.1	31504	0.763604706989841	0.0474946044058339
MA1528.1	31504	0.773271723477519	0.0463828965622142
MA1529.1	31504	0.746291697835465	0.0428088677407022
MA1530.1	31504	0.899739195406229	0.0477237430577445
MA1531.1	31504	0.792446959082037	0.0375150881100185
MA1533.1	31504	0.801694663189929	0.0323164776372957
MA1534.1	31504	0.886801367872403	0.0449937382234232
MA1535.1	31504	0.939230892734892	0.0492245206781445
MA1536.1	31504	0.968345210158259	0.0270071852057194
MA1537.1	31504	0.780056494781342	0.0419225349461487
MA1538.1	31504	0.758516934714837	0.0408668360815239
MA1539.1	31504	0.744676121692816	0.0419010030621841
MA1541.1	31504	0.782296720236279	0.0419893699679475
MA1542.1	31504	0.86161767712418	0.0436729007273492
MA1544.1	31504	0.781681754439423	0.0428923584629624
MA1545.1	31504	0.814776203746873	0.0416487837962759
MA1546.1	31504	0.772071080856547	0.0336482314445266
MA1548.1	31504	0.852744910041541	0.059688608313088
MA1549.1	31504	0.87705743639501	0.0472986220647737
MA1550.1	31504	0.782160857367171	0.040359779140937
MA1552.1	31504	0.773950600200741	0.0377769050614872
MA1553.1	31504	0.764611052447948	0.0386145891593642
MA1554.1	31504	0.903995345276927	0.0334148869011996
MA1555.1	31504	0.782111184056272	0.0390920651858066
MA1556.1	31504	0.777392514902633	0.0406521059484248
MA1557.1	31504	0.812754677924778	0.0438185405408106
MA1558.1	31504	0.902317183002242	0.0486068900413327
MA1559.1	31504	0.863459477023955	0.0474961051350142
MA1560.1	31504	0.824077450432131	0.0537640573320029
MA1561.1	31504	0.803593267631057	0.0415673094703836
MA1562.1	31504	0.816832220042658	0.0448361420340886
MA1564.1	31504	0.877752563228419	0.0587329882792416
MA1565.1	31504	0.83987810274551	0.0407579212840323
MA1568.1	31504	0.839637666360402	0.0379768179951026
MA1569.1	31504	0.881431437757933	0.0575104974594645
MA1570.1	31504	0.89630925225825	0.0405332257006574
MA1571.1	31504	0.778957445128194	0.0442287649689635
MA1572.1	31504	0.786798511165076	0.043667906791334
MA1574.1	31504	0.820363791407046	0.036349597364061
MA1575.1	31504	0.756745615986256	0.0390303186957331
MA1576.1	31504	0.762160654905731	0.0345872901539128
MA1577.1	31504	0.902685398962759	0.0667128899888775
MA1578.1	31504	0.89072110781855	0.0604053194119266
MA1579.1	31504	0.867213279115758	0.0490256007792097
MA1580.1	31504	0.830332123997111	0.0513050292163692
MA1581.1	31504	0.842854737079912	0.0458473834379401
MA1583.1	31504	0.830047107452899	0.0500227089850005
MA1584.1	31504	0.77968854176573	0.0441332790972703
MA1585.1	31504	0.826142421128606	0.0487126372704048
MA1587.1	31504	0.796731115292138	0.0435715288967842
MA1588.1	31504	0.763147901155971	0.0393255670743837
MA1589.1	31504	0.704817711021405	0.0341233392092443
MA1592.1	31504	0.805738158913089	0.0364237126619031
MA1593.1	31504	0.833844719227697	0.0453198683038302
MA1594.1	31504	0.704920532922205	0.0296783044575583
MA1596.1	31504	0.785642429061178	0.0655823160160777
MA1597.1	31504	0.730149943997413	0.0390694542630753
MA1599.1	31504	0.777028658473587	0.0485190130125659
MA1600.1	31504	0.746683971086922	0.0347646845665462
MA1602.1	31504	0.817215197937747	0.0449594714684391
MA1603.1	31504	0.807596662595707	0.0463755310285722
MA1604.1	31504	0.82185411579728	0.0504011725022541
MA1606.1	31504	0.872246185372324	0.0549453393370328
MA1607.1	31504	0.83155945670047	0.0508836449064528
MA1608.1	31504	0.862199468134476	0.0501533386515168
MA1615.1	31504	0.836348755087737	0.0533732395717032
MA1616.1	31504	0.803167259329394	0.0414154257015279
MA1618.1	31504	0.85782610045907	0.0486355460933357
MA1619.1	31504	0.856367408937084	0.0528306600134225
MA1620.1	31504	0.86451031046253	0.0480244123032102
MA1621.1	31504	0.859743904482089	0.0470608981710703
MA1623.1	31504	0.840831320109503	0.0499715436479222
MA1624.1	31504	0.846973763143369	0.0487698864342398
MA1625.1	31504	0.83340242067992	0.0518941745404722
MA1627.1	31504	0.84383318072552	0.0569740960961298
MA1628.1	31504	0.886857700025874	0.051063044527905
MA1629.1	31504	0.82467708666237	0.0469332292021189
MA1100.2	31504	0.894432556889983	0.0426439485340194
MA0605.2	31504	0.768023911856008	0.0583284317598962
MA0462.2	31504	0.836984234886755	0.0521061352733065
MA0463.2	31504	0.77503860804799	0.039540666310639
MA0864.2	31504	0.766307686292817	0.0397360536010594
MA0469.3	31504	0.717890069688556	0.0385829369241795
MA0470.2	31504	0.760241709391951	0.0416075448496608
MA0612.2	31504	0.887193901681678	0.0567779247292532
MA0766.2	31504	0.887089024450313	0.049192722712087
MA0038.2	31504	0.829081343692423	0.043121433955475
MA0893.2	31504	0.931740988767947	0.0409931581902441
MA1099.2	31504	0.864542917089876	0.0580990289279905
MA0616.2	31504	0.82264087290145	0.0578401006041993
MA0900.2	31504	0.889293759656382	0.0612143742921963
MA0158.2	31504	0.907451618651644	0.0473946830364628
MA0594.2	31504	0.889828527175929	0.0372871348434236
MA0902.2	31504	0.92075856645839	0.047268687496362
MA0904.2	31504	0.899296026340747	0.0498028677914999
MA0485.2	31504	0.823454818626744	0.0482318428886242
MA0912.2	31504	0.868039892589693	0.0540776972514356
MA0910.2	31504	0.909321483001237	0.0479448162793758
MA0913.2	31504	0.86630399559797	0.0510656943686043
MA1140.2	31504	0.74665818956737	0.0546045248201507
MA0701.2	31504	0.882231663990725	0.0575627909755752
MA0702.2	31504	0.862373031636178	0.0662423561150374
MA0703.2	31504	0.817415431093502	0.0680490619737715
MA0623.2	31504	0.834798929122521	0.0476622573806344
MA0842.2	31504	0.811974520250163	0.0418929835198506
MA0682.2	31504	0.893599400511055	0.0610288752534058
MA0075.3	31504	0.872421817799544	0.0657732298449572
MA0867.2	31504	0.90736758080935	0.0437559660052097
MA0868.2	31504	0.874209586748233	0.0436511841992282
MA0746.2	31504	0.864619567975329	0.0590138647506664
MA0632.2	31504	0.845495324916748	0.0601933079599897
MA0871.2	31504	0.81914380804066	0.0557309582990966
MA0753.2	31504	0.827507805813857	0.0668396243071651
MA0122.3	31504	0.823986113532732	0.0481062151977783
MA1707.1	31504	0.841565160444117	0.0439094143716299
MA1708.1	31504	0.878305833594661	0.0407345690907596
MA1709.1	31504	0.815343571825506	0.044377817314937
MA1710.1	31504	0.896259930507997	0.0423188142324063
MA1711.1	31504	0.756230164680474	0.0410912847943415
MA1712.1	31504	0.797209108568431	0.0456225778901046
MA1713.1	31504	0.802807794658187	0.0666226826932481
MA1714.1	31504	0.763746183785513	0.0323720039172147
MA1715.1	31504	0.749972137886331	0.0405495495858534
MA1716.1	31504	0.755679473296177	0.0397001513604336
MA1717.1	31504	0.819024310170715	0.0428265505013848
MA1718.1	31504	0.695283852880676	0.039753928498637
MA1719.1	31504	0.759176426736167	0.0411666628195562
MA1720.1	31504	0.781347231374999	0.0406358587294736
MA1721.1	31504	0.775565603248005	0.0646105716003718
MA1722.1	31504	0.724436828749642	0.0343407503037529
MA1723.1	31504	0.822525805344097	0.04472755819752
MA1724.1	31504	0.821824138044399	0.0492772005019253
MA1631.1	31504	0.857485952652868	0.0500507575266847
MA1632.1	31504	0.817402190928991	0.0536760975094292
MA1634.1	31504	0.838770316301491	0.0522513628489078
MA1635.1	31504	0.880424786197006	0.0649840816370873
MA1636.1	31504	0.797750531177671	0.0441600366603984
MA1637.1	31504	0.821196144056738	0.0517404515769986
MA1638.1	31504	0.900895012953299	0.0608627766705938
MA1639.1	31504	0.831631088148169	0.0491267026940227
MA1640.1	31504	0.807035011150402	0.050244355907636
MA1641.1	31504	0.848160277744915	0.052329592157543
MA1642.1	31504	0.866988403256456	0.047208864820067
MA1643.1	31504	0.728645637082964	0.0430264651419471
MA1644.1	31504	0.851871995265698	0.0549037303950785
MA1645.1	31504	0.845046065594042	0.0436884267449132
MA1646.1	31504	0.872736320894442	0.0469559727727172
MA1648.1	31504	0.888969097261966	0.0515803601546142
MA1649.1	31504	0.880703936601995	0.0525831557994454
MA1650.1	31504	0.8220133284077	0.0658772983702868
MA1651.1	31504	0.758757085250012	0.0465179590949945
MA1652.1	31504	0.842921536644316	0.046033474224411
MA1653.1	31504	0.864327589967113	0.0715532412909746
MA1654.1	31504	0.717538814079904	0.0319745693913054
MA1655.1	31504	0.849397680199547	0.0461551032197801
MA1656.1	31504	0.818257029279223	0.04520623746197
MA1657.1	31504	0.814308245337527	0.0507292457582904
MA1683.1	31504	0.870483468661603	0.0525548930859068
MA1725.1	31504	0.833944162309734	0.0436070271798634
MA1726.1	31504	0.809771461527712	0.0475340401826891
MA1727.1	31504	0.803681497331215	0.0495290549113491
MA1728.1	31504	0.853727838984794	0.0489347101431657
MA1729.1	31504	0.793704075560165	0.0394148360015929
MA1730.1	31504	0.806125566861008	0.0416317005149981
MA1731.1	31504	0.82038715124327	0.0394992605971394
MA0833.2	31504	0.799611231743113	0.0462652747074546
MA0835.2	31504	0.836460967193866	0.0508023161247374
MA0465.2	31504	0.839309049475621	0.0518026298193459
MA0102.4	31504	0.80316215837892	0.0454842952725924
MA0836.2	31504	0.818049715939705	0.046718757974046
MA0018.4	31504	0.829298263328412	0.0581136604104182
MA1102.2	31504	0.844414331421743	0.05955894581184
MA0471.2	31504	0.860045569911667	0.0504143565399017
MA0154.4	31504	0.800075114708614	0.0476650758197205
MA0162.4	31504	0.824655615787625	0.0608880453239712
MA0598.3	31504	0.830585824239317	0.0448077140577631
MA0473.3	31504	0.832275453925982	0.0465586976521429
MA0640.2	31504	0.845608911211386	0.0444104769701909
MA0592.3	31504	0.817526867732595	0.0519989598872529
MA0761.2	31504	0.841943942357815	0.0457112925962257
MA0477.2	31504	0.825112856616518	0.0526864531655033
MA0148.4	31504	0.840892345838487	0.0512098474455056
MA0047.3	31504	0.867755429266213	0.0525950956149044
MA1103.2	31504	0.86840498049626	0.0525808945319752
MA0481.3	31504	0.874251864763276	0.0525928072162361
MA0062.3	31504	0.832888757538563	0.045863456085195
MA0035.4	31504	0.856303495553169	0.0469111597144827
MA0482.2	31504	0.845788211080386	0.0457737968956087
MA1104.2	31504	0.828380541838127	0.0477893942362005
MA1105.2	31504	0.826116066405116	0.0472088837054004
MA0043.3	31504	0.818403230649477	0.0493498969659622
MA0114.4	31504	0.818202482363642	0.0474259195238367
MA0484.2	31504	0.821979136929007	0.046903660718073
MA0901.2	31504	0.827784141853973	0.054868629870624
MA0490.2	31504	0.813323064746291	0.0534739128108527
MA0491.2	31504	0.81531217531498	0.0532860902077864
MA0039.4	31504	0.896580038910173	0.0627031218617266
MA1107.2	31504	0.819979733909572	0.0536954659801157
MA0700.2	31504	0.855376524134971	0.0559636327688694
MA0495.3	31504	0.783171646019767	0.043099467568256
MA0496.3	31504	0.777115468239397	0.0469040392302071
MA0052.4	31504	0.819494736669119	0.0511611430639563
MA0620.3	31504	0.783071269380918	0.0482312082985939
MA1108.2	31504	0.909279318288233	0.0616969452166203
MA0499.2	31504	0.849451513489715	0.0451943379005771
MA0500.2	31504	0.852280648328371	0.0579365176278986
MA0056.2	31504	0.846114614333587	0.046113226349147
MA0089.2	31504	0.773940310500123	0.0441611370582216
MA0025.2	31504	0.821134462986119	0.0520085826539543
MA0502.2	31504	0.826125492318796	0.0509996194572238
MA0063.2	31504	0.876214487178919	0.0454275305778804
MA1112.2	31504	0.86293197948505	0.0483810391597401
MA0679.2	31504	0.782645962471301	0.0602874950698533
MA0712.2	31504	0.867346868340677	0.0527964959541691
MA1113.2	31504	0.820886162546129	0.0531623128956375
MA0681.2	31504	0.772213736336395	0.0621461610005743
MA0782.2	31504	0.804292781447766	0.0481819929194182
MA0627.2	31504	0.822636286325933	0.0560242915088992
MA0508.3	31504	0.888292055952229	0.0518532324756893
MA0684.2	31504	0.864848946460384	0.0477848808498554
MA0743.2	31504	0.79197917804408	0.0417693782262325
MA0744.2	31504	0.794166461320633	0.0418160055057929
MA0745.2	31504	0.841937271223538	0.0478315312537139
MA0143.4	31504	0.869156225954868	0.0487403185361497
MA0081.2	31504	0.804089211611363	0.0415326252713758
MA0829.2	31504	0.796044756153746	0.0461984394310427
MA0522.3	31504	0.889722904621369	0.0510981900533425
MA0830.2	31504	0.854908387463813	0.049807267985043
MA0769.2	31504	0.876302428210329	0.0511145939332607
MA0090.3	31504	0.829283009542247	0.0472953661447634
MA0809.2	31504	0.849145960395126	0.0472787849394757
MA0003.4	31504	0.831361895250319	0.0520701836418287
MA0814.2	31504	0.832187419099647	0.0529806004044506
MA1123.2	31504	0.853958987071541	0.046378897228556
MA0093.3	31504	0.803742931422608	0.0483573789713752
MA0748.2	31504	0.831630521160023	0.0543480183433018
MA0528.2	31504	0.870202321838006	0.0573007715168399
MA0609.2	31504	0.753505569048262	0.0548705328460846
MA1684.1	31504	0.976136444695786	0.0402908167371087
MA1928.1	31504	0.845845626318083	0.0520295050487542
MA1929.1	31504	0.699473336948862	0.0380881673280661
MA1930.1	31504	0.690660272290506	0.0353791195209453
MA1931.1	31504	0.757174106714681	0.0408080324343296
MA1932.1	31504	0.74985407812213	0.0365682567656765
MA1933.1	31504	0.757012050186581	0.0400078742868902
MA1934.1	31504	0.797307889036448	0.0403285083542543
MA1935.1	31504	0.847866415868715	0.0344531885748935
MA1936.1	31504	0.858292291029852	0.0331114559514695
MA1937.1	31504	0.818003460241238	0.0349559435291202
MA1938.1	31504	0.771022456563431	0.0361068890309633
MA1939.1	31504	0.753819877183265	0.0344901765917791
MA1940.1	31504	0.790707264955268	0.0386127386001365
MA1941.1	31504	0.781112347372025	0.0396972793802469
MA1942.1	31504	0.816893598026664	0.0382040327436029
MA1943.1	31504	0.792969694036042	0.0361409480646967
MA1944.1	31504	0.801886484950739	0.036355485901403
MA1945.1	31504	0.792863147135046	0.0416254168515435
MA1946.1	31504	0.833087559335859	0.0356013328093884
MA1947.1	31504	0.853756818902256	0.0356159507732233
MA1948.1	31504	0.80501974715783	0.0351648562833946
MA1949.1	31504	0.773368087251401	0.0355318293625201
MA1950.1	31504	0.82398512285214	0.0413428601846282
MA1951.1	31504	0.748216980183138	0.0505090030239896
MA1952.1	31504	0.837538195940705	0.0376314248846935
MA1953.1	31504	0.828587167468122	0.0387723573677023
MA1954.1	31504	0.823614428262465	0.0416257892593808
MA1955.1	31504	0.817971389051281	0.0408469934257576
MA1956.1	31504	0.807381443587627	0.039046665235662
MA1957.1	31504	0.769326934461023	0.0395020997985767
MA1958.1	31504	0.749154856667008	0.0371083061396128
MA1959.1	31504	0.92500145093717	0.0657569301964803
MA1960.1	31504	0.819858469169576	0.0422627838271923
MA1961.1	31504	0.893378862525617	0.070749983712116
MA1962.1	31504	0.770016544813586	0.0427328473126648
MA1963.1	31504	0.82720802508365	0.0583706237730764
MA1964.1	31504	0.903956809341767	0.0570597729039534
MA1965.1	31504	0.927585264482045	0.0619413491404747
MA1966.1	31504	0.800154882910156	0.0400074363678198
MA1967.1	31504	0.747738985093589	0.0418324665864667
MA1968.1	31504	0.836696635627987	0.0413422540232934
MA1969.1	31504	0.735968294807649	0.0332179166491128
MA1970.1	31504	0.83996298407035	0.0502349335924401
MA1971.1	31504	0.832808333183512	0.0397188102145802
MA1972.1	31504	0.843267548306448	0.038670496092316
MA1973.1	31504	0.760187952581813	0.0446383321893777
MA1974.1	31504	0.776171892131298	0.0507637274085587
MA1975.1	31504	0.799406753038975	0.035142360442487
MA1976.1	31504	0.759181235340746	0.0389952495629853
MA1977.1	31504	0.782069082058113	0.0335330036812787
MA1978.1	31504	0.782715084383416	0.0420338159769617
MA1979.1	31504	0.83485075356027	0.0446698355549978
MA1980.1	31504	0.802753138943203	0.0351871511402127
MA1981.1	31504	0.808800620054328	0.0474778319499927
MA1982.1	31504	0.805391639089507	0.0414906192226392
MA1983.1	31504	0.691299948437139	0.034061004066345
MA1984.1	31504	0.830606807455	0.0383099330983716
MA1985.1	31504	0.76260769016379	0.0415359823069226
MA1986.1	31504	0.867271638136823	0.059740122937805
MA1987.1	31504	0.80353918301742	0.0376107251187958
MA1988.1	31504	0.861462746653614	0.0519626205750725
MA1989.1	31504	0.825264304191283	0.0487070305892135
MA1990.1	31504	0.812725023026123	0.0439077636422687
MA1991.1	31504	0.838472914824714	0.0412422495523611
MA1992.1	31504	0.830584627572956	0.0436305036056487
MA1993.1	31504	0.89233095990859	0.0621601463667841
MA1994.1	31504	0.843848879446445	0.0461758542135939
MA1995.1	31504	0.840729344379388	0.0479637462144383
MA1996.1	31504	0.895334573717139	0.0603382889008407
MA1997.1	31504	0.893017465784395	0.0642979886014049
MA1998.1	31504	0.826661447527517	0.0442135271237526
MA1999.1	31504	0.790569704707137	0.0408604792138966
MA2001.1	31504	0.853068456530104	0.0473256609204235
MA2002.1	31504	0.899286977490726	0.0434618158797098
MA2003.1	31504	0.904946869026474	0.0349161136495906
MA0037.4	31504	0.851377689721814	0.0481144490896577
MA0041.2	31504	0.830497207481242	0.0533823279560886
MA0050.3	31504	0.803199723229959	0.0451737724167034
MA0067.2	31504	0.780529314311479	0.0321088931950095
MA0078.2	31504	0.824230469219309	0.0452350316727302
MA0079.5	31504	0.908345166409694	0.074612414359731
MA0080.6	31504	0.793137061321756	0.043201591470009
MA0087.2	31504	0.840883206362139	0.0423680983391974
MA0095.3	31504	0.8438250017537	0.0504877345108461
MA0136.3	31504	0.873642841955649	0.0442737536118243
MA0152.2	31504	0.827176398764919	0.0470149959989709
MA0156.3	31504	0.818202374093557	0.0515102436294389
MA0157.3	31504	0.872368550734819	0.0492386996447512
MA0160.2	31504	0.878901082569292	0.0428733683676602
MA0466.3	31504	0.758285001649543	0.0425026361957543
MA0467.2	31504	0.881923822557109	0.0646649132868679
MA0474.3	31504	0.842625883660246	0.0441333903127986
MA0480.2	31504	0.880237358728185	0.0485291072198614
MA0489.2	31504	0.845780291556451	0.0532084740496486
MA0493.2	31504	0.93916974574774	0.0624992405312702
MA0505.2	31504	0.818165705332519	0.0554052745328279
MA0506.2	31504	0.782111899707065	0.0706828267740964
MA0507.2	31504	0.774382285030602	0.0553410474822678
MA0509.3	31504	0.726718607315115	0.0485026144243001
MA0514.2	31504	0.879830890838697	0.0497581345482402
MA0516.3	31504	0.914847428579297	0.0663694798263429
MA0521.2	31504	0.870092062231993	0.0589382783357947
MA0526.4	31504	0.776043259230775	0.0539768118831522
MA0606.2	31504	0.85293682402662	0.0462582638942483
MA0607.2	31504	0.81288029431766	0.0478131811039135
MA0611.2	31504	0.772688893668231	0.0495041027987599
MA0624.2	31504	0.87544375911764	0.0504513780495491
MA0625.2	31504	0.940399888082332	0.0331284817391419
MA0633.2	31504	0.895282320537292	0.0674440433946464
MA0642.2	31504	0.911131490483868	0.0480236845724152
MA0644.2	31504	0.8991438849607	0.0554125427582142
MA0650.3	31504	0.857173476899428	0.0504528615078363
MA0651.2	31504	0.775586550509117	0.0441036187381023
MA0659.3	31504	0.76853694468267	0.0485603442732259
MA0666.2	31504	0.898019784627955	0.0568883291526201
MA0668.2	31504	0.841443096878542	0.0436038191728916
MA0680.2	31504	0.772730392622825	0.0600190709089725
MA0685.2	31504	0.920973020647164	0.067353539246078
MA0690.2	31504	0.817143871178515	0.0428103566299366
MA0693.3	31504	0.888722644451012	0.0553273771227398
MA0697.2	31504	0.836250823858324	0.0501678707269796
MA0707.2	31504	0.929742896207274	0.0509283274136278
MA0708.2	31504	0.902703257766226	0.0541119186933842
MA0723.2	31504	0.939293271415508	0.0363457518839477
MA0734.3	31504	0.826681565245651	0.0442642092423903
MA0740.2	31504	0.92330635648777	0.0626066132286145
MA0742.2	31504	0.902246146552437	0.0728296175222207
MA0754.2	31504	0.806023248527617	0.049191466885321
MA0756.2	31504	0.828424327747241	0.0473080721212702
MA0759.2	31504	0.821804433586375	0.0562567730524445
MA0764.3	31504	0.84865181601316	0.0514325898751916
MA0765.3	31504	0.823750138132173	0.0549735234987244
MA0768.2	31504	0.824474218227251	0.0453205091442835
MA0784.2	31504	0.757882695093908	0.0517027380724842
MA0798.3	31504	0.727698898614729	0.04730322163511
MA0799.2	31504	0.732293112359648	0.0460386738598342
MA0818.2	31504	0.829809255830821	0.0477306270609137
MA0819.2	31504	0.871228843948796	0.0456681303511422
MA0821.2	31504	0.833918015566495	0.0494257366611833
MA0828.2	31504	0.753227903254026	0.0494200193860257
MA0831.3	31504	0.787496846930811	0.0548722684592541
MA0837.2	31504	0.762604305038776	0.0421074960432579
MA0847.3	31504	0.859619684815957	0.0476977285312844
MA0865.2	31504	0.810773036770587	0.0424556594966381
MA0869.2	31504	0.86884921782725	0.042560217550216
MA0877.3	31504	0.869423745176511	0.0461395281308478
MA0878.3	31504	0.846236201664036	0.0489103001217503
MA0879.2	31504	0.927153158425838	0.0446292049732726
MA0884.2	31504	0.806994704004839	0.0497996377206349
MA0885.2	31504	0.832118037683564	0.0488697602847788
MA0909.3	31504	0.869865904513432	0.06134028326017
MA1110.2	31504	0.91321234529514	0.0590177833939365
MA1467.2	31504	0.876108247996603	0.0497406138153983
MA1472.2	31504	0.852285852681349	0.0498561677573659
MA1476.2	31504	0.834261153038728	0.0494385515179771
MA1483.2	31504	0.835786573498767	0.043388920583963
MA1487.2	31504	0.844357590415674	0.0474865886802434
MA1491.2	31504	0.744770016797413	0.0391928707504429
MA1498.2	31504	0.925808820922445	0.0421310565343859
MA1511.2	31504	0.913628986458195	0.0677664194607248
MA1518.2	31504	0.756678732990606	0.0449554283125722
MA1524.2	31504	0.816624467532646	0.041814483686563
MA1525.2	31504	0.888940528012089	0.047513056244624
MA1532.2	31504	0.771830055253374	0.0375284398633097
MA1547.2	31504	0.885691700326355	0.0611576728379961
MA1563.2	31504	0.94158613171898	0.0392682146020144
MA1566.2	31504	0.835318703723231	0.0441965572788596
MA1567.2	31504	0.843536322745134	0.0437391932617072
MA1573.2	31504	0.76217842660276	0.0565345605334847
MA1601.2	31504	0.805740588180517	0.0409465310790381
MA1630.2	31504	0.879804329460411	0.0700001642814791
MA1633.2	31504	0.833708785107403	0.0522147405028395
MA1647.2	31504	0.791368908303958	0.0395742939727989
MA0597.2	31504	0.859295547446202	0.050749109983355
MA1540.2	31504	0.783425586471256	0.0607613855374574
