[SHORT TFBS MATRIX]
MA0004.1	82148	0.854230821720193	0.0654282399096786
MA0006.1	82148	0.903149528123736	0.0643149842667755
MA0019.1	82148	0.831600455896382	0.0446353428532622
MA0029.1	82148	0.760616677554872	0.0583844874058885
MA0030.1	82148	0.785098660325928	0.0604440939324418
MA0031.1	82148	0.844044914379246	0.0677609745074696
MA0040.1	82148	0.817853847068054	0.0678147251169226
MA0051.1	82148	0.755885333476512	0.046633784366249
MA0059.1	82148	0.795309453770898	0.0488923204010869
MA0066.1	82148	0.74190499820088	0.0337799716337868
MA0069.1	82148	0.770511032269767	0.0390621783650148
MA0070.1	82148	0.791343825689518	0.0530890390429832
MA0071.1	82148	0.829039626972976	0.0538730211525666
MA0072.1	82148	0.772144466505131	0.0529504056937083
MA0073.1	82148	0.790660187616664	0.048576214449778
MA0074.1	82148	0.756665975908177	0.0389639836535521
MA0077.1	82148	0.850635349346729	0.0528195996586536
MA0084.1	82148	0.885676502010817	0.0615536965974392
MA0091.1	82148	0.816760810295586	0.0474724888504361
MA0092.1	82148	0.881651647950426	0.0387105703265469
MA0101.1	82148	0.867199247485704	0.044256497476606
MA0107.1	82148	0.821806689102845	0.0538355062613885
MA0108.2	82148	0.825857586170369	0.0561016448175501
MA0111.1	82148	0.866793037435808	0.0323570336356448
MA0115.1	82148	0.676322888370154	0.0441782990202316
MA0116.1	82148	0.821873584112384	0.0447417578121346
MA0119.1	82148	0.738499483410201	0.0525228793175366
MA0125.1	82148	0.866037371917452	0.0646472823320466
MA0130.1	82148	0.960971678269273	0.0406386597414791
MA0135.1	82148	0.790474512935935	0.0744647417959472
MA0139.1	82148	0.771615586818329	0.0446261411335478
MA0142.1	82148	0.758922628289667	0.0560158507053929
MA0149.1	82148	0.682528925103674	0.056679366417873
MA0138.2	82148	0.68641730930262	0.0405442947998748
MA0002.2	82148	0.853488583222924	0.0437319855635709
MA0065.2	82148	0.809435618769736	0.0382763769072524
MA0151.1	82148	0.904593793125503	0.0874920528533674
MA0155.1	82148	0.850016943540498	0.0439897700594302
MA0159.1	82148	0.796092230840865	0.0349561286348037
MA0163.1	82148	0.791138520128599	0.0547952484385165
MA0164.1	82148	0.833853907469886	0.0691825474333802
MA0259.1	82148	0.880156671978551	0.0614975622595649
MA0145.2	82148	0.830755943286354	0.0422041107355929
MA0146.2	82148	0.844609001859322	0.0695329070901981
MA0468.1	82148	0.809985667097583	0.0622814976785734
MA0476.1	82148	0.825882828792363	0.0593464530460215
MA0478.1	82148	0.827222946055471	0.056055826245175
MA0479.1	82148	0.826795636892998	0.056963880672525
MA0483.1	82148	0.84228200881428	0.0508923925466665
MA0488.1	82148	0.800570937898599	0.0535430705959304
MA0492.1	82148	0.800858029014226	0.0522555772769578
MA0494.1	82148	0.797006390576363	0.0357391297851504
MA0497.1	82148	0.81675415221009	0.0670444918826934
MA0501.1	82148	0.750437610072414	0.0468581972840166
MA0504.1	82148	0.818676809159027	0.0389208557587465
MA0515.1	82148	0.868744053089546	0.0515519817603396
MA0517.1	82148	0.787057886362102	0.0543582301559694
MA0518.1	82148	0.832857587984242	0.0490726461990111
MA0519.1	82148	0.848174555996426	0.0502254379231662
MA0520.1	82148	0.813633224358507	0.0529535165513635
MA0523.1	82148	0.818162111182969	0.049349808456187
MA0527.1	82148	0.760104421649589	0.0538834620903938
MA0076.2	82148	0.840864009174116	0.0543772245321908
MA0258.2	82148	0.798827565143726	0.0412159092839193
MA0150.2	82148	0.749894704528191	0.0456997992982592
MA0137.3	82148	0.826497753346247	0.0539584411205348
MA0144.2	82148	0.858356952223425	0.0484808711575183
MA0140.2	82148	0.767511855897584	0.0491963966981055
MA0591.1	82148	0.766273683502278	0.0441008058839027
MA0593.1	82148	0.834486896823678	0.066361197017637
MA0595.1	82148	0.853157069838141	0.0485787058352182
MA0596.1	82148	0.836979295070679	0.0507534753689661
MA0599.1	82148	0.90902722161078	0.0662647925077335
MA0601.1	82148	0.810098180027033	0.0940990435535073
MA0602.1	82148	0.7974576230146	0.0764593370432091
MA0603.1	82148	0.813479683303462	0.0572430102604045
MA0604.1	82148	0.83420289796891	0.0528665397406574
MA0608.1	82148	0.825737481751088	0.053460155344972
MA0610.1	82148	0.797511489371989	0.0639635988434458
MA0613.1	82148	0.837483679544833	0.0774837380156634
MA0614.1	82148	0.863743613708753	0.0695184860378474
MA0615.1	82148	0.809005397088779	0.0439513716004048
MA0618.1	82148	0.854481388589533	0.0642849829468195
MA0619.1	82148	0.860794563240141	0.0837440393054933
MA0621.1	82148	0.7782384077796	0.0948699710819188
MA0622.1	82148	0.819336261178362	0.0712285456462373
MA0626.1	82148	0.839964885291721	0.055475142228215
MA0628.1	82148	0.785409118950329	0.0816194327022813
MA0629.1	82148	0.797940474722293	0.0428138078818427
MA0630.1	82148	0.868951577307226	0.0765932069946497
MA0631.1	82148	0.740128935495055	0.0505767557536495
MA0634.1	82148	0.842193540360936	0.0674091499543443
MA0007.3	82148	0.72502053972213	0.043385715727255
MA0635.1	82148	0.869165278030161	0.0532658652640125
MA0636.1	82148	0.772598309664337	0.0564519015093795
MA0638.1	82148	0.757013697172181	0.0441156060465335
MA0639.1	82148	0.789588149877616	0.0611541798495523
MA0641.1	82148	0.772501902171656	0.0507426463259414
MA0027.2	82148	0.873374706209932	0.0653645353849002
MA0643.1	82148	0.821113341381004	0.0511476151240251
MA0645.1	82148	0.841468619626964	0.0529031945608934
MA0475.2	82148	0.820914914193259	0.0513004236078253
MA0042.2	82148	0.858137853657044	0.0684684643403292
MA0033.2	82148	0.892261388653789	0.0676159622252774
MA0646.1	82148	0.801355942224199	0.0427064062851559
MA0647.1	82148	0.754319437251786	0.053759331394465
MA0648.1	82148	0.840518308953993	0.0580117498491189
MA0649.1	82148	0.807117821706538	0.0572083637379943
MA0131.2	82148	0.804505476056356	0.0598778526961912
MA0046.2	82148	0.745044680110821	0.07182012048186
MA0153.2	82148	0.734469584461424	0.070927800791946
MA0486.2	82148	0.741937119188053	0.0540215411093395
MA0652.1	82148	0.716192099234281	0.0474988581255613
MA0653.1	82148	0.691721788069107	0.049645589747023
MA0654.1	82148	0.852297045296728	0.0797141942779288
MA0655.1	82148	0.777980164540785	0.0627658049682082
MA0656.1	82148	0.739927412302337	0.0578790481141371
MA0657.1	82148	0.731443653123272	0.0430693314661853
MA0658.1	82148	0.815288118810667	0.0620265897944896
MA0660.1	82148	0.762348577184851	0.0771380211378322
MA0661.1	82148	0.84285772216568	0.0599690538204837
MA0662.1	82148	0.867141771216713	0.0664304936096679
MA0663.1	82148	0.773072932251932	0.0540434734114758
MA0664.1	82148	0.795534284464953	0.0543455674822533
MA0665.1	82148	0.809056338277256	0.0471675307772065
MA0667.1	82148	0.793300563432926	0.0518479825105657
MA0669.1	82148	0.799609428808771	0.0510164248866343
MA0670.1	82148	0.845311033219756	0.0642192106620868
MA0671.1	82148	0.928517991801058	0.0394612618006936
MA0048.2	82148	0.822127801339109	0.0566911584416289
MA0672.1	82148	0.865104271355361	0.0463719560224918
MA0673.1	82148	0.898162965290304	0.0405440624345619
MA0674.1	82148	0.872967165668065	0.0667926673090607
MA0675.1	82148	0.880292395066364	0.0711733581789775
MA0676.1	82148	0.841511930400872	0.0571467879934916
MA0677.1	82148	0.744643625273085	0.0433934016274035
MA0678.1	82148	0.802117013513009	0.0536754190999013
MA0068.2	82148	0.825287400083179	0.0690223859042131
MA0683.1	82148	0.697859961460135	0.0685791233674113
MA0512.2	82148	0.723105845818354	0.0452356531890507
MA0686.1	82148	0.796251164047677	0.0464696112447107
MA0687.1	82148	0.8051820735183	0.0445315266671701
MA0083.3	82148	0.688933934106692	0.0490156304987235
MA0009.2	82148	0.704939636400583	0.043010284473685
MA0688.1	82148	0.823187403324486	0.0450098200914929
MA0689.1	82148	0.803757412012056	0.0467392466186198
MA0691.1	82148	0.797734333527689	0.0562235419645252
MA0692.1	82148	0.821213789579086	0.0515709331945814
MA0694.1	82148	0.789155675927627	0.0500238387240761
MA0695.1	82148	0.816437610343969	0.0464584663895638
MA0696.1	82148	0.763880932252702	0.0512021080030469
MA0698.1	82148	0.798311397235505	0.0499042887832649
MA0699.1	82148	0.853602230225575	0.0598394585940812
MA0704.1	82148	0.861306614403426	0.0667471471481027
MA0705.1	82148	0.868085030697244	0.0626383818702926
MA0706.1	82148	0.850516701076232	0.0612933359298793
MA0709.1	82148	0.855380669288108	0.0768714390088821
MA0710.1	82148	0.858782981015367	0.0633570491448315
MA0124.2	82148	0.837276726186513	0.0527126094605457
MA0711.1	82148	0.865973787642371	0.060286102580871
MA0132.2	82148	0.873239221054354	0.0759462334203597
MA0713.1	82148	0.784903956441683	0.0762908058636349
MA0714.1	82148	0.859930839479546	0.0576341963252346
MA0715.1	82148	0.75816681134208	0.0857628845459098
MA0716.1	82148	0.861331329852481	0.0773876491284134
MA0717.1	82148	0.868264604627647	0.0699719339195062
MA0718.1	82148	0.848193168017559	0.0720989553484147
MA0719.1	82148	0.950156522379827	0.035670339363172
MA0720.1	82148	0.861909965895789	0.0763417750914171
MA0721.1	82148	0.86542999182771	0.0728573915704315
MA0722.1	82148	0.867854564738891	0.0652385381980314
MA0724.1	82148	0.830733239450925	0.0640806795272472
MA0725.1	82148	0.848961937120038	0.0780877636703929
MA0726.1	82148	0.8331806768026	0.0788594257094943
MA0112.3	82148	0.715208664967629	0.0454366741165713
MA0141.3	82148	0.776013201772684	0.0555255212289731
MA0017.2	82148	0.812907249755797	0.0546188919385515
MA0113.3	82148	0.727209280955586	0.0461921594035404
MA0727.1	82148	0.723164255797406	0.0462482730208584
MA0728.1	82148	0.719335390446853	0.0520532438546718
MA0729.1	82148	0.70071662461858	0.0450243040716422
MA0730.1	82148	0.710948311145356	0.0423701314167783
MA0731.1	82148	0.670499250973588	0.0448166251142294
MA0472.2	82148	0.794445196754883	0.056039182823511
MA0732.1	82148	0.763428210939155	0.0647522285731146
MA0733.1	82148	0.767274063297321	0.0530807492890818
MA0735.1	82148	0.694472976305953	0.045851696058404
MA0736.1	82148	0.778602975142414	0.0478923469117065
MA0737.1	82148	0.737831789915263	0.0422848556429357
MA0738.1	82148	0.903468441271203	0.0431466717722024
MA0739.1	82148	0.864547062469809	0.0443165408629657
MA0741.1	82148	0.851586626939121	0.0697688366661783
MA0747.1	82148	0.857789433394323	0.0545190876456571
MA0749.1	82148	0.701398970163426	0.042854563360469
MA0751.1	82148	0.797043809400107	0.0472119114183405
MA0088.2	82148	0.747965527154108	0.0415651439241229
MA0752.1	82148	0.685538700118936	0.0480053796020901
MA0755.1	82148	0.769841662505857	0.0681392921289563
MA0757.1	82148	0.738583719897255	0.0767086987999911
MA0758.1	82148	0.69045522254986	0.0483453783640339
MA0760.1	82148	0.823765397231696	0.0483809590373369
MA0098.3	82148	0.838755693270427	0.0496785226986924
MA0762.1	82148	0.800630197551643	0.047991111553717
MA0763.1	82148	0.8297221178375	0.0451042647798312
MA0767.1	82148	0.83074003621625	0.0434804080848123
MA0770.1	82148	0.756089094433349	0.0528522348021607
MA0771.1	82148	0.782809171209287	0.048022895017215
MA0772.1	82148	0.765779381477316	0.0557131367816871
MA0773.1	82148	0.773279280763079	0.0807283171668502
MA0498.2	82148	0.929546111398785	0.0532082221598584
MA0774.1	82148	0.86251671684212	0.0550740344436201
MA0775.1	82148	0.88995835571479	0.0504953964383465
MA0776.1	82148	0.742964223377047	0.0446829902886536
MA0777.1	82148	0.710869621607874	0.0420825257043043
MA0105.4	82148	0.718051771334967	0.058060143747011
MA0778.1	82148	0.750566009794961	0.058751861724861
MA0779.1	82148	0.74575146016015	0.0348893163632993
MA0780.1	82148	0.743420210625043	0.0805452849567381
MA0781.1	82148	0.720568287579365	0.0379836750140951
MA0783.1	82148	0.72793457582354	0.0524555372436845
MA0785.1	82148	0.793253017921593	0.0702056225430696
MA0786.1	82148	0.791083392495578	0.0751466413932127
MA0787.1	82148	0.780621094672901	0.0731082269404644
MA0788.1	82148	0.775979277352694	0.0738061132639747
MA0789.1	82148	0.801395584004403	0.0760747190298448
MA0790.1	82148	0.744040686019945	0.0788695638212631
MA0791.1	82148	0.723027800105429	0.0759652842950418
MA0792.1	82148	0.824869066203265	0.0711858682694414
MA0793.1	82148	0.81045382675633	0.0662673052876719
MA0794.1	82148	0.759133632005324	0.0439148039961222
MA0600.2	82148	0.717937811452397	0.0481865644981442
MA0795.1	82148	0.752829273704211	0.0501498983867569
MA0796.1	82148	0.701698699272168	0.05540207787732
MA0797.1	82148	0.735211912066651	0.050874015085912
MA0510.2	82148	0.710292649993126	0.0482263214470992
MA0511.2	82148	0.830439441687268	0.0483194872010747
MA0800.1	82148	0.790400033791899	0.0472001284513281
MA0801.1	82148	0.859649134517784	0.0531593482200412
MA0802.1	82148	0.806547580420413	0.0499213792600038
MA0803.1	82148	0.837780844497437	0.0573317020870993
MA0804.1	82148	0.688517449265195	0.0420554528392645
MA0805.1	82148	0.837079141805923	0.0584916727081779
MA0806.1	82148	0.865924378447068	0.05062809485613
MA0807.1	82148	0.874256785873442	0.0479090469118318
MA0808.1	82148	0.874765481707971	0.05441392193356
MA0810.1	82148	0.860680235898686	0.055038192968065
MA0811.1	82148	0.846278215107935	0.0528310619531764
MA0812.1	82148	0.843257890807341	0.0594724360449135
MA0813.1	82148	0.803048776778	0.0618125136821262
MA0524.2	82148	0.842525350986426	0.0525341808610273
MA0815.1	82148	0.795234178861737	0.0649259880048092
MA0816.1	82148	0.834449644504148	0.0529722542865631
MA0461.2	82148	0.830265998138896	0.0502845143944937
MA0464.2	82148	0.804685004678941	0.059805679614501
MA0817.1	82148	0.770716552686586	0.0579291595455713
MA0820.1	82148	0.865471228149756	0.0509105936254757
MA0822.1	82148	0.724376650222152	0.0587892971158621
MA0823.1	82148	0.795408307676776	0.063898816127088
MA0058.3	82148	0.819596186658689	0.0592383142158129
MA0825.1	82148	0.831712254391404	0.0567332548522687
MA0826.1	82148	0.783313721634376	0.057150059662702
MA0827.1	82148	0.826716999117344	0.0484921723391326
MA0832.1	82148	0.738720572781674	0.0492821893529571
MA0834.1	82148	0.729134527153732	0.0566481452808596
MA0838.1	82148	0.779641630802647	0.0511786273393264
MA0839.1	82148	0.734034674308857	0.043420462977854
MA0840.1	82148	0.75924632243097	0.0590371055364256
MA0117.2	82148	0.817692935978686	0.0473299995667447
MA0841.1	82148	0.761640701786103	0.0573510597606245
MA0843.1	82148	0.778961871895723	0.0602281326030889
MA0844.1	82148	0.75208807611474	0.0428782900588097
MA0845.1	82148	0.80983543106459	0.0714231222550908
MA0032.2	82148	0.838791395549474	0.0699359907237963
MA0846.1	82148	0.831760163608425	0.0703202785432764
MA0848.1	82148	0.878273133849009	0.064498617089451
MA0849.1	82148	0.862239199460685	0.0674076958860309
MA0850.1	82148	0.914646859686037	0.048431611284833
MA0851.1	82148	0.791759748260302	0.0668398863525484
MA0853.1	82148	0.747858718721195	0.058067997463309
MA0854.1	82148	0.75199342518689	0.0621583886583408
MA0855.1	82148	0.719827461430422	0.0454175514111031
MA0856.1	82148	0.730420844399451	0.0446681169096803
MA0857.1	82148	0.691290399931058	0.0505300577248919
MA0858.1	82148	0.703269527383927	0.0438946753563433
MA0859.1	82148	0.711320216913072	0.0519589868385431
MA0860.1	82148	0.697904381462453	0.0465262252588431
MA0525.2	82148	0.701315219712358	0.0412152931922837
MA0106.3	82148	0.710033678760052	0.0388101749775137
MA0861.1	82148	0.744446035469513	0.0405746317592299
MA0862.1	82148	0.810938524322625	0.0499966490689281
MA0863.1	82148	0.72581385682466	0.0404818078979849
MA0024.3	82148	0.762398211919223	0.0476340285590843
MA0866.1	82148	0.700852832217445	0.0577831754086634
MA0870.1	82148	0.70089804853592	0.0573402895892194
MA0872.1	82148	0.789623465730024	0.066450539021242
MA0028.2	82148	0.794291605093642	0.0571788644164552
MA0873.1	82148	0.789622245078906	0.0529651248592184
MA0874.1	82148	0.741112559972448	0.058455669222306
MA0875.1	82148	0.889729886772944	0.0672501724828017
MA0876.1	82148	0.894531776271139	0.0636257413729557
MA0880.1	82148	0.879763387898479	0.0704448066146278
MA0881.1	82148	0.880753039594764	0.0674508380058008
MA0882.1	82148	0.879312191083066	0.0693354771995578
MA0883.1	82148	0.790332389871052	0.0489680871737514
MA0886.1	82148	0.834126441668646	0.0673240003979044
MA0887.1	82148	0.862240892258542	0.0567831110193348
MA0888.1	82148	0.859129636518276	0.0572848086945419
MA0889.1	82148	0.825079141125003	0.0651629898397212
MA0890.1	82148	0.841379213733603	0.0707776467277846
MA0891.1	82148	0.856803434656661	0.0515484889292617
MA0892.1	82148	0.873229629303481	0.0547072378856968
MA0894.1	82148	0.837614530807997	0.0739575878606254
MA0895.1	82148	0.836861084852036	0.0513476351633287
MA0896.1	82148	0.764502605456136	0.0490879815849012
MA0897.1	82148	0.744333550878349	0.0545455082791135
MA0898.1	82148	0.742621541558728	0.0550100967685438
MA0899.1	82148	0.83472102561999	0.0693244166295893
MA0903.1	82148	0.880954450777424	0.0638721832908965
MA0905.1	82148	0.837736470999447	0.0623163615251855
MA0906.1	82148	0.782374726147593	0.0553585254143038
MA0907.1	82148	0.785980851287578	0.0581734234427365
MA0908.1	82148	0.821993081848718	0.0621508754341624
MA0911.1	82148	0.804990414970672	0.0530298063829837
MA0914.1	82148	0.872854097392191	0.0530324781466031
MA0852.2	82148	0.798693865087719	0.0570444405028641
MA0036.3	82148	0.827434284245576	0.0649684986494767
MA1106.1	82148	0.824802541553354	0.0595703620644719
MA0147.3	82148	0.799485390004472	0.0602890703466252
MA0100.3	82148	0.864558316328201	0.0556894765492213
MA0104.4	82148	0.780266265941746	0.0586113726820315
MA1109.1	82148	0.824119439976637	0.0496552818096734
MA0161.2	82148	0.835155772829292	0.0576643474476083
MA0060.3	82148	0.813320427250583	0.0594276849923374
MA1111.1	82148	0.828950590112494	0.0584818755575862
MA0014.3	82148	0.806143492523097	0.051933987075253
MA1114.1	82148	0.75583700394202	0.0495875930571838
MA1115.1	82148	0.821826753475835	0.0739333034605093
MA1116.1	82148	0.886168176307416	0.0625092953821913
MA1117.1	82148	0.820569475411395	0.0516921900320018
MA1118.1	82148	0.792080147383729	0.0509500960467494
MA1119.1	82148	0.742103147267102	0.0476458278011115
MA0442.2	82148	0.855687895185216	0.0624568386056042
MA1120.1	82148	0.836869911882135	0.0621403146963505
MA1121.1	82148	0.805183088886415	0.0524757613748005
MA1122.1	82148	0.830436545135824	0.0692875546140573
MA0750.2	82148	0.815723219976774	0.058797980405519
MA0103.3	82148	0.871455269647843	0.0616621915783849
MA1124.1	82148	0.715717318096736	0.0632841806530321
MA1125.1	82148	0.824087188629401	0.115998298064687
MA1154.1	82148	0.738011111261945	0.0395528357806811
MA1155.1	82148	0.732091138284945	0.045098608826223
MA0099.3	82148	0.816789186998576	0.0554698357900482
MA1126.1	82148	0.751693794093972	0.0483051171938263
MA1127.1	82148	0.756315769407312	0.0567610311250237
MA1128.1	82148	0.804548562796897	0.054864406679304
MA1129.1	82148	0.768855356408436	0.0566710418966495
MA1130.1	82148	0.811235401630618	0.0554686025167615
MA1131.1	82148	0.780272962876165	0.0556331287128737
MA1132.1	82148	0.822640926657518	0.0503652484785228
MA1133.1	82148	0.772298196067201	0.0527376698671109
MA1134.1	82148	0.795649444736506	0.0565827448920551
MA1135.1	82148	0.810830841544646	0.0580025570943052
MA1136.1	82148	0.782916483257485	0.054349879730212
MA1137.1	82148	0.803114220289366	0.0533197632618317
MA1138.1	82148	0.806368302739912	0.0601270911355749
MA1139.1	82148	0.751822602831416	0.0587014312314196
MA1141.1	82148	0.79605690636968	0.055108724617299
MA1142.1	82148	0.839574758968303	0.0524554061156903
MA1143.1	82148	0.81209618691921	0.05090886716745
MA1144.1	82148	0.807106896615421	0.0577446182220978
MA1145.1	82148	0.758214018673055	0.05357753049233
MA1146.1	82148	0.758066643496386	0.0373748848634586
MA1147.1	82148	0.772190461973921	0.0373951494466566
MA1148.1	82148	0.760528330624183	0.0362366885767906
MA1149.1	82148	0.787388181081148	0.0391817039936883
MA1150.1	82148	0.831425685327068	0.0470144897119141
MA1151.1	82148	0.835949355869351	0.0438817920731249
MA1152.1	82148	0.878192455925159	0.061596027542839
MA1153.1	82148	0.85479021239199	0.0584494254067142
MA1418.1	82148	0.706352784304115	0.0457245974830868
MA1419.1	82148	0.701220696811581	0.0458035913559013
MA1420.1	82148	0.74615502983451	0.0409199232251109
MA1421.1	82148	0.7724643279967	0.0510331127700064
MA1463.1	82148	0.788486743946586	0.0824453113337348
MA1464.1	82148	0.798687723853089	0.0605461360352995
MA1466.1	82148	0.732609045761853	0.0446398315983196
MA1468.1	82148	0.853468138671233	0.0414255858808882
MA1101.2	82148	0.716449131286624	0.0502143423951677
MA1470.1	82148	0.700482701016757	0.0435660203966265
MA1471.1	82148	0.82818464428799	0.0738364170067562
MA1473.1	82148	0.802463433408232	0.0649933676064594
MA1474.1	82148	0.788453177895251	0.0458063636197122
MA1475.1	82148	0.775866497005832	0.0502862365503852
MA1478.1	82148	0.813713945126601	0.0532043361351392
MA1479.1	82148	0.784765403906746	0.0564601753816975
MA1480.1	82148	0.811693923291579	0.053813338074294
MA1481.1	82148	0.869156446961089	0.0731066100807112
MA1484.1	82148	0.839415169757969	0.0503697951958628
MA1485.1	82148	0.765234504605666	0.0474807523979054
MA1489.1	82148	0.77352004917953	0.0815741665614065
MA1493.1	82148	0.798420988730646	0.0463093224351943
MA1494.1	82148	0.728201800230174	0.0432928180906132
MA1495.1	82148	0.876698340090105	0.0600148618006587
MA1496.1	82148	0.90140421123392	0.0494133507267553
MA1497.1	82148	0.854421338870489	0.0526599641906186
MA1499.1	82148	0.866229857255727	0.0739313938775673
MA1500.1	82148	0.894419613154967	0.0523778660285396
MA1501.1	82148	0.840648182404428	0.0504923293694962
MA1502.1	82148	0.875810244053559	0.0652626629343629
MA1503.1	82148	0.797502113635564	0.0600777238825862
MA1504.1	82148	0.892369108604105	0.0701423072171601
MA1505.1	82148	0.880406260182673	0.057655819426773
MA1506.1	82148	0.78142583662391	0.0551041167569027
MA1507.1	82148	0.884943731213099	0.0728372155250218
MA1508.1	82148	0.831324009695334	0.05207231533329
MA1509.1	82148	0.791551926300194	0.0479882316970792
MA1512.1	82148	0.847997324983409	0.0647735882017426
MA1513.1	82148	0.826882296359121	0.105119314882725
MA1514.1	82148	0.771607938232133	0.0544633401524607
MA1515.1	82148	0.878995159696157	0.0675693031551202
MA1516.1	82148	0.831806175617912	0.0648439244795641
MA1517.1	82148	0.866852321935625	0.062297830606497
MA1519.1	82148	0.840386296041047	0.0779134395365577
MA1520.1	82148	0.751657558883888	0.0404121852792747
MA1521.1	82148	0.759528670368213	0.0417021688363944
MA1522.1	82148	0.856280224782964	0.0833960298016447
MA1523.1	82148	0.84875751328198	0.0471298754846959
MA1527.1	82148	0.739902693028433	0.0529147859842943
MA1528.1	82148	0.751475960640812	0.0526267509732814
MA1529.1	82148	0.727819691352404	0.050240325738898
MA1530.1	82148	0.863185594089907	0.0608540955686602
MA1531.1	82148	0.774598780359319	0.0420391747116878
MA1533.1	82148	0.783566757716809	0.035139071197202
MA1534.1	82148	0.848052373642343	0.0531342270058057
MA1535.1	82148	0.91006447276186	0.0579688318157045
MA1536.1	82148	0.948551775476425	0.0360647999719918
MA1537.1	82148	0.752722848703363	0.0418249132346403
MA1538.1	82148	0.73426765303494	0.0436682561505365
MA1539.1	82148	0.719689616057694	0.0446153831185018
MA1541.1	82148	0.75115472170339	0.0423550162182707
MA1542.1	82148	0.833429717214602	0.0457118058281771
MA1544.1	82148	0.749681597740192	0.0488734789966416
MA1545.1	82148	0.784466536654098	0.046875055954732
MA1546.1	82148	0.750532859276002	0.0365560375035499
MA1548.1	82148	0.831120620625843	0.0755649134667194
MA1549.1	82148	0.841980924687406	0.0577199332428451
MA1550.1	82148	0.753297911119129	0.0410107131231178
MA1552.1	82148	0.754878195060113	0.0408268123179292
MA1553.1	82148	0.743337654879383	0.0420395560207446
MA1554.1	82148	0.881979331880719	0.0374493628973898
MA1555.1	82148	0.763256055677025	0.0428731250774939
MA1556.1	82148	0.758297796269162	0.0455325183064855
MA1557.1	82148	0.779550599631946	0.0459327771122073
MA1558.1	82148	0.876185655855327	0.0548003243130087
MA1559.1	82148	0.837706427706471	0.0536298711533906
MA1560.1	82148	0.794007573013982	0.0589125522857934
MA1561.1	82148	0.768329573370742	0.0491784902066694
MA1562.1	82148	0.784188641713926	0.0530614464092041
MA1564.1	82148	0.846273246224757	0.0690849804018744
MA1565.1	82148	0.816012432154879	0.0457747011810435
MA1568.1	82148	0.813295671822604	0.0396214944452064
MA1569.1	82148	0.861101118429755	0.0691534488541072
MA1570.1	82148	0.865587239626781	0.0468429819526414
MA1571.1	82148	0.751288095578577	0.0468770388094832
MA1572.1	82148	0.758614692167309	0.0461028875615576
MA1574.1	82148	0.797254579359136	0.0373560958753866
MA1575.1	82148	0.734483118780196	0.0432401534738966
MA1576.1	82148	0.738468876929865	0.037158012691207
MA1577.1	82148	0.856231921020272	0.0881875018506375
MA1578.1	82148	0.854479807294361	0.065615850826121
MA1579.1	82148	0.828297649951172	0.0553066599525033
MA1580.1	82148	0.788502977376256	0.0632753069333146
MA1581.1	82148	0.823122815567461	0.0557408935380649
MA1583.1	82148	0.812491030059844	0.0565119834130971
MA1584.1	82148	0.762236890690911	0.0522534153137577
MA1585.1	82148	0.791885248213274	0.0508823894419005
MA1587.1	82148	0.787965816573398	0.0649224462512456
MA1588.1	82148	0.733678262977636	0.045569144329748
MA1589.1	82148	0.687784681631012	0.0392157363293183
MA1592.1	82148	0.776371141302312	0.0409038233482356
MA1593.1	82148	0.799876097175494	0.0510361127745392
MA1594.1	82148	0.683166972609251	0.0330089920401193
MA1596.1	82148	0.777037246093548	0.0883706293103302
MA1597.1	82148	0.703214393123034	0.0431796875718226
MA1599.1	82148	0.755215819605296	0.0572970877866066
MA1600.1	82148	0.724069920404407	0.0374941063609021
MA1602.1	82148	0.782080226438603	0.0445460820265719
MA1603.1	82148	0.767345546025724	0.058571388566881
MA1604.1	82148	0.791632472486016	0.0586591257669527
MA1606.1	82148	0.823580548897668	0.0749927572363399
MA1607.1	82148	0.786813138682688	0.0705833899041524
MA1608.1	82148	0.82400402211722	0.0602018335662214
MA1615.1	82148	0.815140812628619	0.0658371567207203
MA1616.1	82148	0.774121356563404	0.0452669713363575
MA1618.1	82148	0.822400557890255	0.053862304542313
MA1619.1	82148	0.825614538998953	0.0582552269491066
MA1620.1	82148	0.836242700635004	0.0567193936080362
MA1621.1	82148	0.833407559954059	0.0551688808025869
MA1623.1	82148	0.798969480376457	0.0680866045266729
MA1624.1	82148	0.806298823472936	0.0578088614053
MA1625.1	82148	0.791096550827891	0.0583465074860769
MA1627.1	82148	0.814077210268946	0.0652052256799823
MA1628.1	82148	0.861228305272936	0.0580998284177712
MA1629.1	82148	0.799141486343431	0.0530675047621252
MA1100.2	82148	0.871390189112215	0.0510678037469249
MA0605.2	82148	0.738353092603977	0.0595507938766009
MA0462.2	82148	0.796977582009271	0.0629423301022168
MA0463.2	82148	0.739801941839473	0.0436409180328447
MA0864.2	82148	0.750493247654606	0.0454201260087907
MA0469.3	82148	0.6942095173776	0.0422498137039124
MA0470.2	82148	0.741900046516422	0.0456446634167319
MA0612.2	82148	0.844207508233585	0.0716268078240583
MA0766.2	82148	0.852696639947432	0.0563356495021573
MA0038.2	82148	0.799605349424287	0.0502524876911954
MA0893.2	82148	0.89814470464836	0.0543198670322564
MA1099.2	82148	0.837924504406008	0.0669035171692856
MA0616.2	82148	0.795045806463161	0.066430750054692
MA0900.2	82148	0.843253913240782	0.0756855825540883
MA0158.2	82148	0.870042183795179	0.0590091117696188
MA0594.2	82148	0.862995318669103	0.0461346617557304
MA0902.2	82148	0.881805377921429	0.063245862194156
MA0904.2	82148	0.86146913453503	0.0626894533603052
MA0485.2	82148	0.787832611638714	0.0613305141094779
MA0912.2	82148	0.827131574869432	0.0660855536706712
MA0910.2	82148	0.870778290039157	0.0635463483434403
MA0913.2	82148	0.824786758830027	0.0699374205630204
MA1140.2	82148	0.719192668781015	0.0560525263359346
MA0701.2	82148	0.839198973943691	0.0717525023320363
MA0702.2	82148	0.810502853606233	0.0859889937454433
MA0703.2	82148	0.762001522055528	0.093331569760683
MA0623.2	82148	0.799843508820535	0.0535074327035059
MA0842.2	82148	0.784047894910207	0.0479005856226054
MA0682.2	82148	0.858118900192875	0.0697551029055935
MA0075.3	82148	0.825000201520514	0.0833946627644652
MA0867.2	82148	0.869347665849958	0.0556255269952068
MA0868.2	82148	0.837417827421021	0.0587849765666491
MA0746.2	82148	0.834201964676745	0.0681861791688213
MA0632.2	82148	0.818585659125044	0.0665227660038044
MA0871.2	82148	0.791933628057956	0.0575842404053473
MA0753.2	82148	0.787020503520763	0.0696621374787531
MA0122.3	82148	0.784698574755718	0.0605883620590576
MA1707.1	82148	0.804997064073884	0.0576746751278144
MA1708.1	82148	0.852061887922508	0.0483525990170771
MA1709.1	82148	0.776560830556517	0.0565795381570704
MA1710.1	82148	0.876588170296507	0.0515190687355015
MA1711.1	82148	0.739516061834551	0.0475266863972264
MA1712.1	82148	0.778726363174749	0.0582828952154552
MA1713.1	82148	0.777633510338618	0.0828155538935555
MA1714.1	82148	0.741661490121775	0.0356577354775828
MA1715.1	82148	0.726201398839529	0.0440988831858138
MA1716.1	82148	0.735748187670688	0.04023712907492
MA1717.1	82148	0.78924839214182	0.0479454011925305
MA1718.1	82148	0.666082819090486	0.0488552928248897
MA1719.1	82148	0.737024684488037	0.047905400048576
MA1720.1	82148	0.757658907652764	0.0483220813314634
MA1721.1	82148	0.757721869173748	0.0736432190040274
MA1722.1	82148	0.70497445722889	0.0362302259476661
MA1723.1	82148	0.798960694826933	0.0476186454598079
MA1724.1	82148	0.788124108110165	0.048563830303843
MA1631.1	82148	0.834665951454454	0.0585589786142196
MA1632.1	82148	0.786718661423383	0.0616736560679278
MA1634.1	82148	0.798583267025315	0.0632863392332955
MA1635.1	82148	0.851465128474651	0.0704861617876501
MA1636.1	82148	0.771542506253366	0.0575022074734474
MA1637.1	82148	0.790500113527004	0.060970780335518
MA1638.1	82148	0.864582410408208	0.0595808130278794
MA1639.1	82148	0.790646587627918	0.0638424506814081
MA1640.1	82148	0.76549470202909	0.0674857434445047
MA1641.1	82148	0.816220666344032	0.0574534394449571
MA1642.1	82148	0.833835125787597	0.0515545560522701
MA1643.1	82148	0.70942314355813	0.0486963916672925
MA1644.1	82148	0.813365367564249	0.060523982843466
MA1645.1	82148	0.814150368647231	0.0479873457988773
MA1646.1	82148	0.836437758164527	0.05228737242403
MA1648.1	82148	0.864787740964813	0.0599451022829586
MA1649.1	82148	0.841585418660873	0.0521831665200656
MA1650.1	82148	0.798272472578565	0.0776143069272691
MA1651.1	82148	0.731658675591644	0.04945518439425
MA1652.1	82148	0.815250566325058	0.0532210372940663
MA1653.1	82148	0.827363620748088	0.0846003782274613
MA1654.1	82148	0.697580111105268	0.0352945528363289
MA1655.1	82148	0.818868524608605	0.0521731589749085
MA1656.1	82148	0.794921708489512	0.0526982639035599
MA1657.1	82148	0.773397287799048	0.060637733504317
MA1683.1	82148	0.823729874053259	0.070824563970384
MA1725.1	82148	0.802259590725286	0.0489271221994527
MA1726.1	82148	0.778419285158361	0.0530966152876242
MA1727.1	82148	0.785193328749787	0.0572133463131007
MA1728.1	82148	0.830011004959797	0.0564383835808319
MA1729.1	82148	0.762657954468188	0.0478047501684604
MA1730.1	82148	0.783530018068607	0.0469087866614294
MA1731.1	82148	0.792105696907775	0.0446063604264023
MA0833.2	82148	0.771906726250561	0.057018955642308
MA0835.2	82148	0.796915679174055	0.0619654686746368
MA0465.2	82148	0.796710708619876	0.0704772043710172
MA0102.4	82148	0.773180337597953	0.0594455439305674
MA0836.2	82148	0.785303345647917	0.0581827782185842
MA0018.4	82148	0.793697815746002	0.0654510903704654
MA1102.2	82148	0.821865587624507	0.0709736580387578
MA0471.2	82148	0.837739015850238	0.0604240652909032
MA0154.4	82148	0.773794993929843	0.0562557008599388
MA0162.4	82148	0.791814531792	0.0751726055039582
MA0598.3	82148	0.79980902291473	0.0509952206148833
MA0473.3	82148	0.802360385870004	0.0522594075270896
MA0640.2	82148	0.816403564492986	0.0504821625137453
MA0592.3	82148	0.779408843046477	0.0545142309118261
MA0761.2	82148	0.810653192264172	0.0517317261291473
MA0477.2	82148	0.788865208247704	0.0615472714106267
MA0148.4	82148	0.798326274217586	0.0691070542027055
MA0047.3	82148	0.821218293979929	0.0708923844267097
MA1103.2	82148	0.821608206526641	0.0707869820801052
MA0481.3	82148	0.827271953630619	0.0720371650230282
MA0062.3	82148	0.802534885520737	0.0512738268548569
MA0035.4	82148	0.817752774771036	0.0621019382496702
MA0482.2	82148	0.80897768239589	0.0569744560567838
MA1104.2	82148	0.789809180990304	0.0643741426175279
MA1105.2	82148	0.787693764240975	0.054563527290803
MA0043.3	82148	0.781841947662882	0.064100535978642
MA0114.4	82148	0.784271107532264	0.0532834174375415
MA0484.2	82148	0.788914742176336	0.0523349448188434
MA0901.2	82148	0.7822884708479	0.0793657620390423
MA0490.2	82148	0.775257210089177	0.0632003874091864
MA0491.2	82148	0.778516556179974	0.0623806401260936
MA0039.4	82148	0.861867654315377	0.0750481213625912
MA1107.2	82148	0.782546124319144	0.0624888396936108
MA0700.2	82148	0.813172270200142	0.0757276719830113
MA0495.3	82148	0.752160138027414	0.0532677387803715
MA0496.3	82148	0.751042155644865	0.0561354847911412
MA0052.4	82148	0.784326445070728	0.0827231591312027
MA0620.3	82148	0.754884053372033	0.052036771569826
MA1108.2	82148	0.868733768618115	0.062510839056221
MA0499.2	82148	0.823817506070479	0.0518152921954695
MA0500.2	82148	0.821755153264366	0.0645581924319859
MA0056.2	82148	0.817914848789951	0.0498586899953012
MA0089.2	82148	0.742318963124608	0.048150549804842
MA0025.2	82148	0.782814642098535	0.0702453751737566
MA0502.2	82148	0.797045867073453	0.0553955773812172
MA0063.2	82148	0.838341928771356	0.0550004836958842
MA1112.2	82148	0.825111024009079	0.0575258062334362
MA0679.2	82148	0.733311173139891	0.0814383275627261
MA0712.2	82148	0.833375398912151	0.064101710181446
MA1113.2	82148	0.777888294492012	0.0724725469576709
MA0681.2	82148	0.722250412672421	0.0925515021235978
MA0782.2	82148	0.771261173668242	0.053100936979492
MA0627.2	82148	0.781637780656983	0.073763975612136
MA0508.3	82148	0.849561417853954	0.0579871423313892
MA0684.2	82148	0.829825145215002	0.0561768290700644
MA0743.2	82148	0.763024718134342	0.0465918557194672
MA0744.2	82148	0.765970207463885	0.0458805892361662
MA0745.2	82148	0.817782848950015	0.0577777438180499
MA0143.4	82148	0.831917141070242	0.0607381071476164
MA0081.2	82148	0.775036970573453	0.0468729902095289
MA0829.2	82148	0.774813093845495	0.0569206395833142
MA0522.3	82148	0.865253733548086	0.0591978007222576
MA0830.2	82148	0.833159231440611	0.0590610035409576
MA0769.2	82148	0.831297426046381	0.0611992383532102
MA0090.3	82148	0.797835146964998	0.0537205622502436
MA0809.2	82148	0.816314023955839	0.0540268784597481
MA0003.4	82148	0.811358748045395	0.0627210069678233
MA0814.2	82148	0.815107629268271	0.065466259496942
MA1123.2	82148	0.820242154557141	0.0522892544419409
MA0093.3	82148	0.774315771975043	0.0517746681625463
MA0748.2	82148	0.811356973292936	0.0621275645035894
MA0528.2	82148	0.843299147572716	0.0668923238346887
MA0609.2	82148	0.724519203978583	0.0556987373626944
MA1684.1	82148	0.945851210406929	0.0662778020698398
MA1928.1	82148	0.808007001284744	0.0611221660622008
MA1929.1	82148	0.679814720045637	0.0399131357181487
MA1930.1	82148	0.673820616276178	0.0378924343455252
MA1931.1	82148	0.729917751869833	0.0444114416684963
MA1932.1	82148	0.727017281774739	0.0388082539321703
MA1933.1	82148	0.737464253539889	0.0414424145872327
MA1934.1	82148	0.772997206181666	0.0453998582339557
MA1935.1	82148	0.823258060880837	0.0393308232126838
MA1936.1	82148	0.83480187108606	0.0366575161844987
MA1937.1	82148	0.792456460064428	0.039571741124954
MA1938.1	82148	0.754292655572132	0.0401812708990393
MA1939.1	82148	0.733716346512122	0.0365304238116708
MA1940.1	82148	0.762396433729598	0.0438160199144857
MA1941.1	82148	0.75861560501255	0.0440718851292256
MA1942.1	82148	0.790400337721279	0.0418836551654022
MA1943.1	82148	0.766265838448011	0.0415016869949813
MA1944.1	82148	0.777296157394747	0.0398245400190292
MA1945.1	82148	0.770137033258174	0.0460279273780695
MA1946.1	82148	0.808447219554027	0.0383198273699316
MA1947.1	82148	0.828010971442475	0.0394920845983067
MA1948.1	82148	0.781943013687427	0.037890869890322
MA1949.1	82148	0.747642852265324	0.0392887533116367
MA1950.1	82148	0.793666993851151	0.0463532751924359
MA1951.1	82148	0.722298780125124	0.0515887747624831
MA1952.1	82148	0.808854037458977	0.0445346632724358
MA1953.1	82148	0.799975981175356	0.0439789210905536
MA1954.1	82148	0.794034906360331	0.0463062349007033
MA1955.1	82148	0.788589456666588	0.0458293706513297
MA1956.1	82148	0.778447554750982	0.0450518382378201
MA1957.1	82148	0.743574640004257	0.0423848166803662
MA1958.1	82148	0.7229689745549	0.0414433931419986
MA1959.1	82148	0.89073890117659	0.0819340743426927
MA1960.1	82148	0.787672002156408	0.0506810762915964
MA1961.1	82148	0.859886380684613	0.0852807282056477
MA1962.1	82148	0.73628824768154	0.0574897749888074
MA1963.1	82148	0.782751192337916	0.0812870793408089
MA1964.1	82148	0.870790705998643	0.0594273143891068
MA1965.1	82148	0.900789177387593	0.0759803618287718
MA1966.1	82148	0.779266913156269	0.0452442994069737
MA1967.1	82148	0.722775387672395	0.0451990137042399
MA1968.1	82148	0.803492235438739	0.0463219920011152
MA1969.1	82148	0.71983712834753	0.0405869777882741
MA1970.1	82148	0.799210079978036	0.0655993615433614
MA1971.1	82148	0.806415262421291	0.0472876063217576
MA1972.1	82148	0.823330950160949	0.045462261087131
MA1973.1	82148	0.732301783089381	0.0453351590910082
MA1974.1	82148	0.736320080277597	0.0662201250517945
MA1975.1	82148	0.772197996416691	0.0409230537765474
MA1976.1	82148	0.741953154229889	0.0490550005201132
MA1977.1	82148	0.757494312077573	0.0371086477550864
MA1978.1	82148	0.749432596223095	0.062192393941747
MA1979.1	82148	0.812268544282557	0.0504070155809265
MA1980.1	82148	0.775351168287374	0.0396846783000891
MA1981.1	82148	0.784611010595531	0.0582112076997504
MA1982.1	82148	0.783229857729117	0.0484039344446026
MA1983.1	82148	0.666409438181721	0.0383747149912962
MA1984.1	82148	0.802552250332677	0.0417813900931279
MA1985.1	82148	0.743296627773366	0.0485832789429411
MA1986.1	82148	0.846172079202493	0.0711486746981218
MA1987.1	82148	0.782595021451033	0.0415537975875111
MA1988.1	82148	0.823100644593494	0.0617065983457866
MA1989.1	82148	0.78315696312702	0.0564761590934902
MA1990.1	82148	0.788844594150052	0.0500665824301918
MA1991.1	82148	0.802133804971784	0.0481964674984065
MA1992.1	82148	0.803823334913931	0.0493970634908156
MA1993.1	82148	0.86317223380597	0.0675659860772419
MA1994.1	82148	0.809651923531788	0.0594265677400231
MA1995.1	82148	0.812502954876482	0.0517624033559994
MA1996.1	82148	0.863251167468659	0.0630474334918139
MA1997.1	82148	0.863936188013437	0.0690911632820711
MA1998.1	82148	0.795241721094871	0.0487219477644566
MA1999.1	82148	0.768204776092216	0.0435012891073447
MA2001.1	82148	0.815158224437171	0.0541124454958378
MA2002.1	82148	0.87195501070005	0.0489391065100473
MA2003.1	82148	0.882481439076662	0.0415925319341888
MA0037.4	82148	0.811952055843862	0.0616292233748694
MA0041.2	82148	0.785099388263946	0.0694024804493447
MA0050.3	82148	0.766492331016709	0.0603794299306507
MA0067.2	82148	0.766114694042274	0.0357193526875034
MA0078.2	82148	0.791177491444453	0.0549152266819365
MA0079.5	82148	0.871106513589221	0.0901811891466116
MA0080.6	82148	0.763451861987772	0.0485039382802889
MA0087.2	82148	0.809898125204027	0.0493949013560539
MA0095.3	82148	0.813336583570468	0.0607884382522966
MA0136.3	82148	0.840477971043882	0.0527170150727691
MA0152.2	82148	0.791420634118769	0.059415612496235
MA0156.3	82148	0.790215041175743	0.0529971719388726
MA0157.3	82148	0.82813483808346	0.0662566473892488
MA0160.2	82148	0.846240952619262	0.0501177650945049
MA0466.3	82148	0.734594445212507	0.0489414694916781
MA0467.2	82148	0.848274874527974	0.074478210834106
MA0474.3	82148	0.812531582111553	0.0501490854863765
MA0480.2	82148	0.837406138600286	0.0640305921515555
MA0489.2	82148	0.809347265677911	0.0624516276356406
MA0493.2	82148	0.904014901562909	0.0793804084379895
MA0505.2	82148	0.77493961017574	0.0519231344384057
MA0506.2	82148	0.7531868003924	0.0752844324578748
MA0507.2	82148	0.733037388677568	0.0709689494082124
MA0509.3	82148	0.698916493101312	0.0486846661651962
MA0514.2	82148	0.843829012510328	0.0595566512627415
MA0516.3	82148	0.884123362362312	0.0801733547650991
MA0521.2	82148	0.838372691069134	0.0634644258102263
MA0526.4	82148	0.751930614629306	0.0567286573082944
MA0606.2	82148	0.820226419932927	0.0595801947088815
MA0607.2	82148	0.777065739479724	0.0524209862950087
MA0611.2	82148	0.735360043221106	0.0655729458735669
MA0624.2	82148	0.837424333300416	0.0618408471520507
MA0625.2	82148	0.913566746846784	0.0438689477025715
MA0633.2	82148	0.86579886203987	0.0717819688375539
MA0642.2	82148	0.873283021056032	0.0635643959339378
MA0644.2	82148	0.859373591063777	0.0711038623374609
MA0650.3	82148	0.814107879782227	0.0685209026208294
MA0651.2	82148	0.742249174721133	0.0538983562331623
MA0659.3	82148	0.740007937680196	0.0502151664871576
MA0666.2	82148	0.857698095263301	0.0721829697999738
MA0668.2	82148	0.81120900101063	0.0473528911467772
MA0680.2	82148	0.727072052869771	0.0858054029043238
MA0685.2	82148	0.885740423534302	0.0821592743175708
MA0690.2	82148	0.788797615060545	0.0467073701758442
MA0693.3	82148	0.842917595132411	0.0613691479644527
MA0697.2	82148	0.810371531122597	0.0579087744929057
MA0707.2	82148	0.890592678070542	0.0689613599112231
MA0708.2	82148	0.863724216844595	0.0685042715930706
MA0723.2	82148	0.907383723269329	0.0533594609520185
MA0734.3	82148	0.80393423575686	0.0508000319457586
MA0740.2	82148	0.890378396106633	0.077243474836447
MA0742.2	82148	0.869324964084335	0.0858093488337897
MA0754.2	82148	0.7685059678128	0.0617323334101799
MA0756.2	82148	0.792375748326357	0.055310883816773
MA0759.2	82148	0.795203715786752	0.0579040734626561
MA0764.3	82148	0.82215658074327	0.0543189604417246
MA0765.3	82148	0.794876210543361	0.0565098048888813
MA0768.2	82148	0.783530399380698	0.053139375950085
MA0784.2	82148	0.720206307174946	0.0675132507510945
MA0798.3	82148	0.701293776168922	0.0476992137398978
MA0799.2	82148	0.70403987489185	0.0476713935107845
MA0818.2	82148	0.793752653622349	0.0534162146967553
MA0819.2	82148	0.839005516005961	0.0502842528982645
MA0821.2	82148	0.809355876326081	0.0578945982083779
MA0828.2	82148	0.727851037039329	0.0543581707721201
MA0831.3	82148	0.760648570101213	0.057296344109994
MA0837.2	82148	0.739374594298943	0.0490571050996984
MA0847.3	82148	0.816127179534713	0.0631674372405661
MA0865.2	82148	0.793883955291321	0.0477026471125667
MA0869.2	82148	0.835032460801853	0.0505296579738477
MA0877.3	82148	0.832212392687331	0.0589104192988106
MA0878.3	82148	0.808070042383525	0.0640509105991281
MA0879.2	82148	0.89343273771928	0.0597985546037234
MA0884.2	82148	0.767558993673387	0.0651916469494413
MA0885.2	82148	0.797089583259448	0.0609872053954566
MA0909.3	82148	0.823357300190645	0.079203963080101
MA1110.2	82148	0.882154640422187	0.0624722520996282
MA1467.2	82148	0.841001153437747	0.0541297131292624
MA1472.2	82148	0.821825594418975	0.0546165577259416
MA1476.2	82148	0.798683386771413	0.0623141430040828
MA1483.2	82148	0.80844826008955	0.0472315012291683
MA1487.2	82148	0.804049525060599	0.0652671322892639
MA1491.2	82148	0.725396423248336	0.0434388570522936
MA1498.2	82148	0.890472218506412	0.0582457969336283
MA1511.2	82148	0.878348313284844	0.0819092808631223
MA1518.2	82148	0.723003795173093	0.0551432487421298
MA1524.2	82148	0.784744501801946	0.0462584074975671
MA1525.2	82148	0.855195486663011	0.0567267155504764
MA1532.2	82148	0.749183414521003	0.0406593341906749
MA1547.2	82148	0.847568837618633	0.0651495222354393
MA1563.2	82148	0.907749991333081	0.0536803492142383
MA1566.2	82148	0.808239588494409	0.0485932567689237
MA1567.2	82148	0.81612444382727	0.0482549832424528
MA1573.2	82148	0.732911956554328	0.0544809176789251
MA1601.2	82148	0.778023005818477	0.044252361688102
MA1630.2	82148	0.842564293800891	0.0799665434018424
MA1633.2	82148	0.798069884991213	0.0600248513834235
MA1647.2	82148	0.759925611820388	0.0447121041365226
MA0597.2	82148	0.835624877316516	0.0596756532695959
MA1540.2	82148	0.738580518031873	0.0514174758988665
