[SHORT TFBS MATRIX]
MA0013.1	22454	0.916097832594471	0.0340214472032845
MA0022.1	22454	0.845931586216007	0.037103239969935
MA0023.1	22454	0.834071964377229	0.0465284271798375
MA0026.1	22454	0.883829009871769	0.0568517848799573
MA0049.1	22454	0.919423975533105	0.03994655688551
MA0165.1	22454	0.95989440906882	0.0332521298024663
MA0166.1	22454	0.9113792933029	0.0629317261000375
MA0167.1	22454	0.936091722969605	0.0474395655260325
MA0168.1	22454	0.9468133002327	0.0474676616869461
MA0169.1	22454	0.930784824530546	0.05429795758209
MA0170.1	22454	0.967832433997563	0.0367978562804986
MA0171.1	22454	0.916695080750634	0.0565044186831555
MA0172.1	22454	0.895161372262521	0.0680066412701623
MA0173.1	22454	0.898196996662461	0.0612037356013412
MA0174.1	22454	0.965510879822839	0.0376525191475985
MA0175.1	22454	0.941793571037967	0.0532863747815051
MA0176.1	22454	0.95263404205552	0.043516523076221
MA0177.1	22454	0.927587413879941	0.061278153226013
MA0178.1	22454	0.934786452976399	0.0475900154320075
MA0179.1	22454	0.934932971266721	0.0587934543408925
MA0180.1	22454	0.87172912616342	0.0540822742357616
MA0181.1	22454	0.934540469113766	0.0538388798222308
MA0182.1	22454	0.982730820558325	0.0281445303569985
MA0183.1	22454	0.94513233184321	0.036352743801695
MA0186.1	22454	0.90670483153012	0.0566800483577806
MA0187.1	22454	0.953497764290913	0.0386798420853689
MA0188.1	22454	0.89773182335441	0.0615873139254833
MA0190.1	22454	0.897225702572899	0.0704830338507619
MA0191.1	22454	0.933436588402195	0.0567508254752771
MA0192.1	22454	0.918642166981682	0.0553657357943979
MA0193.1	22454	0.916809341850877	0.049000517205146
MA0194.1	22454	0.889096315038086	0.0697635715223822
MA0196.1	22454	0.949810030000908	0.0388876348120649
MA0198.1	22454	0.926974351420955	0.0595907879874952
MA0199.1	22454	0.959947077805815	0.061556146687772
MA0201.1	22454	0.858014396316201	0.0549005839819694
MA0202.1	22454	0.920339705452882	0.0667230250624883
MA0203.1	22454	0.913581282277814	0.059149006481708
MA0204.1	22454	0.908162760980717	0.0618557585011446
MA0206.1	22454	0.934206497892086	0.0489548721758419
MA0207.1	22454	0.903799919877286	0.0653531450549984
MA0208.1	22454	0.893156560217404	0.0686962378229579
MA0209.1	22454	0.931579633337803	0.0512636074147328
MA0210.1	22454	0.997662407496766	0.010168835564407
MA0211.1	22454	0.883320066161991	0.0591157911765859
MA0212.1	22454	0.88503680021569	0.0606344372405751
MA0213.1	22454	0.884365313870757	0.054775043643318
MA0214.1	22454	0.951045414596139	0.0508854502189945
MA0215.1	22454	0.928911218038037	0.0511715077094109
MA0217.1	22454	0.982833849348335	0.0262124580015769
MA0218.1	22454	0.963942535429052	0.0399992658099549
MA0219.1	22454	0.958895713982814	0.0369990375298365
MA0220.1	22454	0.928682157095867	0.065201606350168
MA0221.1	22454	0.950491074601862	0.0410876887220024
MA0224.1	22454	0.915905103335886	0.0583017582385664
MA0225.1	22454	0.933544660350999	0.0552845464790084
MA0226.1	22454	0.928425258937982	0.0629700102750426
MA0227.1	22454	0.897984800976888	0.0714980357269501
MA0228.1	22454	0.918962842202948	0.0607974707210856
MA0229.1	22454	0.906816379455783	0.0579330920821145
MA0230.1	22454	0.918514518158277	0.0608563293795883
MA0231.1	22454	0.972401590022205	0.0311148366955498
MA0232.1	22454	0.962078182547477	0.0403478116121183
MA0233.1	22454	0.997746683306889	0.0126869431962731
MA0234.1	22454	0.889741642519258	0.0609808697580941
MA0235.1	22454	0.929919486832233	0.0622257748289122
MA0236.1	22454	0.933170374873844	0.0510441295863629
MA0238.1	22454	0.917654387636839	0.0697716063519448
MA0240.1	22454	0.917358493574616	0.0601716722938942
MA0241.1	22454	0.910141022745531	0.0620976296527091
MA0242.1	22454	0.850553735507203	0.0466832085360186
MA0244.1	22454	0.933246282084495	0.0332207940631029
MA0245.1	22454	0.947443228175754	0.0509503827225349
MA0246.1	22454	0.893754128781715	0.064206556840077
MA0248.1	22454	0.944069815776248	0.0422293107580785
MA0250.1	22454	0.920314701368197	0.0610856802135185
MA0251.1	22454	0.931789686702037	0.0564561063057774
MA0253.1	22454	0.876061980236933	0.0482292999330221
MA0254.1	22454	0.973587667614187	0.0273686859318378
MA0256.1	22454	0.902743790264672	0.0642341915648142
MA0444.1	22454	0.927930975201951	0.0487029654840087
MA0445.1	22454	0.871122185738994	0.0428033256860325
MA0446.1	22454	0.892328559788687	0.0426625276148242
MA0447.1	22454	0.804043759684383	0.0495680598857919
MA0448.1	22454	0.967960763751619	0.0359679906841957
MA0449.1	22454	0.741555382515855	0.0619605515242948
MA0450.1	22454	0.79814238073984	0.0573886806955076
MA0454.1	22454	0.811643830963802	0.0452224138091712
MA0456.1	22454	0.775974530707708	0.0445538456390333
MA0459.1	22454	0.835943799522334	0.0508523611586671
MA0460.1	22454	0.828417394512561	0.0523115020920113
MA0216.2	22454	0.887871368358089	0.0403958224311005
MA0533.1	22454	0.751161786714531	0.0384323691899216
MA0534.1	22454	0.85043309984403	0.0331549830684242
MA0237.2	22454	0.840177300976896	0.0387616321576901
MA0535.1	22454	0.824520186648556	0.050677793451397
MA0916.1	22454	0.821085896429659	0.058280795423701
MA0917.1	22454	0.862127000747938	0.0477571290019269
MA1700.1	22454	0.734546209101149	0.0715923248109818
MA2107.1	22454	0.786679462085856	0.0746762668948278
MA2108.1	22454	0.94171045990321	0.080871636626953
MA2188.1	22454	0.887551665220397	0.0546705106330776
MA2189.1	22454	0.858986014073693	0.0571011580434446
MA2190.1	22454	0.860569178818815	0.0658514417993251
MA2191.1	22454	0.854447244253358	0.0533105515438669
MA2192.1	22454	0.788671533200744	0.047260030230441
MA2193.1	22454	0.824478030269155	0.0457510493081178
MA2194.1	22454	0.723861080727699	0.0472016175168743
MA2195.1	22454	0.884167701272489	0.0492387693119005
MA2196.1	22454	0.812591772834012	0.0484275565563542
MA2197.1	22454	0.911885029169305	0.0642719742368614
MA2198.1	22454	0.839167056959682	0.0448884561134954
MA2199.1	22454	0.869981110549135	0.0493786259416054
MA2200.1	22454	0.776522927690566	0.0509433394069522
MA2201.1	22454	0.761540264925242	0.0475023104349306
MA2202.1	22454	0.838171088929385	0.0481109967270638
MA2203.1	22454	0.821427667965358	0.0518752672803772
MA2204.1	22454	0.806556878510739	0.0498610453273205
MA2205.1	22454	0.766977212424487	0.0574111882360698
MA2206.1	22454	0.865018335603034	0.0520280108666052
MA2207.1	22454	0.808567706212734	0.046430112992181
MA2208.1	22454	0.828927158065774	0.0437136716612849
MA2209.1	22454	0.712946743548179	0.0499497074514793
MA2210.1	22454	0.769794076505408	0.0527292512378008
MA2211.1	22454	0.871098491910128	0.0402084590202443
MA2212.1	22454	0.794757441371956	0.0540456447495916
MA2213.1	22454	0.78215914791301	0.0536241627970244
MA2214.1	22454	0.775211785931436	0.0505767053768112
MA2215.1	22454	0.806198682941647	0.0595883290004639
MA2216.1	22454	0.857833827845986	0.0470047382763063
MA2217.1	22454	0.880833937055494	0.0616143819663616
MA2218.1	22454	0.868495409868254	0.0513036529176947
MA2219.1	22454	0.800095708120392	0.0549567300624835
MA2220.1	22454	0.827651254454487	0.0581686806517104
MA2221.1	22454	0.812327610983967	0.0537793961386244
MA2222.1	22454	0.792599032566551	0.0520361232575775
MA2223.1	22454	0.847943686051311	0.0528132308956208
MA2224.1	22454	0.80258020681972	0.0458850277131892
MA2225.1	22454	0.83481344977096	0.0413508114807253
MA2226.1	22454	0.844287463682739	0.0486224066587381
MA2227.1	22454	0.864622937194769	0.0579292937719584
MA2228.1	22454	0.841541385421332	0.0549515916228054
MA2229.1	22454	0.802919540470498	0.0530842329650153
MA2230.1	22454	0.830330431323765	0.0478663013084218
MA2231.1	22454	0.78887491589222	0.0555485797162016
MA2232.1	22454	0.90660674471918	0.0447838684232706
MA2233.1	22454	0.765157941994952	0.0524718420135686
MA2234.1	22454	0.845431067603432	0.0497701914029629
MA2235.1	22454	0.941815556171091	0.0360320837998037
MA2236.1	22454	0.917807414842469	0.036068197440995
MA2237.1	22454	0.918369253386104	0.0422555163372565
MA2238.1	22454	0.907812957351697	0.0665051528450236
MA2239.1	22454	0.828165393765747	0.056122981032571
MA2240.1	22454	0.821576892570947	0.0754156155510874
MA2241.1	22454	0.770923997905974	0.0513917463532564
MA2242.1	22454	0.752318563277369	0.0425008234937137
MA2243.1	22454	0.87125050640865	0.0443450966865222
MA2244.1	22454	0.859942419454548	0.0477252268720054
MA2245.1	22454	0.853822986721471	0.0513227608023193
MA2246.1	22454	0.820830238995042	0.0506536443041559
MA2247.1	22454	0.799647709329758	0.0487102459607502
MA2248.1	22454	0.773767679873677	0.0483894521877864
MA2249.1	22454	0.86600589036297	0.0474482898547962
MA2250.1	22454	0.799304826355213	0.0604612708675024
MA2251.1	22454	0.83793830899869	0.0413649709752666
MA2252.1	22454	0.775123346644024	0.052970710077757
MA2253.1	22454	0.821429643725796	0.060625767283548
MA2254.1	22454	0.844697042372533	0.050663924318574
MA2255.1	22454	0.806198682941647	0.0595883290004639
MA2256.1	22454	0.859004298325146	0.0469263923084707
MA2257.1	22454	0.856387716339182	0.0528359164279933
MA2258.1	22454	0.800822313721584	0.0721550248992319
MA2259.1	22454	0.876905617800646	0.0423248353297019
MA2260.1	22454	0.860023113324747	0.0606360126381226
MA2261.1	22454	0.791370509082591	0.0551564603302684
MA2262.1	22454	0.845239395446032	0.0451624737060201
MA2263.1	22454	0.716876605510612	0.0392902358487676
MA2264.1	22454	0.706678572934939	0.0550114827676276
MA2265.1	22454	0.938997946610775	0.048769112978477
MA2266.1	22454	0.726745335000675	0.0447661625605587
MA2267.1	22454	0.911639796856328	0.0480035995204263
MA2268.1	22454	0.854529016481654	0.0442895997767611
MA2269.1	22454	0.848062883628306	0.0506487537122725
MA2270.1	22454	0.760473871027099	0.0551513153075387
MA2271.1	22454	0.836986151909028	0.0444880492698563
MA2272.1	22454	0.890227129356173	0.0583498458355247
MA2273.1	22454	0.772202581826362	0.0413027333843375
MA2274.1	22454	0.852139484913818	0.0397209105354625
MA2275.1	22454	0.909414104911933	0.0474018516886032
MA2276.1	22454	0.743693569639747	0.0454237176228938
MA2277.1	22454	0.732234845817287	0.0495486421348323
MA2278.1	22454	0.806244154421325	0.0501199269592361
MA2279.1	22454	0.860047288276233	0.0527085387445577
MA2280.1	22454	0.79819191124935	0.0559584498233525
MA2281.1	22454	0.813051218948869	0.0444432401634525
MA2282.1	22454	0.801125717331729	0.0454367840055488
MA2283.1	22454	0.879561745159432	0.0558056720343392
MA2284.1	22454	0.81901872423557	0.0540883041421943
MA2285.1	22454	0.775378761747686	0.0487680315638423
MA2286.1	22454	0.856697339828029	0.0524755330568844
MA2287.1	22454	0.801506837981524	0.0572702471764528
MA2288.1	22454	0.861475870248454	0.0456409407614858
MA2289.1	22454	0.711188018366978	0.0355225768084601
MA2290.1	22454	0.811303404052413	0.0466303309456378
MA2291.1	22454	0.829490798497999	0.0441175121492344
MA2292.1	22454	0.853287196636321	0.0618491944621067
MA2293.1	22454	0.846424847840369	0.0478376117955127
MA2294.1	22454	0.859793655473755	0.0437479436214786
MA2295.1	22454	0.827752550431712	0.0743987609362384
MA2296.1	22454	0.863525527124371	0.0529681456464789
MA2297.1	22454	0.895601683775651	0.0642469494187063
MA2298.1	22454	0.745809633795481	0.0636130050264995
MA2299.1	22454	0.85216121345453	0.0614014285038744
MA2300.1	22454	0.756574801726325	0.0543903727156444
MA2301.1	22454	0.79508494167341	0.056248219964137
MA2302.1	22454	0.849461332013756	0.051871772035511
MA2303.1	22454	0.771649699957561	0.0701594062058199
MA2304.1	22454	0.801326342092273	0.0612852827096593
MA2305.1	22454	0.736161436966032	0.0534040858223331
MA2306.1	22454	0.914890798465478	0.0665552614424165
MA2307.1	22454	0.757821055273314	0.0489959747112128
MA2308.1	22454	0.866361692121287	0.0873805880797747
MA2309.1	22454	0.738780849872259	0.0642929510752399
MA2310.1	22454	0.872531620987152	0.0535976714734548
MA2311.1	22454	0.808194722501082	0.0521574499574511
MA2312.1	22454	0.880405589442986	0.0611050316073019
MA2313.1	22454	0.693567636195052	0.0484585988505225
MA2314.1	22454	0.826969896605182	0.0722324502551981
MA2315.1	22454	0.748740806698184	0.0516745658391909
MA2316.1	22454	0.774394248725538	0.0770337238351982
MA2317.1	22454	0.874607989829871	0.0815691769677738
MA2318.1	22454	0.722231489467912	0.0425690077448708
MA2319.1	22454	0.838496527714199	0.0541727233704222
MA2320.1	22454	0.827517065841388	0.056642022636804
MA2321.1	22454	0.873241545558548	0.0826065519162064
MA2322.1	22454	0.767222173931816	0.0652955363195395
MA0529.3	22454	0.833804807979204	0.0768074087343719
MA0010.2	22454	0.901247047974097	0.0351151546776989
MA0011.2	22454	0.955360129025558	0.0387408547479922
MA0012.2	22454	0.945037538535642	0.03096195933781
MA0443.2	22454	0.83402531223296	0.0580271551834857
MA0015.2	22454	0.879730162799942	0.0632236417173625
MA0184.2	22454	0.944177815636522	0.0552828484827523
MA0530.2	22454	0.84218616600391	0.0371965398615705
MA0531.2	22454	0.837615829075721	0.0457834433122204
MA0185.2	22454	0.98369064140656	0.0467036980291645
MA1455.2	22454	0.806352919180923	0.0402071269389808
MA1456.2	22454	0.849958492777327	0.0777143642809651
MA1836.2	22454	0.880623561629947	0.0520030902584936
MA0915.2	22454	0.865506410437753	0.063747713492438
MA0189.2	22454	0.962690040661561	0.0390727194549925
MA1837.2	22454	0.882967756027575	0.0514409457016822
MA1838.2	22454	0.877544051967887	0.0527133637760282
MA0222.2	22454	0.90867542566698	0.055746610104298
MA1839.2	22454	0.87180241162982	0.0621528695165967
MA1840.2	22454	0.833635256000676	0.0580106126305116
MA1457.2	22454	0.805232674236293	0.0580860615145052
MA1458.2	22454	0.829389618175373	0.0572921181292363
MA1841.2	22454	0.73515110659371	0.0564701659304546
MA0451.2	22454	0.837735713848471	0.0424313768082921
MA0452.3	22454	0.837681539538499	0.048774260645335
MA0195.2	22454	0.959132903273372	0.0332661118628305
MA1459.2	22454	0.792549238771459	0.0708762546234732
MA0197.3	22454	0.862705927886631	0.0468116937244769
MA0126.2	22454	0.908470866914522	0.0444735087465133
MA1702.2	22454	0.866713095155375	0.0547231396745609
MA0457.2	22454	0.976875492162824	0.0423013180167695
MA1460.2	22454	0.838379316639438	0.0639652785014147
MA0536.2	22454	0.861938379574241	0.0646072783771997
MA0200.2	22454	0.940710234356762	0.0598231622507883
MA0239.2	22454	0.908470866914522	0.0444735087465133
MA0243.2	22454	0.908773278308704	0.0262407804453064
MA0458.2	22454	0.90924949764851	0.0404586609289758
MA0086.3	22454	0.832037045674215	0.0543257468321492
MA0532.2	22454	0.841629080014278	0.0459002778365884
MA1461.2	22454	0.744649883462695	0.0377067593601852
MA0247.3	22454	0.86929642638211	0.0511500054592212
MA0205.3	22454	0.818409293700404	0.0703383929404869
MA0249.3	22454	0.872392495834726	0.0568167004395912
MA0094.3	22454	0.932260797100533	0.0581485224744644
MA0016.2	22454	0.77790288093731	0.0557204464604344
MA1462.2	22454	0.8470535883988	0.0551107228684522
MA0252.2	22454	0.913271577447225	0.0991355928035427
MA0255.2	22454	0.915525138485077	0.0441182680918885
MA0257.2	22454	0.947767828759456	0.0520135911126357
MA0085.2	22454	0.804564196517399	0.0531761403815081
