[SHORT TFBS MATRIX]
MA0004.1	39503	0.859940416145376	0.0678087196937099
MA0006.1	39503	0.911670035633045	0.0644226508867363
MA0019.1	39503	0.827360696259832	0.0441578744159062
MA0029.1	39503	0.752424632121159	0.0573545885924775
MA0030.1	39503	0.77919308491147	0.0603951948550294
MA0031.1	39503	0.837531038749295	0.0683965459264566
MA0040.1	39503	0.809576820541506	0.0668550748974443
MA0051.1	39503	0.754325347758725	0.0470815827507502
MA0059.1	39503	0.79697828984442	0.049788035974235
MA0066.1	39503	0.741794251114097	0.0338127128517859
MA0069.1	39503	0.768950099736186	0.0391794488801574
MA0070.1	39503	0.786674281326833	0.0533757477185605
MA0071.1	39503	0.825513346005308	0.0543540213858661
MA0072.1	39503	0.767524198518931	0.0532554552471065
MA0073.1	39503	0.795818613905554	0.0480910436647062
MA0074.1	39503	0.756662805775987	0.0392312837391881
MA0077.1	39503	0.845860435583886	0.0527938896751377
MA0084.1	39503	0.878070266279173	0.0618887660274309
MA0091.1	39503	0.813114962809313	0.0478371600546374
MA0092.1	39503	0.881035584769495	0.0389043280810913
MA0101.1	39503	0.870458497399263	0.0445366876169887
MA0107.1	39503	0.826817265818135	0.0534313158245286
MA0108.2	39503	0.822905712776993	0.0569098559071958
MA0111.1	39503	0.867009215543718	0.0314522934798104
MA0115.1	39503	0.675452644941023	0.0444913456237016
MA0116.1	39503	0.826274574997165	0.043702493869316
MA0119.1	39503	0.73848399150561	0.0506136358317753
MA0125.1	39503	0.860359994431461	0.0645743229323641
MA0130.1	39503	0.962221453368019	0.0380151143256125
MA0135.1	39503	0.782358767906999	0.0739374459246248
MA0139.1	39503	0.777423680483105	0.044058664660207
MA0142.1	39503	0.752280641102506	0.0566684369189784
MA0149.1	39503	0.688404150309444	0.0555867895326975
MA0138.2	39503	0.688767920651504	0.0398352998093158
MA0002.2	39503	0.852345200885911	0.0436318164877251
MA0065.2	39503	0.81169322130197	0.037525864533022
MA0151.1	39503	0.896251684509648	0.0875168030824958
MA0155.1	39503	0.856590483491036	0.0423153955359861
MA0159.1	39503	0.797470754980506	0.033845703269146
MA0163.1	39503	0.800292835202506	0.0516394684066191
MA0164.1	39503	0.83185053161914	0.0703711619569395
MA0259.1	39503	0.889006775618191	0.0601911680991925
MA0145.2	39503	0.834522107025158	0.0404857885211975
MA0146.2	39503	0.853507957073195	0.0656121906539366
MA0468.1	39503	0.803111738198522	0.0624517563820346
MA0476.1	39503	0.821156889495148	0.0605471474924088
MA0478.1	39503	0.823325169703402	0.0561411836620711
MA0479.1	39503	0.821916655272221	0.0564557627481576
MA0483.1	39503	0.838350968124278	0.0509399325326861
MA0488.1	39503	0.796118441316461	0.0546251363731702
MA0492.1	39503	0.796493937609549	0.0534163432730262
MA0494.1	39503	0.795187409404816	0.0350056278484823
MA0497.1	39503	0.807527755352336	0.0653331113255542
MA0501.1	39503	0.746171188325432	0.0473872586372081
MA0504.1	39503	0.823578669884511	0.0382621613085079
MA0515.1	39503	0.864633667109723	0.0519345216699953
MA0517.1	39503	0.783912271828074	0.0548677135842788
MA0518.1	39503	0.833298051418157	0.0491934195774508
MA0519.1	39503	0.848059001808518	0.050772741395648
MA0520.1	39503	0.810954384894504	0.0536202217796297
MA0523.1	39503	0.8152627731724	0.0495362803393242
MA0527.1	39503	0.769971841762502	0.0542422597264481
MA0076.2	39503	0.849132806941862	0.0541394509073684
MA0258.2	39503	0.800375598184273	0.0408778295401018
MA0150.2	39503	0.74680131258937	0.0461066310831573
MA0137.3	39503	0.826675877376717	0.0547444994372811
MA0144.2	39503	0.858443399982679	0.0492916183254466
MA0140.2	39503	0.763934079696409	0.050092120626561
MA0591.1	39503	0.765450528530569	0.043699738533218
MA0593.1	39503	0.828627995289642	0.0671258383593007
MA0595.1	39503	0.852491234036872	0.0468703205451626
MA0596.1	39503	0.834915095499385	0.0485408835475008
MA0599.1	39503	0.926699944584638	0.0619509183421423
MA0601.1	39503	0.800083795039324	0.0932196813015008
MA0602.1	39503	0.786676219711545	0.0749834758315374
MA0603.1	39503	0.816831280179394	0.0590288426834198
MA0604.1	39503	0.838210356146239	0.0555762450616893
MA0608.1	39503	0.830214191435116	0.054158282307543
MA0610.1	39503	0.789442775689726	0.0625332618783658
MA0613.1	39503	0.829627857625988	0.0775012952594971
MA0614.1	39503	0.856444561222799	0.0699113355865515
MA0615.1	39503	0.815377418131452	0.0436248163676018
MA0618.1	39503	0.849476403094911	0.0643699984730539
MA0619.1	39503	0.853880530118104	0.0842710000425089
MA0621.1	39503	0.768417181555247	0.0941121917747952
MA0622.1	39503	0.82278480299304	0.0731764614825251
MA0626.1	39503	0.840509980754555	0.0566331989316059
MA0628.1	39503	0.776350202669435	0.0812582178879643
MA0629.1	39503	0.794652205045577	0.0434446885581974
MA0630.1	39503	0.861911104493083	0.0766936372858194
MA0631.1	39503	0.732774476177859	0.0478792709867694
MA0634.1	39503	0.83641400992099	0.067306425456063
MA0007.3	39503	0.725408476091752	0.0437301193294894
MA0635.1	39503	0.865820756750684	0.0539807496778531
MA0636.1	39503	0.774968535547854	0.057249718440245
MA0638.1	39503	0.759199408096197	0.0452970517258961
MA0639.1	39503	0.783783779614243	0.0606093871251891
MA0641.1	39503	0.777124487424653	0.0513136700223395
MA0027.2	39503	0.868675548577077	0.0664716456881266
MA0643.1	39503	0.819050156249317	0.051019812696742
MA0645.1	39503	0.84825779657112	0.0527155212527209
MA0475.2	39503	0.826558955587345	0.0524659607411613
MA0042.2	39503	0.852126060219711	0.0691652894290635
MA0033.2	39503	0.885330818055963	0.0677086942842483
MA0646.1	39503	0.803597546636098	0.0421724069599628
MA0647.1	39503	0.750683149314003	0.0537136329742955
MA0648.1	39503	0.836251946547834	0.0587774974788084
MA0649.1	39503	0.812990063211988	0.0560591867766254
MA0131.2	39503	0.8156473379015	0.0567886339792246
MA0046.2	39503	0.736589521304334	0.0712283461455765
MA0153.2	39503	0.726841086459461	0.0707505271765449
MA0486.2	39503	0.740039833794828	0.0539963885710457
MA0652.1	39503	0.716006536819324	0.0478160093407189
MA0653.1	39503	0.690156211018544	0.0497681932768619
MA0654.1	39503	0.845468846184249	0.0795125134991983
MA0655.1	39503	0.771841016487268	0.063493621778169
MA0656.1	39503	0.738575259258938	0.0608790041536424
MA0657.1	39503	0.738753221112409	0.0439072843835494
MA0658.1	39503	0.810150106964938	0.0622861513607232
MA0660.1	39503	0.752177906591873	0.0745222465189178
MA0661.1	39503	0.83806236759909	0.0602895204909213
MA0662.1	39503	0.861403683464925	0.066668195658028
MA0663.1	39503	0.773478280806555	0.055815819571138
MA0664.1	39503	0.79548848416186	0.0564699232460575
MA0665.1	39503	0.8078679943073	0.0473285000742967
MA0667.1	39503	0.790601697360467	0.0524681993899474
MA0669.1	39503	0.794214720351759	0.0500746645480259
MA0670.1	39503	0.844378240439614	0.0634467783420436
MA0671.1	39503	0.929814653388833	0.0366571720738203
MA0048.2	39503	0.824808217888784	0.0555497749104915
MA0672.1	39503	0.863626091683941	0.0461854382073674
MA0673.1	39503	0.896055550032727	0.0396894738925604
MA0674.1	39503	0.867169624233603	0.0664643797626292
MA0675.1	39503	0.874031642256999	0.0711915195273985
MA0676.1	39503	0.837052607036003	0.0572219635762942
MA0677.1	39503	0.74525078958916	0.0439275968936715
MA0678.1	39503	0.795213195401577	0.0521995274840483
MA0068.2	39503	0.819508198291832	0.0692756866361061
MA0683.1	39503	0.690092411811185	0.068128639681235
MA0512.2	39503	0.72391538503478	0.0458427394486546
MA0686.1	39503	0.799297129887571	0.0467861931611495
MA0687.1	39503	0.804497329108564	0.0446584371176021
MA0083.3	39503	0.685892225600665	0.0491254351200559
MA0009.2	39503	0.701317823539454	0.0428189511359172
MA0688.1	39503	0.820756327786511	0.0449962698503931
MA0689.1	39503	0.801908734002803	0.0467605862017669
MA0691.1	39503	0.79507453967856	0.0566367138721288
MA0692.1	39503	0.821870029806735	0.0533772050023031
MA0694.1	39503	0.795626072123415	0.0480017230611787
MA0695.1	39503	0.821515552467994	0.0443766262526843
MA0696.1	39503	0.772141387129201	0.049276968914519
MA0698.1	39503	0.794281722866916	0.0497786176817341
MA0699.1	39503	0.849569105654778	0.0604941818394679
MA0704.1	39503	0.855359989318834	0.0667588022237837
MA0705.1	39503	0.865511984368125	0.0633089452031804
MA0706.1	39503	0.844510138142715	0.0614323704119329
MA0709.1	39503	0.848981339338524	0.0770623391161884
MA0710.1	39503	0.853009810743736	0.0638564311714825
MA0124.2	39503	0.834481323580697	0.0531386907370794
MA0711.1	39503	0.861658608688529	0.0596018919195404
MA0132.2	39503	0.865480979307735	0.0762990392137776
MA0713.1	39503	0.776208764114153	0.075385123251143
MA0714.1	39503	0.85615436425888	0.0574344067569827
MA0715.1	39503	0.747557826447602	0.0846956672267594
MA0716.1	39503	0.854375151909879	0.0774904444187041
MA0717.1	39503	0.862745702426964	0.070266091203654
MA0718.1	39503	0.841246071518358	0.0718696726294734
MA0719.1	39503	0.947823974575813	0.0354760644722623
MA0720.1	39503	0.85536376053099	0.0766602474977644
MA0721.1	39503	0.859248801411581	0.0728960285058873
MA0722.1	39503	0.861211291771242	0.0653047452369446
MA0724.1	39503	0.824801669774253	0.0639641200661801
MA0725.1	39503	0.840602480199978	0.0775646870728889
MA0726.1	39503	0.824974747621023	0.0782952546826562
MA0112.3	39503	0.71524028333055	0.0440701763173628
MA0141.3	39503	0.77329652792077	0.0554431134932528
MA0017.2	39503	0.811193874725546	0.0531560377007474
MA0113.3	39503	0.725559932358755	0.0469267487412944
MA0727.1	39503	0.721928629152294	0.047082735280214
MA0728.1	39503	0.715243292116905	0.0484671952157562
MA0729.1	39503	0.696658251436295	0.0428722453443204
MA0730.1	39503	0.71132988790739	0.0409833732161464
MA0731.1	39503	0.669038819069585	0.0449986086780932
MA0472.2	39503	0.806161631559745	0.0550812191964446
MA0732.1	39503	0.778472396490723	0.0630478468453329
MA0733.1	39503	0.778862945310033	0.0508365900405407
MA0735.1	39503	0.700666076409286	0.0449943929744333
MA0736.1	39503	0.78712472974478	0.0463372071154465
MA0737.1	39503	0.742455737397385	0.0414694922526397
MA0738.1	39503	0.904965557150605	0.0420996772167395
MA0739.1	39503	0.864571658704241	0.0435417844427251
MA0741.1	39503	0.869775577320276	0.0673190168906309
MA0747.1	39503	0.869878952898796	0.0528153318908877
MA0749.1	39503	0.700769377431637	0.0437279363981267
MA0751.1	39503	0.804739133549958	0.0455928306171514
MA0088.2	39503	0.746893003259248	0.0419270012501276
MA0752.1	39503	0.68107460084808	0.0471500602377422
MA0755.1	39503	0.762665675558267	0.0672443042055743
MA0757.1	39503	0.728664043278207	0.0749947734486957
MA0758.1	39503	0.692265102207351	0.0489087607633089
MA0760.1	39503	0.828801860792029	0.0491549195386551
MA0098.3	39503	0.843693186914309	0.0505389622473589
MA0762.1	39503	0.80350635445373	0.0488507819081192
MA0763.1	39503	0.833526852209091	0.0468360158994312
MA0767.1	39503	0.834695331240176	0.0427066930889812
MA0770.1	39503	0.75350708912745	0.0528953878011065
MA0771.1	39503	0.782330034329872	0.047700204182607
MA0772.1	39503	0.762107836146166	0.0561486370911205
MA0773.1	39503	0.762263067237005	0.0778704138596761
MA0498.2	39503	0.926015246947782	0.0539596129222478
MA0774.1	39503	0.861361875265184	0.0561775675406971
MA0775.1	39503	0.887361468453094	0.0513861481789382
MA0776.1	39503	0.743359699087001	0.0454878319499324
MA0777.1	39503	0.712210783720645	0.0426736609402024
MA0105.4	39503	0.722299516895438	0.0559454863254024
MA0778.1	39503	0.756021049392075	0.0568142089799426
MA0779.1	39503	0.747580132113814	0.0345464991773758
MA0780.1	39503	0.734033409693655	0.0786144764967283
MA0781.1	39503	0.721744464054698	0.0372833405797156
MA0783.1	39503	0.72389884575012	0.0520231896570485
MA0785.1	39503	0.784675665679875	0.0701295234746912
MA0786.1	39503	0.781512304199597	0.0747257173492677
MA0787.1	39503	0.771666278970779	0.0728816353096227
MA0788.1	39503	0.766328869451788	0.073130030977112
MA0789.1	39503	0.792793127737232	0.0762444229592563
MA0790.1	39503	0.734044842804317	0.0775903023812098
MA0791.1	39503	0.713742435221065	0.0751071203733506
MA0792.1	39503	0.817017002265025	0.071446291697713
MA0793.1	39503	0.803462210083788	0.066468216404996
MA0794.1	39503	0.759011151818201	0.0441418239335846
MA0600.2	39503	0.716078320024012	0.0502095191795866
MA0795.1	39503	0.752612546768764	0.0502825849403669
MA0796.1	39503	0.697738406557066	0.0549731559601181
MA0797.1	39503	0.731364006167438	0.0506635110073909
MA0510.2	39503	0.710007187343105	0.0501612530265689
MA0511.2	39503	0.830447361609908	0.0482106997744518
MA0800.1	39503	0.787485733197373	0.0470509859153502
MA0801.1	39503	0.857554678848809	0.0511940021485987
MA0802.1	39503	0.80366234910208	0.0498034429168359
MA0803.1	39503	0.835911621593366	0.0549498748839854
MA0804.1	39503	0.684642789681127	0.042019261303476
MA0805.1	39503	0.834255775394369	0.0565438180954365
MA0806.1	39503	0.863310160391647	0.0491036888623119
MA0807.1	39503	0.872848772270315	0.0460715628710982
MA0808.1	39503	0.871960717150787	0.054384580498868
MA0810.1	39503	0.871523952694509	0.0514766989479168
MA0811.1	39503	0.855858522748148	0.0495790307222006
MA0812.1	39503	0.851466104523319	0.0553007231579169
MA0813.1	39503	0.813927369872236	0.0586799839844168
MA0524.2	39503	0.851949272239583	0.0493189236993722
MA0815.1	39503	0.807109936282431	0.0615942872102025
MA0816.1	39503	0.83417264298598	0.0526903820336304
MA0461.2	39503	0.824682812045718	0.0493723847017083
MA0464.2	39503	0.808512612049368	0.0608472532071632
MA0817.1	39503	0.76320298106089	0.0560757902790224
MA0820.1	39503	0.864125357260269	0.0498510953392365
MA0822.1	39503	0.728522153281232	0.0558492945917573
MA0823.1	39503	0.803623278482447	0.0630224029651722
MA0058.3	39503	0.822708822740792	0.0610991452399195
MA0825.1	39503	0.834414847880468	0.058402657066091
MA0826.1	39503	0.776139974218193	0.055422205372508
MA0827.1	39503	0.820645902954925	0.0473745866632511
MA0832.1	39503	0.737038665632748	0.0497780178109894
MA0834.1	39503	0.727932274866406	0.0594838523855168
MA0838.1	39503	0.776708979466447	0.0513684421633175
MA0839.1	39503	0.735839129322471	0.0435435190488385
MA0840.1	39503	0.757031666084219	0.0618841279065692
MA0117.2	39503	0.813801834344599	0.0479711151151325
MA0841.1	39503	0.757374874112851	0.0575063502839652
MA0843.1	39503	0.773053042322408	0.0591519607201072
MA0844.1	39503	0.753311904610974	0.0436068563362994
MA0845.1	39503	0.800578495728104	0.0700979150466966
MA0032.2	39503	0.829684492687263	0.0691506640477779
MA0846.1	39503	0.822803330234294	0.0696204996028833
MA0848.1	39503	0.872344063551797	0.0651534499844299
MA0849.1	39503	0.856318910684013	0.0680184250346272
MA0850.1	39503	0.910342028696989	0.04889344127434
MA0851.1	39503	0.784051094678938	0.0663872242847185
MA0853.1	39503	0.744152267129298	0.0582213995587346
MA0854.1	39503	0.746687254721331	0.0619643587161016
MA0855.1	39503	0.720751023261936	0.0459746363344068
MA0856.1	39503	0.731006819650889	0.0453441958661574
MA0857.1	39503	0.686534867591027	0.0480100496340408
MA0858.1	39503	0.701866021341144	0.0432135147914145
MA0859.1	39503	0.706252452030289	0.0487218394993037
MA0860.1	39503	0.696564219257607	0.044743750688111
MA0525.2	39503	0.697645567584947	0.0407548371464782
MA0106.3	39503	0.708329675210359	0.0388089554093135
MA0861.1	39503	0.742755800826235	0.0404286822301841
MA0862.1	39503	0.812989181237253	0.052098359770724
MA0863.1	39503	0.727830296500696	0.0402775501933882
MA0024.3	39503	0.768101524268015	0.0466135004367712
MA0866.1	39503	0.694234279843237	0.0574410510681698
MA0870.1	39503	0.694820736573688	0.0573895788750837
MA0872.1	39503	0.801830192466868	0.0629926397941521
MA0028.2	39503	0.801663947914216	0.0586477223683952
MA0873.1	39503	0.78593375013446	0.0531420955537594
MA0874.1	39503	0.736563805556035	0.0584868384589364
MA0875.1	39503	0.883121420193746	0.0681371156024679
MA0876.1	39503	0.889489363371387	0.0644951580146406
MA0880.1	39503	0.873268561364897	0.0703092801934854
MA0881.1	39503	0.874575919933609	0.0673910838599003
MA0882.1	39503	0.872833988911817	0.0692672921224777
MA0883.1	39503	0.787299401942255	0.0490955134800409
MA0886.1	39503	0.827554526406469	0.0680720611645023
MA0887.1	39503	0.856429601108514	0.0574467254481478
MA0888.1	39503	0.853556394152952	0.0580474998489095
MA0889.1	39503	0.820288498295511	0.0656608353933368
MA0890.1	39503	0.835133118838136	0.0708594988940111
MA0891.1	39503	0.853153545244752	0.0519866121719006
MA0892.1	39503	0.868759527582837	0.0549087828487219
MA0894.1	39503	0.83062284214478	0.073802434050659
MA0895.1	39503	0.834054425139901	0.051701355267538
MA0896.1	39503	0.760883148100391	0.0493060235722918
MA0897.1	39503	0.739212067216512	0.0541511236913761
MA0898.1	39503	0.737274717780596	0.0545307567705584
MA0899.1	39503	0.827987798635251	0.0686327516909575
MA0903.1	39503	0.874303594184247	0.0642598423045632
MA0905.1	39503	0.831095111492919	0.0614446741720188
MA0906.1	39503	0.778029622994127	0.0555689167033661
MA0907.1	39503	0.78108714565622	0.0583779963430402
MA0908.1	39503	0.815244534261172	0.0615238849108401
MA0911.1	39503	0.800195318313088	0.0529447091947304
MA0914.1	39503	0.868698947413758	0.0534707413130529
MA0852.2	39503	0.794468098939192	0.0577816026178596
MA0036.3	39503	0.821779353614232	0.0655631664507698
MA1106.1	39503	0.831822648242396	0.0594463365192039
MA0147.3	39503	0.80586001258243	0.0600521436501656
MA0100.3	39503	0.863352719203459	0.0549187861974461
MA0104.4	39503	0.786742212076612	0.0585405274095999
MA1109.1	39503	0.82341927054717	0.0501187544952686
MA0161.2	39503	0.833861224850284	0.0576498876087543
MA0060.3	39503	0.818818750615454	0.0629189598456619
MA1111.1	39503	0.824332221972138	0.058657124829911
MA0014.3	39503	0.811947287413653	0.0499351998596672
MA1114.1	39503	0.757090909952199	0.0490446816443398
MA1115.1	39503	0.812989317932131	0.0747284554273453
MA1116.1	39503	0.888662853853206	0.0626122089040571
MA1117.1	39503	0.825488826594572	0.0508789225593026
MA1118.1	39503	0.78979686219585	0.0519537510113265
MA1119.1	39503	0.738648122519991	0.0484730668964313
MA0442.2	39503	0.851249716444014	0.0625951025540943
MA1120.1	39503	0.830737807054907	0.0622306082342674
MA1121.1	39503	0.803499844554113	0.0522072239935681
MA1122.1	39503	0.846878968715864	0.0664567535879688
MA0750.2	39503	0.825803508055711	0.0572467585681926
MA0103.3	39503	0.872993710176063	0.059275210906195
MA1124.1	39503	0.712397408089747	0.0645947035217638
MA1125.1	39503	0.809594917213573	0.113523852919325
MA1154.1	39503	0.741042838470097	0.0393838657486522
MA1155.1	39503	0.731308427185981	0.0456036375155209
MA0099.3	39503	0.812428090479278	0.0568010832469911
MA1126.1	39503	0.749426867884897	0.0499489474928008
MA1127.1	39503	0.754105431977068	0.0597732358222875
MA1128.1	39503	0.800538394388077	0.0561027100582534
MA1129.1	39503	0.765985186757507	0.0592089491846783
MA1130.1	39503	0.807208657459986	0.0568240343299164
MA1131.1	39503	0.778181527051731	0.0584892351086151
MA1132.1	39503	0.818892967684153	0.0513900222397099
MA1133.1	39503	0.770712954776705	0.0555627041135685
MA1134.1	39503	0.791441242454682	0.0577377900609679
MA1135.1	39503	0.806526453401896	0.0592059585162897
MA1136.1	39503	0.780640554124613	0.0570509813242612
MA1137.1	39503	0.798514391556576	0.054491048289813
MA1138.1	39503	0.801640593675481	0.0613919111706015
MA1139.1	39503	0.749303940927287	0.0618020846933183
MA1141.1	39503	0.792321797976694	0.0562549564105732
MA1142.1	39503	0.834699777197571	0.0534230317549216
MA1143.1	39503	0.810335332471699	0.0530703974895653
MA1144.1	39503	0.802680488969771	0.0589628124284249
MA1145.1	39503	0.756753911328187	0.0564741963749733
MA1146.1	39503	0.758263991886846	0.0370148841672367
MA1147.1	39503	0.773856787771768	0.0372765752481497
MA1148.1	39503	0.760391060508695	0.0363453107647897
MA1149.1	39503	0.790626970916651	0.0378135493335502
MA1150.1	39503	0.828245218584294	0.0473393303048156
MA1151.1	39503	0.833419479316462	0.0439806814630642
MA1152.1	39503	0.870218588107866	0.0619581047683782
MA1153.1	39503	0.855502196132095	0.0584416671801907
MA1418.1	39503	0.705847180278569	0.0461619773459111
MA1419.1	39503	0.700641072852004	0.0464132813608241
MA1420.1	39503	0.746569466188324	0.0412778801447143
MA1421.1	39503	0.769592845514374	0.0516802515925953
MA1463.1	39503	0.780201058519998	0.0818913361996923
MA1464.1	39503	0.802676428133772	0.0622210777415137
MA1466.1	39503	0.734235651280648	0.0449945065977421
MA1468.1	39503	0.850349164451249	0.040792146899994
MA1101.2	39503	0.711318615557204	0.0499496628381031
MA1470.1	39503	0.696418232884427	0.0437470301402911
MA1471.1	39503	0.818566601393056	0.0728022929576253
MA1473.1	39503	0.796560063603803	0.064157109247345
MA1474.1	39503	0.793406289003914	0.0463183596185001
MA1475.1	39503	0.778807305311607	0.0527903026168107
MA1478.1	39503	0.806984721091673	0.0525227428362755
MA1479.1	39503	0.777378851976142	0.0552740854759515
MA1480.1	39503	0.806707489736689	0.0545852814906992
MA1481.1	39503	0.862975425577135	0.072950405611617
MA1484.1	39503	0.845430584259897	0.0511061393522171
MA1485.1	39503	0.7666754464417	0.046483921938733
MA1489.1	39503	0.768568210009366	0.0819546470488765
MA1493.1	39503	0.800898230358161	0.0454993162192431
MA1494.1	39503	0.7284401218533	0.043679064945771
MA1495.1	39503	0.871531879134099	0.0607272201532127
MA1496.1	39503	0.896885926483687	0.0496095255090792
MA1497.1	39503	0.850025507869119	0.0530647827032563
MA1499.1	39503	0.85891905521658	0.0736787908645897
MA1500.1	39503	0.890003252325482	0.0527411075627466
MA1501.1	39503	0.83769549407794	0.0505000918673294
MA1502.1	39503	0.869574286452908	0.0659506834406177
MA1503.1	39503	0.791974228213381	0.0593441737225858
MA1504.1	39503	0.885856338949776	0.0702933253654456
MA1505.1	39503	0.87456928476803	0.0585059917142757
MA1506.1	39503	0.777178902151067	0.0548343072784622
MA1507.1	39503	0.878455785255144	0.0724121760011083
MA1508.1	39503	0.831086213451644	0.0520991006672283
MA1509.1	39503	0.792429447584495	0.0484362543609448
MA1512.1	39503	0.86410907639963	0.062417620169301
MA1513.1	39503	0.857400966885229	0.100883418163617
MA1514.1	39503	0.781937395412005	0.051556077236265
MA1515.1	39503	0.893651032060691	0.0627719106330643
MA1516.1	39503	0.844788845250252	0.0620456361402083
MA1517.1	39503	0.879587926194155	0.0587952366509834
MA1519.1	39503	0.833991137080034	0.0775874092576784
MA1520.1	39503	0.74940348100675	0.0409129639162187
MA1521.1	39503	0.758237866375243	0.0412554231170367
MA1522.1	39503	0.876867696944342	0.077529571048117
MA1523.1	39503	0.848013312851532	0.0472052936676302
MA1527.1	39503	0.742364277974876	0.0513089407887075
MA1528.1	39503	0.755861892627734	0.0502736139833937
MA1529.1	39503	0.732951790369326	0.0486268763730627
MA1530.1	39503	0.857317878821815	0.0605717560325138
MA1531.1	39503	0.774163752151792	0.0409143613961788
MA1533.1	39503	0.785335973713569	0.034139155406305
MA1534.1	39503	0.84316500947119	0.0527821716473821
MA1535.1	39503	0.911186524851801	0.0562239294629487
MA1536.1	39503	0.948014443287429	0.0355925102525655
MA1537.1	39503	0.754127300491185	0.0422699198596462
MA1538.1	39503	0.736577807364115	0.0431102201799945
MA1539.1	39503	0.722130065457723	0.0439705373686993
MA1541.1	39503	0.749328815241058	0.0419488900385648
MA1542.1	39503	0.832192361086143	0.0450611493026091
MA1544.1	39503	0.748366322255169	0.0493683610116553
MA1545.1	39503	0.786599477988594	0.047209867386634
MA1546.1	39503	0.749594507053994	0.0371396608321629
MA1548.1	39503	0.845041782575603	0.0701786472480164
MA1549.1	39503	0.836438961207312	0.0581010344638161
MA1550.1	39503	0.753916016102947	0.0415783187504599
MA1552.1	39503	0.754984657773016	0.040229974358152
MA1553.1	39503	0.742220976712888	0.0414059140978337
MA1554.1	39503	0.882818889364321	0.0376314302072218
MA1555.1	39503	0.764268765172145	0.0422241324692724
MA1556.1	39503	0.760379897306659	0.0443519219331725
MA1557.1	39503	0.780828369992579	0.0453428095429556
MA1558.1	39503	0.875213076721825	0.0530196243890773
MA1559.1	39503	0.836059806065731	0.0519323959866865
MA1560.1	39503	0.800229676124242	0.0595955597603541
MA1561.1	39503	0.765819257519379	0.0492337514616481
MA1562.1	39503	0.780387766610864	0.0532310478596476
MA1564.1	39503	0.864140303236025	0.0661619668750076
MA1565.1	39503	0.816241271525762	0.044996110387746
MA1568.1	39503	0.810259511571957	0.0388244262367286
MA1569.1	39503	0.873909701627913	0.0648068931546148
MA1570.1	39503	0.86193932515681	0.0471309533611944
MA1571.1	39503	0.749036194307698	0.0467427739318093
MA1572.1	39503	0.756208380230057	0.046126066645357
MA1574.1	39503	0.799193044395501	0.0376753080915561
MA1575.1	39503	0.73837587047293	0.0415977562129332
MA1576.1	39503	0.738342591310732	0.0366954829161681
MA1577.1	39503	0.847186704845688	0.0879410222712375
MA1578.1	39503	0.867666330151759	0.0611447398955396
MA1579.1	39503	0.827210312384482	0.0551903535795705
MA1580.1	39503	0.779869618187777	0.0620708368625135
MA1581.1	39503	0.82523830067917	0.0529218919194482
MA1583.1	39503	0.818110117358791	0.0551902659868617
MA1584.1	39503	0.772246178957089	0.0500971731834567
MA1585.1	39503	0.791646387545597	0.0510750644437205
MA1587.1	39503	0.786074452156687	0.058018220044117
MA1588.1	39503	0.72965524057429	0.0454375613722234
MA1589.1	39503	0.686820266158187	0.0376652319490963
MA1592.1	39503	0.776064052341775	0.0401847118041622
MA1593.1	39503	0.795954545340056	0.0514866417967084
MA1594.1	39503	0.681108584931658	0.0330208447591308
MA1596.1	39503	0.777717186690885	0.0754464690788947
MA1597.1	39503	0.706074405518694	0.0417777618792084
MA1599.1	39503	0.765295847116648	0.0545083976694786
MA1600.1	39503	0.727348716385791	0.0371849439039873
MA1602.1	39503	0.783062405302997	0.0446168878539977
MA1603.1	39503	0.759900340230647	0.0585668598984105
MA1604.1	39503	0.799175622979079	0.056057986925619
MA1606.1	39503	0.815769899809757	0.07500633247921
MA1607.1	39503	0.778799289582281	0.0704436607467081
MA1608.1	39503	0.819750308501681	0.0607301559682878
MA1615.1	39503	0.824231007152101	0.0617160370025047
MA1616.1	39503	0.774972743715494	0.0456262919471304
MA1618.1	39503	0.818367565491477	0.0543013644938185
MA1619.1	39503	0.825358965471734	0.0580237275305405
MA1620.1	39503	0.833663392421608	0.0548291939712943
MA1621.1	39503	0.831663556265158	0.053183962850695
MA1623.1	39503	0.792339604899496	0.0683204139313358
MA1624.1	39503	0.805411262194592	0.0580081697236229
MA1625.1	39503	0.790705944989028	0.0592827650431942
MA1627.1	39503	0.827450835798222	0.0626890057629015
MA1628.1	39503	0.866720007073326	0.0558295678637054
MA1629.1	39503	0.803057948074236	0.0511545228647206
MA1100.2	39503	0.871974969716592	0.050299161980788
MA0605.2	39503	0.737516419450251	0.0628628525991136
MA0462.2	39503	0.79178895843862	0.0644044919960204
MA0463.2	39503	0.739899041779731	0.0437111133729789
MA0864.2	39503	0.754378344832793	0.044185508918985
MA0469.3	39503	0.694116702050752	0.0430602738458482
MA0470.2	39503	0.746184553542321	0.0448572593121812
MA0612.2	39503	0.837893650841524	0.0719364592586641
MA0766.2	39503	0.848339014107354	0.056705927683091
MA0038.2	39503	0.797575913827019	0.0504770381664347
MA0893.2	39503	0.894355845034274	0.0549538049347266
MA1099.2	39503	0.849480957089594	0.066292173269964
MA0616.2	39503	0.80473262598738	0.0654612751743601
MA0900.2	39503	0.836818542456457	0.0754710410497402
MA0158.2	39503	0.86583110319741	0.0596135586983822
MA0594.2	39503	0.860691405406222	0.0464524773198523
MA0902.2	39503	0.876311856730831	0.0644914921408352
MA0904.2	39503	0.856071926391471	0.0634203423451371
MA0485.2	39503	0.782260441378055	0.0606236116988901
MA0912.2	39503	0.821569130580487	0.0661969708742979
MA0910.2	39503	0.864798164272995	0.0642518890020496
MA0913.2	39503	0.818373093370089	0.0691073341594595
MA1140.2	39503	0.718732253431483	0.0584989632025353
MA0701.2	39503	0.834007028250959	0.071714586479609
MA0702.2	39503	0.802664955468524	0.085629627982661
MA0703.2	39503	0.752379728550154	0.0924461183768308
MA0623.2	39503	0.793956102458046	0.0519730807089469
MA0842.2	39503	0.780181931579763	0.0486929460727449
MA0682.2	39503	0.852257390149902	0.0678616105819545
MA0075.3	39503	0.817938009973974	0.0831256597949527
MA0867.2	39503	0.865242725668687	0.0561401781536275
MA0868.2	39503	0.830692796078117	0.0588087810401226
MA0746.2	39503	0.851318714536693	0.0660286048675437
MA0632.2	39503	0.832383255594736	0.0662595532868497
MA0871.2	39503	0.794932732636274	0.0596953878681576
MA0753.2	39503	0.803067960879676	0.0654023447823817
MA0122.3	39503	0.779141181130139	0.0607684957715221
MA1707.1	39503	0.797489761875338	0.0567478522344352
MA1708.1	39503	0.858533558867062	0.0471928349603485
MA1709.1	39503	0.770514770612424	0.0568917402687847
MA1710.1	39503	0.880100359801059	0.0488355383001904
MA1711.1	39503	0.746160879838544	0.0456578629819641
MA1712.1	39503	0.79015100059974	0.0554377037165979
MA1713.1	39503	0.797459380271761	0.0773050142512477
MA1714.1	39503	0.74229663548506	0.03586780493701
MA1715.1	39503	0.730802481674402	0.0429362965084062
MA1716.1	39503	0.738174651878927	0.0410392230510228
MA1717.1	39503	0.789346421868327	0.0473615105581566
MA1718.1	39503	0.658896462937161	0.0461887936047957
MA1719.1	39503	0.74415662014053	0.0461039267395478
MA1720.1	39503	0.7528030678597	0.0479971596849221
MA1721.1	39503	0.76649995396463	0.0700834386273827
MA1722.1	39503	0.706157064540367	0.035890756810889
MA1723.1	39503	0.806228641974599	0.0465419759898486
MA1724.1	39503	0.788081793214829	0.0491873301064474
MA1631.1	39503	0.838243489791766	0.055429480032374
MA1632.1	39503	0.781629304238233	0.0626473683268618
MA1634.1	39503	0.793401996777361	0.0647554171272934
MA1635.1	39503	0.854252374247615	0.0690605576030662
MA1636.1	39503	0.763939293520252	0.0567993162784828
MA1637.1	39503	0.799097761127542	0.0580181240667238
MA1638.1	39503	0.863539693092648	0.0593255134848485
MA1639.1	39503	0.783357635208144	0.0632371083531213
MA1640.1	39503	0.757301977038828	0.0658391021241023
MA1641.1	39503	0.816122069351518	0.0572983519731075
MA1642.1	39503	0.832071126395236	0.052180840393701
MA1643.1	39503	0.711425941865377	0.0468714412075481
MA1644.1	39503	0.817919709167432	0.0639947818031575
MA1645.1	39503	0.813705355966353	0.0477297915874653
MA1646.1	39503	0.836714410957018	0.0518477212907091
MA1648.1	39503	0.869504305228431	0.0569426562438724
MA1649.1	39503	0.841050073676759	0.0526015126259366
MA1650.1	39503	0.816332480446835	0.0745844956070146
MA1651.1	39503	0.728461142786403	0.047770250185573
MA1652.1	39503	0.820516189905896	0.051902919275131
MA1653.1	39503	0.849225104228498	0.0795774442384724
MA1654.1	39503	0.700041067635512	0.0342510729995153
MA1655.1	39503	0.82030731788226	0.0511491076448878
MA1656.1	39503	0.800037601373876	0.0499567311514916
MA1657.1	39503	0.769896360866236	0.0615951499418248
MA1683.1	39503	0.816907410647558	0.071206610778439
MA1725.1	39503	0.803771978563819	0.0475468309497507
MA1726.1	39503	0.783180817779049	0.0504737634937546
MA1727.1	39503	0.792470382199336	0.0556526271369122
MA1728.1	39503	0.833581566003732	0.0539179831584068
MA1729.1	39503	0.758692556255056	0.0476088820227805
MA1730.1	39503	0.785170636521146	0.0456158704913881
MA1731.1	39503	0.796368448441185	0.0431804215898363
MA0833.2	39503	0.765138915439792	0.0568223480153611
MA0835.2	39503	0.791481590427608	0.063234183143524
MA0465.2	39503	0.789964650723615	0.0701663409596737
MA0102.4	39503	0.766100589338194	0.0590231440913958
MA0836.2	39503	0.779621958030002	0.0584737051998991
MA0018.4	39503	0.788247731613288	0.0676682422552103
MA1102.2	39503	0.837449711996	0.0682786082820696
MA0471.2	39503	0.850388239446544	0.0582391662244119
MA0154.4	39503	0.781644115890395	0.0535558829017522
MA0162.4	39503	0.809998968365202	0.0719887078963823
MA0598.3	39503	0.801638379016521	0.0510398005410993
MA0473.3	39503	0.805301450393633	0.0517979610341059
MA0640.2	39503	0.818706575700841	0.0501694907569034
MA0592.3	39503	0.777704689583367	0.0542250709340662
MA0761.2	39503	0.812257559700014	0.0516072595090894
MA0477.2	39503	0.78361558611964	0.0627662796100873
MA0148.4	39503	0.790494616759988	0.0689484908821789
MA0047.3	39503	0.813894970165268	0.0710447158899048
MA1103.2	39503	0.814835659547513	0.071344366768752
MA0481.3	39503	0.820030614993857	0.0722403565524299
MA0062.3	39503	0.80477815632444	0.0511205014528566
MA0035.4	39503	0.811327851607825	0.0626887053559924
MA0482.2	39503	0.805144932010949	0.0577665338349831
MA1104.2	39503	0.782319018978789	0.0640040216077704
MA1105.2	39503	0.783942021197913	0.0548220225810592
MA0043.3	39503	0.774386489930287	0.0633500419551317
MA0114.4	39503	0.781870449562094	0.0537964740042683
MA0484.2	39503	0.786737388020486	0.0527848229771969
MA0901.2	39503	0.773529755589873	0.0783219465109059
MA0490.2	39503	0.769367450794667	0.0641755238172582
MA0491.2	39503	0.772771621246902	0.063392789436707
MA0039.4	39503	0.878889906064162	0.070262243756917
MA1107.2	39503	0.793601224577886	0.059609987583944
MA0700.2	39503	0.806339861116119	0.0750215843256062
MA0495.3	39503	0.746109892692122	0.0537420738668513
MA0496.3	39503	0.746169683486042	0.0543119136152526
MA0052.4	39503	0.772285200807543	0.079433218419264
MA0620.3	39503	0.752319207039158	0.05360376659616
MA1108.2	39503	0.864826539783047	0.0622358780105057
MA0499.2	39503	0.824381291536027	0.0503733731554414
MA0500.2	39503	0.823167642169893	0.0638213450472697
MA0056.2	39503	0.820706172203647	0.0493854454858425
MA0089.2	39503	0.738332847593425	0.0487827961676086
MA0025.2	39503	0.774266307498089	0.0690852204267385
MA0502.2	39503	0.802803942082442	0.0575661059380005
MA0063.2	39503	0.835647145616032	0.0560390800936081
MA1112.2	39503	0.821451095659226	0.0574187458031702
MA0679.2	39503	0.722747100053077	0.0799347654005692
MA0712.2	39503	0.827255276073592	0.0628986009137118
MA1113.2	39503	0.768620814094965	0.0705920501236403
MA0681.2	39503	0.709967929167576	0.0908631070655932
MA0782.2	39503	0.770438607575758	0.0530374238888692
MA0627.2	39503	0.773052593238901	0.0741350502262928
MA0508.3	39503	0.848842394989552	0.0584240125090964
MA0684.2	39503	0.825575543625756	0.0561897133603866
MA0743.2	39503	0.760153709122761	0.0473478754251442
MA0744.2	39503	0.763305141491594	0.0464905150445319
MA0745.2	39503	0.815320281058054	0.0545397777302236
MA0143.4	39503	0.825383393888233	0.0608934244139534
MA0081.2	39503	0.777435899888223	0.0468972484075249
MA0829.2	39503	0.770243842221184	0.0550858565320729
MA0522.3	39503	0.869819574909493	0.0563647519939456
MA0830.2	39503	0.836951016001029	0.0557369851558431
MA0769.2	39503	0.828134955221318	0.0615951413110294
MA0090.3	39503	0.794537490396976	0.0535706065446251
MA0809.2	39503	0.813196951819	0.0539147376027874
MA0003.4	39503	0.817184093008586	0.0581746806215215
MA0814.2	39503	0.82300588052115	0.0602691519872772
MA1123.2	39503	0.817190948363065	0.0525875423935748
MA0093.3	39503	0.772758439647695	0.0531195750212999
MA0748.2	39503	0.814420913999145	0.0581793929873672
MA0528.2	39503	0.855396314072928	0.0643173416261833
MA0609.2	39503	0.726230674972346	0.0585715531891432
MA1684.1	39503	0.953304850408492	0.0627166033288871
MA1928.1	39503	0.803230598615274	0.062359054669004
MA1929.1	39503	0.684625185839582	0.0387299093045825
MA1930.1	39503	0.677286061249386	0.0373325082020291
MA1931.1	39503	0.733010489221068	0.0449725928621188
MA1932.1	39503	0.728113807397917	0.0396700400833978
MA1933.1	39503	0.742250024415036	0.0416871360792102
MA1934.1	39503	0.777065281657217	0.0441650075213963
MA1935.1	39503	0.82357428276884	0.0394667894221279
MA1936.1	39503	0.834309429556992	0.036826673774267
MA1937.1	39503	0.792614010590597	0.0399790470503507
MA1938.1	39503	0.756545444839144	0.039599192946026
MA1939.1	39503	0.734656091355549	0.0372039888045238
MA1940.1	39503	0.762194779977736	0.0442564174715303
MA1941.1	39503	0.762874225457147	0.0425777541459579
MA1942.1	39503	0.790039251493822	0.0422015270776192
MA1943.1	39503	0.76486443401196	0.0418859316239989
MA1944.1	39503	0.777794584875057	0.0402893776023389
MA1945.1	39503	0.774162347489919	0.0448061753438538
MA1946.1	39503	0.808625119674951	0.0385944477985765
MA1947.1	39503	0.826760783904077	0.0398657863404032
MA1948.1	39503	0.781754013153	0.038452991761334
MA1949.1	39503	0.747166579252862	0.0398993708271768
MA1950.1	39503	0.792017805216465	0.0467986702161785
MA1951.1	39503	0.721588024356723	0.0541114890241373
MA1952.1	39503	0.806590770401911	0.045604656447324
MA1953.1	39503	0.797240189581728	0.0445927892682181
MA1954.1	39503	0.79250569478174	0.0468726873175432
MA1955.1	39503	0.787099104700101	0.0464880135445628
MA1956.1	39503	0.776283370475235	0.0456310119224399
MA1957.1	39503	0.745830489713599	0.0429433583915128
MA1958.1	39503	0.722687868432529	0.0422047869144961
MA1959.1	39503	0.912366608300679	0.0769484109410397
MA1960.1	39503	0.784446719336174	0.0507578202643273
MA1961.1	39503	0.882929229685246	0.0800104068337093
MA1962.1	39503	0.728811007978201	0.0572549085923486
MA1963.1	39503	0.772393427434892	0.0798197035688569
MA1964.1	39503	0.875226416924415	0.0578355383504413
MA1965.1	39503	0.914487280316414	0.0702115046318615
MA1966.1	39503	0.784089368967206	0.0437801042848728
MA1967.1	39503	0.724412578561468	0.0446466975438741
MA1968.1	39503	0.803177983835181	0.0469921596453771
MA1969.1	39503	0.719665889342224	0.0379945954006571
MA1970.1	39503	0.792117495576062	0.0656439632376021
MA1971.1	39503	0.811079712545868	0.0467377181940866
MA1972.1	39503	0.827421520022137	0.0436106245719833
MA1973.1	39503	0.736186286350633	0.0434579213265193
MA1974.1	39503	0.725962890913105	0.0623127543388669
MA1975.1	39503	0.769968177152502	0.04092384189696
MA1976.1	39503	0.751377134770638	0.0460740736988715
MA1977.1	39503	0.756907714756991	0.0362566102791572
MA1978.1	39503	0.740154637305886	0.0604613222674464
MA1979.1	39503	0.812670884993094	0.0486852441772557
MA1980.1	39503	0.773108412374454	0.0397342041115696
MA1981.1	39503	0.796460500284686	0.0549090088353592
MA1982.1	39503	0.790874514050134	0.0465442341358712
MA1983.1	39503	0.664674368309606	0.0383806762211788
MA1984.1	39503	0.801154916146894	0.0412533961470414
MA1985.1	39503	0.750753497253784	0.0466163355629943
MA1986.1	39503	0.856156914511755	0.0677816852844752
MA1987.1	39503	0.788362147422858	0.0399244562901396
MA1988.1	39503	0.818584814989765	0.0633994692892446
MA1989.1	39503	0.778762755390215	0.0570281846144445
MA1990.1	39503	0.791076524746464	0.0485369665904226
MA1991.1	39503	0.800175410465932	0.0486376148582827
MA1992.1	39503	0.807993947384376	0.0484218026469741
MA1993.1	39503	0.866025140052838	0.0661849106238111
MA1994.1	39503	0.804543696708115	0.0570449290840235
MA1995.1	39503	0.814007082749107	0.0522903556328781
MA1996.1	39503	0.859383513268959	0.061755144765115
MA1997.1	39503	0.866998649578177	0.0674011592365706
MA1998.1	39503	0.79424312267604	0.0476375238831037
MA1999.1	39503	0.76717032960213	0.043494736531668
MA2001.1	39503	0.8136103986584	0.0553909968370966
MA2002.1	39503	0.873530112909429	0.0472281208017934
MA2003.1	39503	0.881434903655926	0.0400419702129541
MA0037.4	39503	0.805964082015442	0.0618971534252096
MA0041.2	39503	0.776516811167399	0.0682854744724035
MA0050.3	39503	0.761164504353932	0.0608008781392497
MA0067.2	39503	0.76897771644769	0.0349298153610605
MA0078.2	39503	0.78563659379997	0.0551712392851333
MA0079.5	39503	0.897259220803052	0.0847044296776494
MA0080.6	39503	0.765025377987905	0.0490487517129681
MA0087.2	39503	0.80569553022235	0.049724821129952
MA0095.3	39503	0.805626793431498	0.0599741300478469
MA0136.3	39503	0.842383077611022	0.0521684052237657
MA0152.2	39503	0.788155934878957	0.0595745354212665
MA0156.3	39503	0.796670910302507	0.0542245869199312
MA0157.3	39503	0.822509168621705	0.0670545802836029
MA0160.2	39503	0.843680064950965	0.0498069412452682
MA0466.3	39503	0.732516963297438	0.049210460032532
MA0467.2	39503	0.842357296949952	0.072367530989763
MA0474.3	39503	0.81543594296662	0.049786975594651
MA0480.2	39503	0.832582841214381	0.0648416278333327
MA0489.2	39503	0.804439636091682	0.0636450575206999
MA0493.2	39503	0.923849786846502	0.0738954957836463
MA0505.2	39503	0.773910276119331	0.0506742175073242
MA0506.2	39503	0.769024944428836	0.0755281502033037
MA0507.2	39503	0.724823861923695	0.071000604462466
MA0509.3	39503	0.697920107503122	0.050441160667871
MA0514.2	39503	0.837918473847586	0.0597176391281914
MA0516.3	39503	0.906621803810383	0.076197446460882
MA0521.2	39503	0.838975679431905	0.0632160457975129
MA0526.4	39503	0.753013350817704	0.0585978564087811
MA0606.2	39503	0.815571864467927	0.0597264468798999
MA0607.2	39503	0.771406636761525	0.0512389870287139
MA0611.2	39503	0.729468644052517	0.0659240685305913
MA0624.2	39503	0.834995217106997	0.0617106923266546
MA0625.2	39503	0.914568916723415	0.04216935351575
MA0633.2	39503	0.868704836298578	0.0702412542508264
MA0642.2	39503	0.868698525205377	0.0636682440885646
MA0644.2	39503	0.853458001896827	0.0712122028749124
MA0650.3	39503	0.809258619627389	0.068600228956091
MA0651.2	39503	0.738965887928314	0.0542796357119788
MA0659.3	39503	0.736895725858754	0.0494980264549192
MA0666.2	39503	0.85211274258229	0.0723743787925807
MA0668.2	39503	0.810442188706489	0.0476959466898479
MA0680.2	39503	0.71584491717584	0.0835147257515702
MA0685.2	39503	0.90870740751596	0.0773843233175733
MA0690.2	39503	0.787126674036198	0.0462824194381232
MA0693.3	39503	0.837310219653676	0.06068126102186
MA0697.2	39503	0.815323427481429	0.0556847311130605
MA0707.2	39503	0.88403109929313	0.0687606697993098
MA0708.2	39503	0.858882623758129	0.0688509179639752
MA0723.2	39503	0.903102180402204	0.0539134396900963
MA0734.3	39503	0.807814163004947	0.0490552469442882
MA0740.2	39503	0.911777748889916	0.0729564106258188
MA0742.2	39503	0.893095669243309	0.0824464376685678
MA0754.2	39503	0.762240927358968	0.0605878915435111
MA0756.2	39503	0.788132928210373	0.0554520479860751
MA0759.2	39503	0.80376411410585	0.0588663861398194
MA0764.3	39503	0.830287589030014	0.0548961786866041
MA0765.3	39503	0.802128654501926	0.0580148530347172
MA0768.2	39503	0.78090488871342	0.0537044171611604
MA0784.2	39503	0.71158117962468	0.0673010753177329
MA0798.3	39503	0.701419484799899	0.049017473353854
MA0799.2	39503	0.709041270344922	0.0471795904835571
MA0818.2	39503	0.788064294250343	0.0515547437359418
MA0819.2	39503	0.839328548401009	0.0510922831224622
MA0821.2	39503	0.81659189418842	0.056340823095272
MA0828.2	39503	0.724998580309894	0.0551188905760552
MA0831.3	39503	0.7613061109231	0.0598066317541526
MA0837.2	39503	0.736545643051812	0.0491175932718021
MA0847.3	39503	0.809118918953749	0.0630506155686456
MA0865.2	39503	0.801267487903092	0.0459225252915464
MA0869.2	39503	0.832368062461886	0.0509298605175544
MA0877.3	39503	0.830179499053318	0.0596039027704514
MA0878.3	39503	0.802972937984256	0.0636695223444647
MA0879.2	39503	0.88837657753826	0.0602556650913795
MA0884.2	39503	0.761005386895556	0.0650671340472949
MA0885.2	39503	0.791672838481418	0.0614275577566254
MA0909.3	39503	0.816897150856281	0.0793376999140646
MA1110.2	39503	0.878982269828386	0.0608991831334412
MA1467.2	39503	0.838884971964594	0.0549359194106336
MA1472.2	39503	0.821900491312685	0.0544436940756811
MA1476.2	39503	0.792819689156037	0.06265714381187
MA1483.2	39503	0.812206872991449	0.047927596632127
MA1487.2	39503	0.795254664840168	0.0643708462324881
MA1491.2	39503	0.728349169003545	0.0424401868891979
MA1498.2	39503	0.885754732297804	0.0585938549177778
MA1511.2	39503	0.901157026573289	0.0779401148736747
MA1518.2	39503	0.718825608234192	0.0555549216966759
MA1524.2	39503	0.7832648496044	0.0459793248132498
MA1525.2	39503	0.854285730420328	0.056688372372319
MA1532.2	39503	0.747509435779432	0.0401161906787365
MA1547.2	39503	0.843303204838685	0.0640004587635619
MA1563.2	39503	0.902194440082123	0.0541739776660726
MA1566.2	39503	0.806730345525809	0.0477767520479338
MA1567.2	39503	0.815856062221441	0.047321907777817
MA1573.2	39503	0.734444940778146	0.0582553218426548
MA1601.2	39503	0.780429632709161	0.0437328052300447
MA1630.2	39503	0.862164426376432	0.0766917183573673
MA1633.2	39503	0.793217656524564	0.061061781867549
MA1647.2	39503	0.759710020865695	0.0447607781400865
MA0597.2	39503	0.843760406961993	0.0565961035850565
MA1540.2	39503	0.735828112813554	0.0490244270490539
