[SHORT TFBS MATRIX]
MA0020.1	36371	0.97111791444301	0.0335885150060225
MA0021.1	36371	0.977326191128597	0.0327849654400823
MA0034.1	36371	0.882875697051825	0.0323862902161102
MA0053.1	36371	0.984516624801916	0.024130084323428
MA0054.1	36371	0.896980367529879	0.034825373983512
MA0064.1	36371	0.988163115021134	0.0229094585596141
MA0082.1	36371	0.893343422363137	0.0321465264979237
MA0096.1	36371	0.840619616460693	0.0686640286960136
MA0097.1	36371	0.726586470568907	0.0548167986109011
MA0121.1	36371	0.941195182220249	0.0396876859976679
MA0123.1	36371	0.78788156215305	0.057453902984574
MA0127.1	36371	0.889293133793222	0.0350100688686012
MA0128.1	36371	0.835731921940013	0.0631199054139045
MA0129.1	36371	0.902995100514753	0.0438552417743708
MA0549.1	36371	0.806262878938091	0.0618208299945435
MA0551.1	36371	0.723145803451609	0.062375944827609
MA0552.1	36371	0.786148860302254	0.0638704883679872
MA0553.1	36371	0.797222114592553	0.0573012194561251
MA0554.1	36371	0.840887872816798	0.0384550269726908
MA0555.1	36371	0.804637105312466	0.0374598918493759
MA0556.1	36371	0.84299773486131	0.0360294744310098
MA0557.1	36371	0.753453396443744	0.059082890604471
MA0558.1	36371	0.820710988402367	0.0368767999548218
MA0559.1	36371	0.856670702426545	0.0433520008361613
MA0560.1	36371	0.806923995758575	0.0652548130878631
MA0561.1	36371	0.82368746680751	0.0692263861871452
MA0562.1	36371	0.836681789846266	0.0637966663150586
MA0563.1	36371	0.889830699168187	0.0367246227738461
MA0564.1	36371	0.769685928550772	0.0624535581433288
MA0566.1	36371	0.82811763210304	0.0549566696411435
MA0567.1	36371	0.773944531519435	0.0717426948555409
MA0568.1	36371	0.857576271841652	0.0560034359374686
MA0569.1	36371	0.812773066085259	0.0652840224939171
MA0005.2	36371	0.825076231358075	0.0354717345964435
MA0571.1	36371	0.733124875083872	0.0345291033971442
MA0573.1	36371	0.742064598761299	0.0390582581707532
MA0574.1	36371	0.724106608761641	0.0448144251328925
MA0575.1	36371	0.795075452076656	0.0456700338157724
MA0576.1	36371	0.697869993019202	0.0532396977620636
MA0578.1	36371	0.877807166117168	0.035141582601066
MA0579.1	36371	0.773123064475756	0.044319886043367
MA0580.1	36371	0.761819996549258	0.0437891513410476
MA0581.1	36371	0.82295875633644	0.0577521303942796
MA0582.1	36371	0.863916564225307	0.0443428767680635
MA0583.1	36371	0.81151084674297	0.0504009615227967
MA0584.1	36371	0.81932107057297	0.0385311135175053
MA0001.2	36371	0.835704680235474	0.0354654320234532
MA0585.1	36371	0.80061283769271	0.0378182243987768
MA0587.1	36371	0.743340044902481	0.0648587425327088
MA0588.1	36371	0.846928193293786	0.0482045045606354
MA0589.1	36371	0.760164794456305	0.051882978152834
MA0590.1	36371	0.731304660269545	0.033065564846014
MA0931.1	36371	0.813956328415779	0.0696629022017536
MA0932.1	36371	0.957660137953223	0.0409010393467007
MA0933.1	36371	0.939950721452588	0.0417538102635917
MA0934.1	36371	0.940572940612939	0.0402437296501873
MA0935.1	36371	0.858364006421936	0.0515476137145702
MA0936.1	36371	0.863905654023695	0.0447114747793709
MA0937.1	36371	0.849924750351925	0.0484863773731136
MA0939.1	36371	0.847032639894611	0.0481899346015013
MA0940.1	36371	0.884771964520509	0.0390483500166851
MA0941.1	36371	0.819959902699334	0.0578733899618273
MA0942.1	36371	0.817858335421968	0.067525973950864
MA0943.1	36371	0.837308664591089	0.0552956114098797
MA0944.1	36371	0.875705219176258	0.0421954399672427
MA0945.1	36371	0.911144410025918	0.0303991491268295
MA0946.1	36371	0.862423419605901	0.04660466590968
MA0947.1	36371	0.853173166032325	0.0491242273160233
MA0948.1	36371	0.849717437393032	0.0386931175251256
MA0949.1	36371	0.88390226693348	0.0456145979844985
MA0950.1	36371	0.89783174059315	0.0426992355205525
MA0951.1	36371	0.916863031817608	0.0529887802083648
MA0952.1	36371	0.90690964877559	0.052277589101771
MA0953.1	36371	0.936878586532334	0.0359587105957076
MA0955.1	36371	0.863150567261471	0.0520050103304669
MA0956.1	36371	0.870716544165964	0.0472720955392373
MA0957.1	36371	0.782704825652122	0.065718032372072
MA0958.1	36371	0.794343899167968	0.0649718525582955
MA0959.1	36371	0.772653565811185	0.0572433463801499
MA0960.1	36371	0.68564759958496	0.0649623605137363
MA0961.1	36371	0.825345623779642	0.0660278333963573
MA0962.1	36371	0.827503157056739	0.0677683014415091
MA0963.1	36371	0.681418575238514	0.0780909813234021
MA0966.1	36371	0.832561716262941	0.0523158242813462
MA0967.1	36371	0.807780631714932	0.0531530784179017
MA0969.1	36371	0.850500634545514	0.0597858466047037
MA0970.1	36371	0.86770507193572	0.0589360498567187
MA0971.1	36371	0.807286760781633	0.0598008357838564
MA0972.1	36371	0.880873786907107	0.0543442214890673
MA0973.1	36371	0.929233964846793	0.0384107344889708
MA0975.1	36371	0.744840091032525	0.079971920516973
MA0977.1	36371	0.927577205786153	0.0420730770569594
MA0978.1	36371	0.798020438772123	0.0562487888843968
MA0979.1	36371	0.802573456533826	0.0657859261572615
MA0981.1	36371	0.969754942050159	0.0198783625351298
MA0982.1	36371	0.974591424604567	0.0224179013728107
MA0983.1	36371	0.975990045123203	0.0201126169795085
MA0984.1	36371	0.95567578208733	0.0208838000574755
MA0986.1	36371	0.803581574853646	0.0587297201529807
MA0987.1	36371	0.973896550696833	0.0160539563705069
MA0988.1	36371	0.834714123811949	0.0563365419253249
MA0989.1	36371	0.969036026603597	0.0219475776272689
MA0990.1	36371	0.895861016038344	0.0368572661700517
MA0993.1	36371	0.819043011739093	0.0567954108444179
MA0997.1	36371	0.829241815789481	0.0586196633224505
MA0998.1	36371	0.769006613933143	0.0743976196035253
MA1004.1	36371	0.777965445287166	0.0794029057202857
MA1006.1	36371	0.707080937917846	0.0817696516028284
MA1007.1	36371	0.823638031461037	0.0569191584509694
MA1008.1	36371	0.784740956061225	0.0630858427679794
MA1009.1	36371	0.81103017888531	0.0597320810946338
MA1010.1	36371	0.811013765413331	0.0472142817676128
MA1011.1	36371	0.864511757704733	0.0472714651227028
MA1012.1	36371	0.840492613841532	0.0397843139564283
MA1013.1	36371	0.834307040211343	0.0566534505911725
MA1014.1	36371	0.837460704682761	0.0559031352967303
MA1015.1	36371	0.904479090661447	0.036047799182397
MA1016.1	36371	0.933733949626866	0.037720875720937
MA1017.1	36371	0.916379719715831	0.0378050126728645
MA1018.1	36371	0.824421561375496	0.0553054835130208
MA1019.1	36371	0.767894716451076	0.0631301323421817
MA1020.1	36371	0.866804338053627	0.0499168259442489
MA1021.1	36371	0.792951022549956	0.0765925387628433
MA1022.1	36371	0.956334903028914	0.02323718992711
MA1023.1	36371	0.810582925939354	0.0611861292930596
MA1024.1	36371	0.876147330432073	0.0515100330982505
MA1025.1	36371	0.768933935562989	0.0653047238591501
MA1027.1	36371	0.9362470139435	0.0392182986955542
MA1028.1	36371	0.826796195037666	0.0537398683742307
MA1030.1	36371	0.912399760660941	0.05305799458435
MA1031.1	36371	0.767051011155717	0.0692960626180891
MA1032.1	36371	0.775766516473408	0.0602755966504026
MA1033.1	36371	0.787573031003989	0.0799038267578355
MA1034.1	36371	0.727601209295665	0.0887791577372958
MA1035.1	36371	0.772990962371275	0.0641214396398955
MA1036.1	36371	0.871341658565201	0.045461891486668
MA1037.1	36371	0.911936866560168	0.0362414006491945
MA1038.1	36371	0.808044194651158	0.0520230180980316
MA1039.1	36371	0.889279305437131	0.042537535406234
MA1040.1	36371	0.866021434103583	0.0479950261237947
MA1041.1	36371	0.833202276284549	0.0509421664145181
MA1042.1	36371	0.877965528376491	0.0433467274315285
MA1043.1	36371	0.830478234928985	0.0514582715174285
MA1044.1	36371	0.872893045693958	0.0447108760598221
MA1045.1	36371	0.856099479813329	0.0467477770842516
MA1046.1	36371	0.812729031350655	0.0611065615775917
MA1048.1	36371	0.811847884370229	0.0603330570645057
MA1049.1	36371	0.779231050077511	0.0749009239066533
MA1050.1	36371	0.78019691384719	0.0649252409418348
MA1051.1	36371	0.770035465068659	0.0710698606151669
MA1053.1	36371	0.743129933985235	0.0734223107084896
MA1054.1	36371	0.782065193659398	0.0522873035201102
MA1056.1	36371	0.763718086363802	0.0601085077022645
MA1057.1	36371	0.865933155021726	0.0527963546274828
MA1058.1	36371	0.886452644619052	0.0414206601265051
MA1060.1	36371	0.783579034716606	0.0582140476962254
MA1061.1	36371	0.835284457087397	0.0587282508720642
MA1063.1	36371	0.794508716500363	0.0526348827595535
MA1064.1	36371	0.796981925346039	0.0561611886601837
MA1066.1	36371	0.733487891237254	0.0739673116521062
MA1067.1	36371	0.755126176754486	0.0654165774680548
MA1071.1	36371	0.99181024501934	0.0110127171313812
MA1074.1	36371	0.788561051415099	0.0832382885933908
MA1075.1	36371	0.829290776392017	0.053030970388115
MA1077.1	36371	0.879145560183468	0.0625094570115591
MA1078.1	36371	0.881485639170471	0.0578258193857891
MA1080.1	36371	0.851736149839735	0.0543558015165626
MA1084.1	36371	0.826468500405932	0.0566087704037728
MA1086.1	36371	0.88634693655109	0.0467193812705271
MA1088.1	36371	0.922667817266709	0.0387139819169494
MA1089.1	36371	0.875677721939618	0.0452376051003745
MA1090.1	36371	0.830380222754959	0.0581455612032326
MA1091.1	36371	0.865669274432479	0.0540033987893514
MA1092.1	36371	0.863039613487759	0.0620395383464427
MA1093.1	36371	0.898816080564149	0.0611992476105144
MA1095.1	36371	0.764114872669691	0.072935702710193
MA1096.1	36371	0.725421519879565	0.0744426088976544
MA1097.1	36371	0.757323717528825	0.070797888332869
MA1098.1	36371	0.764114872669691	0.072935702710193
MA1156.1	36371	0.805861195133385	0.0417848888928834
MA1157.1	36371	0.793203705223178	0.0418705867866927
MA1158.1	36371	0.800092210854355	0.0423738031299426
MA1159.1	36371	0.84619217208473	0.0413102323276047
MA1160.1	36371	0.792957419402091	0.0406633171507394
MA1161.1	36371	0.847766220160547	0.0456818358865657
MA1162.1	36371	0.845007638605869	0.0465034080302286
MA1164.1	36371	0.859910486728531	0.0493193433216757
MA1166.1	36371	0.816037856742535	0.0430974487915658
MA1167.1	36371	0.846398545014467	0.0486250566950705
MA1168.1	36371	0.864241414701473	0.0437525672292031
MA1169.1	36371	0.844160732043123	0.0401499972409012
MA1170.1	36371	0.797224050566294	0.0400141013717856
MA1171.1	36371	0.838222711192661	0.0492400469850472
MA1172.1	36371	0.810118266633268	0.0432382831098485
MA1173.1	36371	0.846009830004344	0.0381637412664413
MA1174.1	36371	0.841155607327313	0.0381059978482967
MA1175.1	36371	0.897260474583325	0.0349658374832227
MA1176.1	36371	0.837180189449861	0.0432007497258515
MA1177.1	36371	0.872409834219709	0.0342630622906589
MA1179.1	36371	0.812223232998657	0.0376988395316172
MA1180.1	36371	0.808111553386174	0.0451874005640763
MA1181.1	36371	0.887472031844009	0.0397716134295994
MA1182.1	36371	0.849580912559271	0.0529776998448939
MA1183.1	36371	0.851198178893255	0.0529247927539212
MA1184.1	36371	0.847149269348777	0.0505150226379501
MA1185.1	36371	0.864904954508325	0.053350311820026
MA1186.1	36371	0.863401780127436	0.0372976937416383
MA1187.1	36371	0.852269137701745	0.0549337834309888
MA1188.1	36371	0.854835425645084	0.0398894046168147
MA1189.1	36371	0.845430805861621	0.0385360213853895
MA1190.1	36371	0.85434317604164	0.0531984609712367
MA1191.1	36371	0.843828541672583	0.0504862180022053
MA1192.1	36371	0.846799556894699	0.041829457991714
MA1193.1	36371	0.82813651465408	0.0326482995871832
MA1194.1	36371	0.858395668875327	0.0356309433309875
MA1195.1	36371	0.834221056374967	0.0379961418381275
MA1196.1	36371	0.847911369273298	0.0381759140840963
MA1197.1	36371	0.780109164122375	0.0543427105785394
MA1198.1	36371	0.891806673571749	0.0460306484721356
MA1199.1	36371	0.816149715571912	0.0393374793289978
MA1201.1	36371	0.883811595059258	0.0694131469143331
MA1202.1	36371	0.881275839813381	0.0701334158118789
MA1203.1	36371	0.802209627425087	0.0375027976929061
MA1204.1	36371	0.812754667705604	0.0380443020703201
MA1205.1	36371	0.804296374694343	0.0380733927069238
MA1206.1	36371	0.904658510687997	0.040512073204344
MA1207.1	36371	0.811975734426337	0.0427813536741109
MA1208.1	36371	0.861525987145228	0.03936893391842
MA1209.1	36371	0.868576662840467	0.054908522626541
MA1211.1	36371	0.887994765032983	0.0505835342436526
MA1212.1	36371	0.900595812542869	0.0500167460771443
MA1214.1	36371	0.815601235617804	0.0429614293459998
MA1215.1	36371	0.865713276092148	0.0499256550779424
MA1218.1	36371	0.786484254672145	0.053396302373997
MA1220.1	36371	0.782862693776535	0.0508299626803298
MA1221.1	36371	0.720186708475142	0.056567401556029
MA1222.1	36371	0.738555671320771	0.0539796457173317
MA1223.1	36371	0.76679585295413	0.0495616424437896
MA1225.1	36371	0.732717925976252	0.0525173217059508
MA1226.1	36371	0.750756973124088	0.0501079880245407
MA1228.1	36371	0.69916827736863	0.0582279509845223
MA1229.1	36371	0.780209789209469	0.0503641497175137
MA1230.1	36371	0.773888246565419	0.0504764506608239
MA1232.1	36371	0.723109615070838	0.0552832598590852
MA1234.1	36371	0.770001233613723	0.0541796847524465
MA1235.1	36371	0.846873321454158	0.0381374163978801
MA1236.1	36371	0.728841920996325	0.0497306759454306
MA1239.1	36371	0.701354007545614	0.0546880272962799
MA1240.1	36371	0.717375701666662	0.0520786864410956
MA1241.1	36371	0.758052280581438	0.0489083292703086
MA1242.1	36371	0.749991045344948	0.0606557007705708
MA1243.1	36371	0.78960832824664	0.0448802110430534
MA1244.1	36371	0.708782889881496	0.0515537288640608
MA1246.1	36371	0.694764831114755	0.0530712292128568
MA1247.1	36371	0.70905707041162	0.0630896772544629
MA1248.1	36371	0.725710463001441	0.0518141397103675
MA1250.1	36371	0.744844778973112	0.0531661541731023
MA1251.1	36371	0.770518902818549	0.0478828118670667
MA1252.1	36371	0.744139896059795	0.0568048779362711
MA1253.1	36371	0.770356275372931	0.0511354730666979
MA1256.1	36371	0.71132867234428	0.0502593918641064
MA1257.1	36371	0.703633700702082	0.0465021551784009
MA1258.1	36371	0.759346820504586	0.0445770364643618
MA1259.1	36371	0.765441676809932	0.0508328781050143
MA1260.1	36371	0.732594694510405	0.0493360528787178
MA1261.1	36371	0.807472262882866	0.0432086765013398
MA1262.1	36371	0.708793260638223	0.0514510949234913
MA1263.1	36371	0.769527188990678	0.0549626846793723
MA1264.1	36371	0.72084380864291	0.0578852162357681
MA1266.1	36371	0.744841559117414	0.0609795332805419
MA1267.1	36371	0.794779625803009	0.0449319021806365
MA1268.1	36371	0.781575691804018	0.048580345323732
MA1269.1	36371	0.844784163793153	0.0414533521935969
MA1270.1	36371	0.836906422119513	0.0460958546363351
MA1273.1	36371	0.827679504061185	0.0461823101163938
MA1274.1	36371	0.833746315593462	0.048235450091398
MA1275.1	36371	0.909636515546855	0.0437662769663093
MA1276.1	36371	0.909488026625525	0.0455861000254496
MA1277.1	36371	0.824914269588137	0.0466791363870929
MA1278.1	36371	0.835991670715329	0.045934808597369
MA1279.1	36371	0.820647626432561	0.0456071524591772
MA1280.1	36371	0.876602648906732	0.0445230229916496
MA1281.1	36371	0.837733231915781	0.0453660521749193
MA1282.1	36371	0.71410827249468	0.0526535277355646
MA1283.1	36371	0.668399512213657	0.0453441150096664
MA1284.1	36371	0.675565625723978	0.0433116940038169
MA1285.1	36371	0.669983576458116	0.0441321466886187
MA1286.1	36371	0.737249809102495	0.0591553422356714
MA1287.1	36371	0.733413459218955	0.0551148746869474
MA1288.1	36371	0.726707767968253	0.0578601932075225
MA1289.1	36371	0.746151256743692	0.0553533201449108
MA1290.1	36371	0.720401784480806	0.0548912660484531
MA1291.1	36371	0.723572343776584	0.059773636135181
MA1292.1	36371	0.786761948930169	0.043152948221218
MA1293.1	36371	0.789848979851917	0.0429784414807368
MA1294.1	36371	0.817626035437447	0.042676747998861
MA1295.1	36371	0.84378130397701	0.0487756435256322
MA1296.1	36371	0.82992573579127	0.046178759102658
MA1297.1	36371	0.806116143684431	0.0475797582332743
MA1298.1	36371	0.833255557579096	0.049155049177554
MA1299.1	36371	0.804250088246922	0.0478877865272549
MA1300.1	36371	0.802013086351569	0.0444943646763182
MA1301.1	36371	0.836197713104892	0.0496056651364149
MA1302.1	36371	0.807218415467098	0.0516255439930867
MA1303.1	36371	0.807351287865193	0.0486890113279956
MA1304.1	36371	0.856741932655771	0.049555620621137
MA1305.1	36371	0.809368033871397	0.0529098328627651
MA1306.1	36371	0.800067066945665	0.0475698163294211
MA1308.1	36371	0.777565892737197	0.0516840428661532
MA1309.1	36371	0.831701376448265	0.0500313436196113
MA1310.1	36371	0.780497340100248	0.045598860786221
MA1312.1	36371	0.80763457459737	0.0434702701113994
MA1313.1	36371	0.785540962116157	0.0479493863648969
MA1314.1	36371	0.797095666915755	0.0503538096761065
MA1315.1	36371	0.790359116632114	0.0483743563792514
MA1316.1	36371	0.82088896568418	0.0522124035881959
MA1317.1	36371	0.822816404112265	0.0518267954654398
MA1318.1	36371	0.796255390327315	0.0482966560180744
MA1320.1	36371	0.748922848457253	0.0479513535193471
MA1321.1	36371	0.81703701418426	0.0493570344414073
MA1323.1	36371	0.831194836730901	0.0491957935595279
MA1324.1	36371	0.843441466349035	0.0536157235362818
MA1325.1	36371	0.798143672164747	0.0453720019659307
MA1326.1	36371	0.890991603198716	0.05035423228337
MA1328.1	36371	0.872485663938064	0.0465772451711907
MA1330.1	36371	0.865517122627808	0.0488269692897921
MA1331.1	36371	0.753892389485586	0.0630398662925201
MA1332.1	36371	0.746966210181791	0.0625809707913799
MA1333.1	36371	0.754728302923447	0.0655223370135521
MA1334.1	36371	0.748204668261349	0.0499538755650104
MA1335.1	36371	0.800789590794247	0.0469379402497831
MA1336.1	36371	0.758831595821804	0.0464736834204839
MA1337.1	36371	0.748401812024712	0.0498207523885566
MA1339.1	36371	0.733802208355034	0.0539126759315298
MA1340.1	36371	0.757073227263573	0.051430984158627
MA1341.1	36371	0.748151413820665	0.0496327486875531
MA1343.1	36371	0.801901435040196	0.0436969661727655
MA1344.1	36371	0.790884050893463	0.0535115608203143
MA1345.1	36371	0.743309889327559	0.0517925148703031
MA1346.1	36371	0.764495136206045	0.0452828018250635
MA0968.2	36371	0.780968162865837	0.0548778103289838
MA1348.1	36371	0.776365812372352	0.0487386627225038
MA1349.1	36371	0.765850459197608	0.0567069046132474
MA1350.1	36371	0.732316209749135	0.0529700199038313
MA1352.1	36371	0.67366626693042	0.0419661426347675
MA1353.1	36371	0.811939071906433	0.0561647339504272
MA1354.1	36371	0.663140218163323	0.0334047214611685
MA1355.1	36371	0.830863624343168	0.0485790667687468
MA1356.1	36371	0.701499911023649	0.0424265282520585
MA1357.1	36371	0.804535947802582	0.0542871571395481
MA1358.1	36371	0.825278122377217	0.0553421319004251
MA1361.1	36371	0.753046293573392	0.0465730057292681
MA1362.1	36371	0.799562016608879	0.0502736007822564
MA1363.1	36371	0.740538998675617	0.0526298686496774
MA1364.1	36371	0.744963127913791	0.0582531844186086
MA1366.1	36371	0.849015325672291	0.041372810433995
MA1367.1	36371	0.854325841477305	0.0437655237698986
MA1369.1	36371	0.87029240881536	0.0453455554505018
MA1370.1	36371	0.802608615744524	0.0406187675627675
MA1371.1	36371	0.816202719105676	0.0418547783044464
MA1372.1	36371	0.900638353571681	0.0341455657934495
MA1373.1	36371	0.838490730191916	0.0403672411246954
MA1374.1	36371	0.803289992487178	0.041554570228685
MA1375.1	36371	0.864621992423445	0.0449816803518144
MA1376.1	36371	0.773450195643641	0.0487990953366322
MA1377.1	36371	0.769049002745027	0.0317643013923148
MA1378.1	36371	0.786765494401819	0.0335329172364346
MA1379.1	36371	0.853001782762116	0.0448153663774111
MA1380.1	36371	0.861389356328188	0.0439373555767884
MA1381.1	36371	0.861996412646658	0.0432025344864
MA1382.1	36371	0.722203505919638	0.0592682804211594
MA1383.1	36371	0.837861570650032	0.0401486353447701
MA1384.1	36371	0.815697800229516	0.0426724307060088
MA1385.1	36371	0.863605268089761	0.0389372236928103
MA1387.1	36371	0.812258730572449	0.0417938932933209
MA1388.1	36371	0.932917378709037	0.0512046817805548
MA1389.1	36371	0.791837239883961	0.0434236019777559
MA1396.1	36371	0.797619831431389	0.0475540361325794
MA1397.1	36371	0.866156876501516	0.0446363677711177
MA1400.1	36371	0.824134418146815	0.0410662511642665
MA1401.1	36371	0.834055653080075	0.0541998538939083
MA1402.1	36371	0.714625933071327	0.0629294711317021
MA1403.1	36371	0.590521933878785	0.0647370241330315
MA1404.1	36371	0.701230551306349	0.0603083429897526
MA0954.2	36371	0.814213892765006	0.0444304548668144
MA1000.2	36371	0.726360319798476	0.0586568012411673
MA0586.2	36371	0.781341316774218	0.0549265003742821
MA1026.2	36371	0.827091495981939	0.0440454507527462
MA0548.2	36371	0.792223979643276	0.0385770049970665
MA0550.2	36371	0.737570381211434	0.0536656765170973
MA1059.2	36371	0.754226785449946	0.0515900652371995
MA1405.1	36371	0.789316409145359	0.0469867964084729
MA1406.1	36371	0.873784877931871	0.0462905146848549
MA1408.1	36371	0.856753695138605	0.0428437325100508
MA1409.1	36371	0.818185053518844	0.0450390572353587
MA1410.1	36371	0.729534686981195	0.0718552552190955
MA1411.1	36371	0.766176992742216	0.0550100894188638
MA1412.1	36371	0.743499988285646	0.0617937646204877
MA1414.1	36371	0.782041350169349	0.060308619562673
MA1415.1	36371	0.83049204730937	0.0585719156507521
MA1085.2	36371	0.87348589801745	0.0616813327385782
MA1416.1	36371	0.73425642039099	0.0840006155358061
MA1417.1	36371	0.732285557456446	0.0516280292986543
MA1424.1	36371	0.764277647959285	0.0536991531673462
MA1425.1	36371	0.805606757812297	0.0670153492510255
MA1426.1	36371	0.812357373922518	0.0567883697800653
MA1428.1	36371	0.8207568379808	0.0498934977309725
MA1430.1	36371	0.720222526486986	0.0645206999043134
MA0570.2	36371	0.780005023493093	0.0640123061332219
MA1706.1	36371	0.929755208887654	0.0275922072441733
MA1659.1	36371	0.81692720463468	0.0589878433624052
MA1660.1	36371	0.727713762947935	0.040813054705152
MA1661.1	36371	0.862563766504243	0.0443381039604156
MA1662.1	36371	0.837181240099956	0.04524842220848
MA1669.1	36371	0.7672265932729	0.0531424880425801
MA1670.1	36371	0.776896088243043	0.0503341669796329
MA1671.1	36371	0.732269740889368	0.0690345301700984
MA1672.1	36371	0.792255320832421	0.0602869388795295
MA1673.1	36371	0.772473476824017	0.0571603624864373
MA1675.1	36371	0.787437414504369	0.0430636017387421
MA1677.1	36371	0.873964483770749	0.049446535517311
MA1679.1	36371	0.767451431480158	0.0507989252617208
MA1681.1	36371	0.826748908961547	0.043294804451999
MA1682.1	36371	0.843624227897814	0.0439817619871356
MA2005.1	36371	0.867051117855136	0.0504125394346382
MA2006.1	36371	0.731193025415662	0.0377540272413953
MA1732.1	36371	0.710543744299856	0.048788726502287
MA2007.1	36371	0.846002531491751	0.0428973164885232
MA2008.1	36371	0.829610787862646	0.0515913801488108
MA2009.1	36371	0.731630773140994	0.0368508063341019
MA2010.1	36371	0.87565147277751	0.0513557104263394
MA1245.2	36371	0.740768813126623	0.0659320002543427
MA1365.2	36371	0.873008146717455	0.0470968092946477
MA1327.2	36371	0.892392755999915	0.0620104272831706
MA0110.3	36371	0.863772283141709	0.0455850582776102
MA1393.2	36371	0.832960124712639	0.049587037183195
MA0974.2	36371	0.864350113600498	0.046146470223879
MA0976.2	36371	0.717820049344217	0.0612373018982708
MA1265.2	36371	0.778261210633208	0.0544270314264723
MA1233.2	36371	0.763084296801993	0.0506086366829589
MA1227.2	36371	0.788722320891408	0.0516202914349233
MA1238.2	36371	0.781545745744376	0.0522015136593737
MA0995.2	36371	0.802402141213584	0.057825529186021
MA1005.2	36371	0.743519671070912	0.0658642790882257
MA0992.2	36371	0.750345543149478	0.0615809340444374
MA0565.2	36371	0.82637041368316	0.0649793617269951
MA1368.2	36371	0.771369858768716	0.0437924417920993
MA1398.2	36371	0.83864996120453	0.0456543012425901
MA1391.2	36371	0.831616079698014	0.0429400480396081
MA1394.2	36371	0.825335542529455	0.0467755566690508
MA0980.2	36371	0.793237831572928	0.0547934647273946
MA1062.2	36371	0.691134458962505	0.0509819427457862
MA1065.2	36371	0.692027726901449	0.0508708033310637
MA1047.2	36371	0.761995650380381	0.0455503077510154
MA1076.2	36371	0.820463604379235	0.0480857922313739
MA1311.2	36371	0.85906558037864	0.0526475686929982
MA1329.2	36371	0.845726451680897	0.0585121662907148
MA1685.1	36371	0.764412208738759	0.045930794251748
MA1686.1	36371	0.693650722870501	0.0445834525641745
MA1687.1	36371	0.661318581719437	0.0451880327598123
MA1688.1	36371	0.789615079294211	0.0466022927541753
MA1689.1	36371	0.814235953055062	0.0476977312422185
MA1690.1	36371	0.754903626206735	0.0443400083746594
MA1691.1	36371	0.785616616471011	0.0470974080933238
MA1692.1	36371	0.789681801561893	0.0515903042535978
MA1693.1	36371	0.77419166172912	0.0500091469226533
MA1694.1	36371	0.778085434912653	0.0502508866536642
MA1695.1	36371	0.725094326470641	0.0437486719702332
MA1696.1	36371	0.768307057828467	0.0452809334476246
MA1697.1	36371	0.809736828541084	0.0514381307161412
MA1698.1	36371	0.724273639322771	0.0494519816090493
MA1733.1	36371	0.850217211831554	0.0364594660425739
MA1734.1	36371	0.770791196010496	0.0467405434245009
MA1735.1	36371	0.886503404055812	0.0428712110475566
MA1736.1	36371	0.90624947748383	0.0430381162049639
MA1737.1	36371	0.899475443526056	0.0387370338780909
MA1738.1	36371	0.83706125525623	0.0336910336963295
MA1739.1	36371	0.818099859732895	0.0526103801970769
MA1740.1	36371	0.767396198576852	0.0757609712157682
MA1741.1	36371	0.832759804634042	0.0381817798934601
MA1742.1	36371	0.80883525131737	0.0460442985670561
MA1743.1	36371	0.755267077939113	0.0502802739422746
MA1744.1	36371	0.838413774285487	0.0403400452297157
MA1745.1	36371	0.791077396202639	0.0648117534471534
MA1746.1	36371	0.748882912809075	0.0511172215193677
MA1747.1	36371	0.799687046662833	0.0491442056268639
MA1748.1	36371	0.817702033488525	0.058933119538172
MA1749.1	36371	0.807873316435576	0.035700249037706
MA1750.1	36371	0.710543744299856	0.048788726502287
MA1751.1	36371	0.849488846087155	0.047684569874752
MA1752.1	36371	0.788833198247177	0.0501355709509194
MA1753.1	36371	0.736400796102689	0.0542413469900681
MA1754.1	36371	0.708871179676202	0.0529772337792683
MA1755.1	36371	0.897430369923173	0.0375835837612081
MA1756.1	36371	0.791621843172646	0.0441827143175557
MA1757.1	36371	0.882644789636655	0.0451316812385831
MA1758.1	36371	0.755642113360467	0.0429427393157556
MA1759.1	36371	0.731544457200925	0.0415823926853852
MA1760.1	36371	0.763387432388447	0.0467770345649068
MA1761.1	36371	0.805653974619479	0.040111191320466
MA1762.1	36371	0.83850221513833	0.0430811440088274
MA1764.1	36371	0.78759044232935	0.0444809598241699
MA1765.1	36371	0.837772937287104	0.0402040025716137
MA1766.1	36371	0.835898287131992	0.0382149363101286
MA1767.1	36371	0.895024404701488	0.052748440308116
MA1768.1	36371	0.825826552113874	0.0350662961146568
MA1769.1	36371	0.844874685402263	0.0374472664812341
MA1770.1	36371	0.860724364007911	0.0412540011261619
MA1771.1	36371	0.819765348276495	0.0384852426729528
MA1772.1	36371	0.850219195438026	0.0406093689532352
MA1773.1	36371	0.841176863689161	0.0383285296892151
MA1774.1	36371	0.829220107862817	0.0367571980396766
MA1775.1	36371	0.8606585759341	0.0429227308715442
MA1776.1	36371	0.838547597082778	0.0375791414493171
MA1777.1	36371	0.842610856133608	0.0403902566461784
MA1778.1	36371	0.849434286763856	0.0374054106979792
MA1779.1	36371	0.86565245168323	0.0388592784516799
MA1780.1	36371	0.867221100768814	0.0476722382296771
MA1781.1	36371	0.82406329508518	0.0361767637843639
MA1783.1	36371	0.782770866691581	0.0436739516220551
MA1784.1	36371	0.759461530436996	0.0413333894855841
MA1785.1	36371	0.836889673782287	0.0463724382519335
MA1786.1	36371	0.895120512678753	0.0448743439970199
MA1787.1	36371	0.816773944829069	0.0396005524146863
MA1788.1	36371	0.761978951252385	0.0403142911558803
MA1789.1	36371	0.806865027478494	0.0442530528143266
MA1790.1	36371	0.84076171642469	0.037683053871291
MA1791.1	36371	0.782154838887444	0.0398287998480692
MA1792.1	36371	0.803522269473389	0.0412328662986529
MA1793.1	36371	0.888931139663251	0.0416819405968641
MA1794.1	36371	0.859809585036006	0.0398372148698739
MA1795.1	36371	0.852039984464128	0.0433725435200744
MA1796.1	36371	0.867971932705601	0.0455510315034351
MA1797.1	36371	0.870922490672034	0.0483007422017939
MA1799.1	36371	0.839790267594811	0.0530164954386593
MA1800.1	36371	0.892620595423415	0.0434426106732026
MA1801.1	36371	0.887204491746356	0.0314456737698222
MA1802.1	36371	0.900379011495027	0.0426132851913011
MA1803.1	36371	0.783222569811664	0.0436846285509206
MA1804.1	36371	0.84114783267392	0.0451406923326797
MA1805.1	36371	0.866729309652219	0.0519211382847874
MA1807.1	36371	0.888154103199045	0.0573725058182291
MA1808.1	36371	0.779638561759198	0.0667912585575828
MA1809.1	36371	0.811127644111797	0.0551052906774359
MA1810.1	36371	0.755505771291554	0.0568425295807458
MA1811.1	36371	0.780079910872922	0.0680998655548851
MA1812.1	36371	0.799442982006584	0.0692437351150222
MA1813.1	36371	0.848355630420691	0.0461012129057105
MA1814.1	36371	0.829585170446716	0.0404843217873211
MA1815.1	36371	0.771117199647601	0.0497705703993786
MA1816.1	36371	0.786176710612187	0.0793842563432007
MA1817.1	36371	0.611272218272021	0.0756978204860381
MA1818.1	36371	0.67623276378769	0.0877220863714417
MA1819.1	36371	0.63326702549519	0.0823567662816665
MA1820.1	36371	0.611490398715861	0.0777239030093528
MA1821.1	36371	0.64274748713939	0.0859805487060979
MA1822.1	36371	0.736025746944249	0.0543789462714994
MA1823.1	36371	0.892445899662001	0.0519850639489022
MA1824.1	36371	0.889961591493984	0.0537949063741014
MA1825.1	36371	0.858752078471116	0.0511463228483216
MA1826.1	36371	0.675114511341866	0.0569909451741675
MA1827.1	36371	0.831776179118475	0.0509347326395414
MA1828.1	36371	0.755638970990641	0.06143658707472
MA1829.1	36371	0.819659581585114	0.0473126645605502
MA1830.1	36371	0.746443902558769	0.0395847643322046
MA1831.1	36371	0.699582585886464	0.0708612893574554
MA1832.1	36371	0.655287469203878	0.0845528137422209
MA1833.1	36371	0.579796156881189	0.0714204372763893
MA1834.1	36371	0.765606248734536	0.0658862044297312
MA1835.1	36371	0.718479655203741	0.0542117386955695
MA2011.1	36371	0.787042411647336	0.0540954773217891
MA2012.1	36371	0.780726674289232	0.0531467308798839
MA2013.1	36371	0.698018552777766	0.0600519930089115
MA2014.1	36371	0.738999839516555	0.0623056221276283
MA2015.1	36371	0.796497718732815	0.0432851054775855
MA2016.1	36371	0.827211269873901	0.0517401447355934
MA2017.1	36371	0.76851267434608	0.0564852748994511
MA2018.1	36371	0.840926120621671	0.0435519857453433
MA2019.1	36371	0.798422242637521	0.0527499004030682
MA2020.1	36371	0.809823318726837	0.0466587314902318
MA2021.1	36371	0.784210486304742	0.0567109259616719
MA2022.1	36371	0.661881140509093	0.0556009881168992
MA2023.1	36371	0.773141108074682	0.0451643349951035
MA2024.1	36371	0.787838126453285	0.0445879534720352
MA2025.1	36371	0.8433512682865	0.0456100177056342
MA2026.1	36371	0.817117928817204	0.0396237688939043
MA2027.1	36371	0.822991041372388	0.0480730484047622
MA2028.1	36371	0.80865450593103	0.0407693170034183
MA2029.1	36371	0.749270576636167	0.0520779944871551
MA2030.1	36371	0.781261097911495	0.0354166081654295
MA2031.1	36371	0.860698659925214	0.0487099039969904
MA2032.1	36371	0.83493872873749	0.0667824143243628
MA2033.1	36371	0.74070405785766	0.0367108759030698
MA2034.1	36371	0.865873182713732	0.0467312016509294
MA2035.1	36371	0.741549438313294	0.0358353170464114
MA2036.1	36371	0.86900329785645	0.0512621425695767
MA2037.1	36371	0.863241408507209	0.0477321087578998
MA2038.1	36371	0.852171176688622	0.0481595736737404
MA2039.1	36371	0.740092579001896	0.0654627662566367
MA2040.1	36371	0.73891523420052	0.0651735156214967
MA2041.1	36371	0.802260603828361	0.0439309842555302
MA2042.1	36371	0.792108603240084	0.041417169456806
MA2043.1	36371	0.885105039954876	0.0485660895554626
MA2044.1	36371	0.875133521309045	0.0525945916269077
MA2045.1	36371	0.743007439339324	0.0358225454909086
MA2046.1	36371	0.787516884992293	0.0460074213199221
MA2047.1	36371	0.858829781549321	0.0475730660638892
MA2048.1	36371	0.829314705839851	0.0425311911058667
MA2049.1	36371	0.877007480820354	0.0498953529258934
MA2050.1	36371	0.849742599423343	0.0447828669934832
MA2051.1	36371	0.867770091982443	0.0453440743167762
MA2052.1	36371	0.86278621582905	0.0447581450787412
MA2053.1	36371	0.827212248514835	0.0417196019314203
MA0008.3	36371	0.824068946130638	0.0475320982527444
MA0930.2	36371	0.816723472750975	0.0664450185331213
MA0938.2	36371	0.734791172651271	0.0378464282502097
MA0964.2	36371	0.754549444447441	0.0645176596529194
MA0965.2	36371	0.768966586936765	0.0729761861313566
MA0994.2	36371	0.707541223928249	0.0567486757870457
MA1055.2	36371	0.786160443368546	0.0484185155488562
MA1068.2	36371	0.742560651597968	0.0482524040325153
MA1069.2	36371	0.771056165312999	0.048407271080025
MA1070.2	36371	0.751069451643184	0.0465134797849633
MA1079.2	36371	0.796877513536749	0.0428210999370291
MA1081.2	36371	0.814829169944956	0.0479160156882528
MA1083.2	36371	0.792145926981301	0.0509398044699902
MA1087.2	36371	0.818339105428853	0.0486185664926813
MA1094.2	36371	0.792096817748127	0.0468890223768272
MA1163.2	36371	0.789947383119182	0.0459643116913167
MA1165.2	36371	0.840392376694979	0.0493155672348822
MA1178.2	36371	0.803025832362219	0.0483075897204649
MA1210.2	36371	0.838904303217911	0.0490972559269541
MA1213.2	36371	0.844880399553266	0.0503293348194012
MA1219.2	36371	0.775484517807574	0.0554624134444095
MA1231.2	36371	0.744613032613443	0.0628145277780766
MA1272.2	36371	0.926503032503141	0.056813262572586
MA1307.2	36371	0.798163538440271	0.0460370846114544
MA0577.3	36371	0.790917106443844	0.0514873272142445
MA1322.2	36371	0.802593250672704	0.0538094553526461
MA1338.2	36371	0.749856135942905	0.0589580663647785
MA1351.2	36371	0.789868320817174	0.0630206624972337
MA1359.2	36371	0.757986781907664	0.075818507096459
MA1360.2	36371	0.786534427638839	0.0790951557218225
MA1386.2	36371	0.848324989024547	0.0493086556216371
MA1390.2	36371	0.84099350865277	0.0455371212178206
MA1392.2	36371	0.825812416805169	0.0518629932866862
MA1427.2	36371	0.831911256954408	0.0431206596323429
MA1663.2	36371	0.848213566457009	0.0469074180036944
MA1664.2	36371	0.813322901988531	0.0516606328527102
MA1665.2	36371	0.785981254044743	0.0478566585051956
MA1666.2	36371	0.750807432474329	0.0444194645058231
MA1667.2	36371	0.822873099722509	0.0508288135799839
MA1674.2	36371	0.859630428998111	0.0471606775631109
MA1676.2	36371	0.846608829149929	0.042877959452017
MA1678.2	36371	0.837106070053591	0.0464092549793923
MA1001.3	36371	0.723433906611379	0.0605225727591155
