[SHORT TFBS MATRIX]
MA0004.1	39591	0.887013130169768	0.0670210221145253
MA0006.1	39591	0.937809699558321	0.0538836574570015
MA0019.1	39591	0.857298950710222	0.039634122813666
MA0029.1	39591	0.789780328647203	0.0489447281065162
MA0030.1	39591	0.817210580926684	0.05094126766875
MA0031.1	39591	0.879191295199664	0.0568355413141954
MA0040.1	39591	0.851922512811543	0.0549858255309756
MA0041.1	39591	0.886289348901961	0.0516573959641556
MA0051.1	39591	0.782825090744363	0.041641583784822
MA0057.1	39591	0.927919518242345	0.0327462770443299
MA0059.1	39591	0.822911324842655	0.0453099383157085
MA0066.1	39591	0.761939073419133	0.0313686905650263
MA0067.1	39591	0.946986799398977	0.0315654914058352
MA0069.1	39591	0.793197648617226	0.0357771722967236
MA0070.1	39591	0.819460995605098	0.0463671248872133
MA0071.1	39591	0.860273703330852	0.0486116090106714
MA0072.1	39591	0.801784464506411	0.046740141326569
MA0073.1	39591	0.818600631247474	0.0442036333922597
MA0074.1	39591	0.779442122188112	0.0366773047732712
MA0077.1	39591	0.877359536182728	0.0453592198762959
MA0078.1	39591	0.909819577847123	0.0486261194853477
MA0084.1	39591	0.915536060912688	0.0452048487013938
MA0087.1	39591	0.912718855812662	0.0640433033213281
MA0091.1	39591	0.842114591662481	0.0430429759557778
MA0092.1	39591	0.904963508252319	0.0340376959846791
MA0101.1	39591	0.894033955139845	0.0384106913862226
MA0107.1	39591	0.853869622069418	0.0472644712242704
MA0108.2	39591	0.854826272165313	0.0447133268956031
MA0109.1	39591	0.960777029203792	0.0164412594622627
MA0111.1	39591	0.88627621608746	0.0288568546475593
MA0115.1	39591	0.70175563558847	0.0413487615292633
MA0116.1	39591	0.846881247950679	0.0396735459140457
MA0119.1	39591	0.766694584937402	0.0479605270638854
MA0125.1	39591	0.898998983100208	0.0535675228642718
MA0130.1	39591	0.982265412437896	0.0246014860443325
MA0135.1	39591	0.827636357769691	0.0601152274147032
MA0139.1	39591	0.793376459564349	0.0412942908048189
MA0142.1	39591	0.78732731575955	0.0465091432639018
MA0149.1	39591	0.714088310845718	0.0542803975526122
MA0138.2	39591	0.708098641847029	0.0385927538612973
MA0002.2	39591	0.877616574613789	0.039051479216823
MA0065.2	39591	0.830750264320694	0.0345768937706497
MA0151.1	39591	0.947888169613587	0.0653070150375374
MA0152.1	39591	0.937362860709185	0.0448174666366023
MA0155.1	39591	0.873552996222258	0.0382828555736499
MA0159.1	39591	0.815466078541648	0.0321105738703173
MA0160.1	39591	0.9224295857522	0.0361173414506041
MA0163.1	39591	0.81927896031038	0.0462730097561535
MA0164.1	39591	0.870711509221095	0.0620773878547525
MA0259.1	39591	0.913788238385694	0.0524024030153368
MA0146.2	39591	0.878257465891609	0.0594844821316225
MA0467.1	39591	0.848638215809119	0.0414651975447496
MA0468.1	39591	0.841645156851246	0.0514758619582514
MA0476.1	39591	0.857099857590459	0.0520534220202514
MA0478.1	39591	0.858308911776632	0.0504645650475656
MA0479.1	39591	0.857392152167058	0.0490584277500059
MA0480.1	39591	0.867934875533451	0.0460311737227338
MA0483.1	39591	0.870596323496973	0.0435692590817983
MA0488.1	39591	0.826916912724035	0.0472187868676741
MA0489.1	39591	0.834880991833078	0.0465913217759369
MA0492.1	39591	0.826467743905833	0.0465484549100819
MA0493.1	39591	0.883984200562233	0.0454828931621951
MA0494.1	39591	0.818575523176435	0.0333339796138164
MA0497.1	39591	0.851468541213011	0.0547450623124535
MA0501.1	39591	0.774420365699444	0.0425537268619836
MA0503.1	39591	0.879354039422408	0.0374743949919688
MA0504.1	39591	0.840293555205668	0.0350099523039653
MA0505.1	39591	0.808875414313186	0.0445843940768348
MA0506.1	39591	0.85471871864095	0.0630876910858403
MA0507.1	39591	0.827365265128825	0.0588081075190152
MA0513.1	39591	0.833131326697777	0.0421292804300989
MA0514.1	39591	0.905253171820322	0.0404817849100379
MA0515.1	39591	0.895868396655659	0.0443536234388151
MA0517.1	39591	0.817409609155304	0.0456522978886871
MA0518.1	39591	0.860701535323027	0.0431026339647051
MA0519.1	39591	0.876958752541165	0.0436873198990228
MA0520.1	39591	0.843174652849563	0.0452813367673955
MA0521.1	39591	0.887678800307291	0.0501324630219217
MA0523.1	39591	0.845254760396041	0.0420523449134655
MA0527.1	39591	0.785690308041845	0.0497252884172215
MA0076.2	39591	0.867163986688539	0.0477800306311578
MA0258.2	39591	0.821718887657334	0.0376734225953184
MA0050.2	39591	0.786927703652256	0.0502444836795116
MA0150.2	39591	0.773601497657322	0.0421330769959853
MA0137.3	39591	0.857275532672144	0.048218536814108
MA0144.2	39591	0.885994037685351	0.0418904733291032
MA0140.2	39591	0.795494785093393	0.0440909188187702
MA0095.2	39591	0.825267484610032	0.0491216700489059
MA0591.1	39591	0.789234296428429	0.0398908259140263
MA0593.1	39591	0.870018821285456	0.0538216577127772
MA0595.1	39591	0.880402239838429	0.0430148775478775
MA0596.1	39591	0.865557969415768	0.0452389523864824
MA0597.1	39591	0.934824083192561	0.0267416968777527
MA0599.1	39591	0.941979519335135	0.0514129576831791
MA0601.1	39591	0.855806501107997	0.0702959573830481
MA0602.1	39591	0.834335774131209	0.0608236227221702
MA0603.1	39591	0.84364478220376	0.0525781437977791
MA0604.1	39591	0.860366283106636	0.0516604419939589
MA0606.1	39591	0.904545954071423	0.040981438375663
MA0607.1	39591	0.890084017651746	0.0497994044237021
MA0608.1	39591	0.855005816527323	0.0483842437294683
MA0610.1	39591	0.829792822697834	0.0565314635884574
MA0611.1	39591	0.886972520904616	0.0645811480110972
MA0613.1	39591	0.874994090865441	0.0650510097830823
MA0614.1	39591	0.899171866385939	0.0563340761012227
MA0615.1	39591	0.831712726248795	0.0395980387085934
MA0618.1	39591	0.889043874723901	0.0549305108746919
MA0619.1	39591	0.905398029642913	0.0668074164951656
MA0621.1	39591	0.825602262241326	0.0770818528625575
MA0622.1	39591	0.854958476463574	0.0609625197259248
MA0624.1	39591	0.911325506363345	0.0414398688869449
MA0625.1	39591	0.895448482766388	0.0448000087708918
MA0626.1	39591	0.87087449082627	0.0499311960641534
MA0628.1	39591	0.827383174941226	0.0673662121341369
MA0629.1	39591	0.821572553703682	0.0374109577814058
MA0630.1	39591	0.907356405739067	0.0599120914301216
MA0631.1	39591	0.767011601734375	0.0445338065038431
MA0633.1	39591	0.84622726015061	0.055823896199802
MA0634.1	39591	0.876300298977297	0.0551256494234052
MA0007.3	39591	0.750047479540425	0.0405535388276038
MA0635.1	39591	0.898333545014748	0.0418562825418172
MA0636.1	39591	0.802401817099403	0.052554510524775
MA0637.1	39591	0.798647905756641	0.0339410127132362
MA0638.1	39591	0.780066682205645	0.0409149199311321
MA0639.1	39591	0.818042778967844	0.0534713892600797
MA0641.1	39591	0.797548919563952	0.0457282395832923
MA0136.2	39591	0.882181019655743	0.0367996314120845
MA0027.2	39591	0.906947621967104	0.0525990084194057
MA0642.1	39591	0.893410658455452	0.0402041496383689
MA0643.1	39591	0.850860418446659	0.0474987585169054
MA0644.1	39591	0.886346071461572	0.0519747618019525
MA0645.1	39591	0.868250507341737	0.0460433087523374
MA0475.2	39591	0.846595286219348	0.0464939512851724
MA0042.2	39591	0.893825204220759	0.0574822082519874
MA0033.2	39591	0.927301692809658	0.0550532672351907
MA0157.2	39591	0.86668718374975	0.0566935692486347
MA0646.1	39591	0.823944824079744	0.0383330725902081
MA0647.1	39591	0.784418460442522	0.0480970091809045
MA0648.1	39591	0.874538038926828	0.0482271961966275
MA0649.1	39591	0.83730914072259	0.0515746419037033
MA0131.2	39591	0.831825194112866	0.0521443997829218
MA0046.2	39591	0.780902544711501	0.0593939224560879
MA0153.2	39591	0.770049791002669	0.0596387236336029
MA0651.1	39591	0.828387065072226	0.0482912477286668
MA0486.2	39591	0.772254640846489	0.0503167558298237
MA0652.1	39591	0.743716772281596	0.0435879942774034
MA0653.1	39591	0.720240422272188	0.0456296966434463
MA0654.1	39591	0.891682223414781	0.0677701267373665
MA0655.1	39591	0.81009817639477	0.0556274883475305
MA0656.1	39591	0.767975999958491	0.0537358143787157
MA0657.1	39591	0.754812315063693	0.0398348020256826
MA0658.1	39591	0.847814011202521	0.0538022546475943
MA0660.1	39591	0.802904664104648	0.066295857264911
MA0661.1	39591	0.874581208695749	0.0518295654153886
MA0662.1	39591	0.900713217575887	0.0536755695932462
MA0663.1	39591	0.802906292960489	0.0501476675451811
MA0664.1	39591	0.825825550941746	0.0484618410466247
MA0665.1	39591	0.835599743992808	0.0431499101921499
MA0666.1	39591	0.901339748258818	0.053983058980127
MA0667.1	39591	0.822210213126125	0.0477468930794284
MA0668.1	39591	0.874387910787044	0.035585323100299
MA0669.1	39591	0.825236019227573	0.0459667340314541
MA0670.1	39591	0.876920985123827	0.0661635694484318
MA0671.1	39591	0.949932624215723	0.0286439866872182
MA0048.2	39591	0.849624596111409	0.0499170162015366
MA0672.1	39591	0.893138305807321	0.0407602968996097
MA0673.1	39591	0.922528303741529	0.0332457118606259
MA0674.1	39591	0.907557888473904	0.0558907748228253
MA0675.1	39591	0.916429028181724	0.0555162437809082
MA0676.1	39591	0.872073309132886	0.0486396290390995
MA0677.1	39591	0.769731739467085	0.0415163595495432
MA0678.1	39591	0.828694355287426	0.0474427705111907
MA0068.2	39591	0.8623088210826	0.0554835973960997
MA0680.1	39591	0.772188019255501	0.0664604017761349
MA0683.1	39591	0.732732111595008	0.0573093164537055
MA0512.2	39591	0.749526809386741	0.043209150841362
MA0685.1	39591	0.80444823515451	0.0556490782646126
MA0686.1	39591	0.819334420892743	0.042208744192236
MA0687.1	39591	0.830436226402818	0.0394075697737023
MA0083.3	39591	0.715755163383637	0.044772425839039
MA0009.2	39591	0.728934654427685	0.0398491227958813
MA0688.1	39591	0.85046876790893	0.0400314088592095
MA0689.1	39591	0.832206644020878	0.0414985221177965
MA0690.1	39591	0.833559125144864	0.0448367902929305
MA0691.1	39591	0.828717301876755	0.050406197603354
MA0145.3	39591	0.830572528018288	0.042796787330999
MA0692.1	39591	0.848527270936613	0.0470958025535523
MA0694.1	39591	0.816330294150192	0.0431439657592664
MA0695.1	39591	0.840912317507652	0.0389508122923949
MA0696.1	39591	0.788098555409439	0.0449506967647271
MA0697.1	39591	0.799676549747072	0.0429413799565266
MA0698.1	39591	0.825805490718336	0.0454030651576388
MA0699.1	39591	0.884789312012442	0.0501891469894552
MA0704.1	39591	0.894983287805111	0.0531861806801968
MA0705.1	39591	0.901101665077204	0.0525170929193781
MA0706.1	39591	0.88157477965625	0.0510224522365945
MA0707.1	39591	0.899916749334489	0.0513622548530991
MA0708.1	39591	0.884142042676435	0.059874052476051
MA0709.1	39591	0.893773673113103	0.0639948669499762
MA0710.1	39591	0.892252416555156	0.0500497298628461
MA0124.2	39591	0.868991496848971	0.0453395905831232
MA0711.1	39591	0.901888063331553	0.0522470153315216
MA0132.2	39591	0.912651575734797	0.0610305714477778
MA0713.1	39591	0.821927156892994	0.0625913638892293
MA0714.1	39591	0.894618411539815	0.048875224105506
MA0715.1	39591	0.799896171687941	0.0692754716599836
MA0716.1	39591	0.900192173771613	0.0612764076653087
MA0717.1	39591	0.903774273445914	0.0571966687001115
MA0718.1	39591	0.884258935697167	0.0564651554844228
MA0719.1	39591	0.970188289994557	0.0232953906797905
MA0720.1	39591	0.900380653949874	0.0616957579096439
MA0721.1	39591	0.902278196196315	0.0588525434278173
MA0722.1	39591	0.900881296393615	0.0533916946951582
MA0723.1	39591	0.897726296502007	0.0523849830182978
MA0724.1	39591	0.864640548398564	0.052846241767168
MA0725.1	39591	0.888743408147617	0.062699735821156
MA0726.1	39591	0.873751874538061	0.0642121965787875
MA0112.3	39591	0.740739439786643	0.0415816386118908
MA0141.3	39591	0.808246242653231	0.052359197900695
MA0017.2	39591	0.845242774255239	0.0507813401021432
MA0113.3	39591	0.753331121671036	0.0430201830281717
MA0727.1	39591	0.749462869924931	0.0432728455116021
MA0728.1	39591	0.750276844911303	0.051382190384918
MA0729.1	39591	0.726879064061795	0.0421578235734095
MA0730.1	39591	0.73439121852224	0.0387695211994017
MA0731.1	39591	0.696414886070135	0.0413011094880116
MA0472.2	39591	0.821542501372222	0.048943518335871
MA0732.1	39591	0.794170672204738	0.0565147428029189
MA0733.1	39591	0.794111861988724	0.0449926669601567
MA0735.1	39591	0.71877449841859	0.0415057570243516
MA0736.1	39591	0.802275885788909	0.0419144554342149
MA0737.1	39591	0.761099474133743	0.0384799469340514
MA0738.1	39591	0.927569666908306	0.0358485133111722
MA0739.1	39591	0.889517451323822	0.0385294735781759
MA0740.1	39591	0.831777605161515	0.0523352694158809
MA0741.1	39591	0.885721133338948	0.0582830646421041
MA0742.1	39591	0.826438859683203	0.0461460230359907
MA0747.1	39591	0.885239115363756	0.045593927483798
MA0749.1	39591	0.724761354882972	0.0397252883914221
MA0751.1	39591	0.819713866276639	0.040814447141916
MA0088.2	39591	0.769853331149939	0.0388065842341063
MA0752.1	39591	0.711210774363308	0.0427955014730088
MA0754.1	39591	0.820800739964539	0.0596474338057366
MA0755.1	39591	0.80449076798548	0.0584012405604245
MA0756.1	39591	0.777766232311386	0.0593801773021385
MA0757.1	39591	0.776908262221396	0.0631017684206065
MA0758.1	39591	0.719331566839881	0.0453535417322606
MA0759.1	39591	0.84331566571253	0.0482870813360235
MA0760.1	39591	0.847669010197877	0.0439831352426103
MA0474.2	39591	0.86586882402555	0.0435203426870489
MA0098.3	39591	0.863385077445406	0.0442416110411362
MA0762.1	39591	0.825984140427446	0.0431009212634039
MA0763.1	39591	0.851839041530306	0.0416237080171916
MA0156.2	39591	0.857431029960236	0.0451453551119195
MA0767.1	39591	0.854983791703616	0.0383376159008602
MA0768.1	39591	0.779339038615643	0.0448443438673379
MA0770.1	39591	0.785544949797993	0.0489806970188111
MA0771.1	39591	0.81019411250612	0.0451668110474099
MA0772.1	39591	0.796608332121323	0.0474091794199627
MA0773.1	39591	0.815214382023536	0.068624866133126
MA0498.2	39591	0.957481993107075	0.0407768131860581
MA0774.1	39591	0.892967217643091	0.0496790425647525
MA0775.1	39591	0.917660785255393	0.0436420776289749
MA0776.1	39591	0.769368629924335	0.042194357276866
MA0777.1	39591	0.736087646619663	0.0396736992327092
MA0105.4	39591	0.751859393299086	0.0523987578350123
MA0778.1	39591	0.784889908610306	0.0525018491289597
MA0779.1	39591	0.765466843394444	0.0321085981160593
MA0780.1	39591	0.782576231154416	0.0669029784475668
MA0781.1	39591	0.742336878485969	0.0352803595387393
MA0783.1	39591	0.757023316962233	0.0485120784444454
MA0784.1	39591	0.780683251075236	0.0580171863965457
MA0785.1	39591	0.826747131220227	0.0580081448295723
MA0786.1	39591	0.826587144257034	0.0607051682252989
MA0787.1	39591	0.815588286012927	0.0603078793156805
MA0788.1	39591	0.810841086216556	0.0594233430940684
MA0789.1	39591	0.838321241007094	0.0644749692002526
MA0790.1	39591	0.782389139638972	0.0635471489885206
MA0791.1	39591	0.760393043168239	0.0616974476539686
MA0792.1	39591	0.859356085906833	0.0591322562843509
MA0793.1	39591	0.845968527213383	0.0558484604316437
MA0794.1	39591	0.78482802587158	0.0409945787787825
MA0600.2	39591	0.740551968613199	0.045852887523517
MA0795.1	39591	0.782704557398474	0.0461951043293373
MA0796.1	39591	0.732199814854373	0.0510575004132605
MA0797.1	39591	0.763081485241848	0.0467700396614506
MA0799.1	39591	0.790168673748566	0.0412838100007582
MA0510.2	39591	0.73339324292629	0.0464904822053337
MA0511.2	39591	0.857349894657009	0.0444021517461733
MA0800.1	39591	0.818509920423392	0.0424210489974731
MA0801.1	39591	0.891715322776388	0.0486741862368951
MA0802.1	39591	0.836450802727234	0.0450216428835504
MA0803.1	39591	0.871753772989891	0.0533837809194283
MA0804.1	39591	0.711895274659051	0.0386183154779256
MA0805.1	39591	0.871734733752624	0.0535853043987342
MA0806.1	39591	0.896201982085311	0.0458305936617511
MA0807.1	39591	0.902831194457774	0.0425230099873286
MA0808.1	39591	0.90547040166415	0.0489024302379119
MA0810.1	39591	0.887236603052144	0.0450422090724407
MA0811.1	39591	0.872752784084487	0.044006044198621
MA0812.1	39591	0.872799070356409	0.0483368949413158
MA0813.1	39591	0.833887565847949	0.0529777660454555
MA0524.2	39591	0.868959384776874	0.0438823396515411
MA0815.1	39591	0.826917290807647	0.0554669216671315
MA0816.1	39591	0.86093871282331	0.048094251879257
MA0461.2	39591	0.855803035753102	0.0446059568404354
MA0464.2	39591	0.836447568360382	0.0542052220145444
MA0817.1	39591	0.799096679645092	0.0510096926718649
MA0818.1	39591	0.827725301491987	0.0483975253764303
MA0819.1	39591	0.835788103037485	0.0428238383127772
MA0820.1	39591	0.894512023442005	0.0436989159726901
MA0821.1	39591	0.772580846815637	0.0520279603011863
MA0822.1	39591	0.754858572856039	0.0543135544224909
MA0823.1	39591	0.828517926999872	0.0569333133756735
MA0058.3	39591	0.851545220046357	0.053163138372133
MA0825.1	39591	0.862590379914704	0.0511552352839894
MA0826.1	39591	0.811415653003495	0.0505694176593129
MA0827.1	39591	0.850964228394855	0.0431968090845841
MA0828.1	39591	0.812466323294495	0.0506317344788185
MA0832.1	39591	0.766037315460137	0.0462999495191124
MA0834.1	39591	0.756478437530029	0.0527972644691078
MA0466.2	39591	0.844298624811072	0.0438189795171053
MA0837.1	39591	0.852111509386069	0.042386364373381
MA0838.1	39591	0.807438237942007	0.0462022238332136
MA0839.1	39591	0.756756798927684	0.0401488617083593
MA0840.1	39591	0.787631293107024	0.0537846703513843
MA0117.2	39591	0.843442807592515	0.0420955477794165
MA0841.1	39591	0.792598142264279	0.0517381585682035
MA0843.1	39591	0.807159187455767	0.0528112518894735
MA0844.1	39591	0.7750166140803	0.0397609951922046
MA0845.1	39591	0.844208025742282	0.0579113056114743
MA0032.2	39591	0.873031097634833	0.0552928003924061
MA0846.1	39591	0.867101854412321	0.0561979926856263
MA0848.1	39591	0.911937719320391	0.0527675416834321
MA0849.1	39591	0.897165211986276	0.0569913033365677
MA0850.1	39591	0.940050561029596	0.0381251983425705
MA0851.1	39591	0.8266129888843	0.0546756172798519
MA0853.1	39591	0.779562113167014	0.0501455593565156
MA0854.1	39591	0.784766440464032	0.0524940228803776
MA0855.1	39591	0.746410005428832	0.0433134312313649
MA0856.1	39591	0.756663578900073	0.0425158929973818
MA0857.1	39591	0.720546131095046	0.0472237038271169
MA0858.1	39591	0.727552663312089	0.0402370188015784
MA0859.1	39591	0.741965784319328	0.0504587204722211
MA0860.1	39591	0.725363428624028	0.044400057338306
MA0525.2	39591	0.723147739673133	0.0379722527505075
MA0106.3	39591	0.731986661492021	0.0362208644100584
MA0861.1	39591	0.767200552104999	0.0385582005800283
MA0862.1	39591	0.838175510717427	0.0467975615386629
MA0863.1	39591	0.747868439500689	0.0379211727282497
MA0024.3	39591	0.787458203121491	0.0428484082268773
MA0865.1	39591	0.757615664550909	0.0449866214488631
MA0866.1	39591	0.730535626438735	0.0509860549755137
MA0869.1	39591	0.697627635669195	0.0536799479254906
MA0870.1	39591	0.730542477952502	0.0510373170499141
MA0872.1	39591	0.821934356727129	0.0567625572137095
MA0028.2	39591	0.821238893492033	0.0533378789191752
MA0873.1	39591	0.818110433475233	0.0461634880206945
MA0874.1	39591	0.772452516576698	0.0499468659474731
MA0875.1	39591	0.924875274151978	0.0512905112625177
MA0876.1	39591	0.927922575491267	0.048646675796782
MA0879.1	39591	0.903678468123395	0.0518600723168944
MA0880.1	39591	0.914405503425964	0.0584217688898298
MA0881.1	39591	0.914028084622984	0.0562851543573465
MA0882.1	39591	0.913541725111597	0.0573016678217597
MA0883.1	39591	0.818511075103575	0.0426732040846074
MA0884.1	39591	0.823439676254286	0.0516043415589561
MA0885.1	39591	0.90968482940556	0.0655893418824344
MA0886.1	39591	0.869439286979481	0.0549218441909387
MA0887.1	39591	0.892288143332916	0.0448305899862078
MA0888.1	39591	0.889463414322741	0.0454768524058721
MA0889.1	39591	0.858895249023975	0.0555340816998783
MA0890.1	39591	0.877437647767914	0.0588633550037657
MA0891.1	39591	0.887518942271294	0.0427325327105732
MA0892.1	39591	0.901876809053644	0.0439000505074329
MA0894.1	39591	0.874687145066764	0.0606183298026349
MA0895.1	39591	0.865648103343084	0.0450642467516612
MA0896.1	39591	0.791466439369697	0.0426993576689249
MA0897.1	39591	0.772984622717687	0.0467950601926569
MA0898.1	39591	0.771305696211733	0.0468190547769999
MA0899.1	39591	0.869525581188851	0.0543619032517175
MA0903.1	39591	0.914418681179317	0.0488878580937942
MA0905.1	39591	0.868319242518134	0.0502218685503562
MA0906.1	39591	0.811848356944294	0.0476325564469111
MA0907.1	39591	0.817980389477188	0.0489989450774468
MA0908.1	39591	0.853044105808687	0.0497876910078677
MA0911.1	39591	0.832368310763543	0.0442910887200027
MA0914.1	39591	0.903638797994695	0.0439907742439971
MA0852.2	39591	0.829957655467217	0.0479643145591559
MA0036.3	39591	0.862672594285304	0.0558749953052717
MA1106.1	39591	0.855848903032006	0.0559532636902271
MA0147.3	39591	0.83114470356462	0.054099363780539
MA0100.3	39591	0.891425915339811	0.0578359002022233
MA0104.4	39591	0.810773580824363	0.0531894015877747
MA1109.1	39591	0.851582185594969	0.0447834986984292
MA0161.2	39591	0.866342252632319	0.048761035661303
MA0060.3	39591	0.844585699466664	0.0559209601530414
MA1110.1	39591	0.82869946981034	0.0485319359939635
MA1111.1	39591	0.8622082684376	0.050798165562689
MA0014.3	39591	0.834352055559323	0.0456610252698519
MA1114.1	39591	0.783893890690123	0.0460426161543298
MA1115.1	39591	0.859421065143552	0.0606220551591676
MA1116.1	39591	0.921836561465147	0.0588569072058841
MA1117.1	39591	0.852335067804414	0.0443924767861563
MA1118.1	39591	0.820915347622872	0.0453877821158306
MA1119.1	39591	0.768448622906545	0.0424166734672391
MA0442.2	39591	0.888594946003002	0.0552499408864203
MA1120.1	39591	0.868034122341572	0.0546989942255228
MA1121.1	39591	0.83566261958096	0.0460861105569855
MA1122.1	39591	0.864326812699757	0.0595611618992396
MA0750.2	39591	0.842998106886668	0.0512928910513386
MA0103.3	39591	0.903909472188734	0.0553595547908013
MA1124.1	39591	0.752392133164469	0.0620708528117477
MA1125.1	39591	0.882943996815058	0.0927661066633502
MA1154.1	39591	0.762427228931989	0.0370423001052951
MA1155.1	39591	0.758668956896524	0.0425516739742056
MA0037.3	39591	0.90475778309022	0.055130074480709
MA0099.3	39591	0.845526175878223	0.0485790154520825
MA1126.1	39591	0.775462251040372	0.0436919299785111
MA1127.1	39591	0.783758210778967	0.0519188239411664
MA1128.1	39591	0.832964898835736	0.0485292039330458
MA1129.1	39591	0.795848226118609	0.0514114261321712
MA1130.1	39591	0.840128905937818	0.0486588849814291
MA1131.1	39591	0.807057805592989	0.0504364102456496
MA1132.1	39591	0.848298777939925	0.044471507861225
MA1133.1	39591	0.797939612186847	0.0485300139356838
MA1134.1	39591	0.825626732768689	0.0500627319210111
MA1135.1	39591	0.841586457343517	0.0510225880081142
MA1136.1	39591	0.808731509525462	0.0498516425076608
MA1137.1	39591	0.830608846036569	0.0469267902513584
MA1138.1	39591	0.838091109168327	0.0528280386948109
MA1139.1	39591	0.779740190265207	0.053456306040708
MA1141.1	39591	0.825243952107564	0.0487829592172165
MA1142.1	39591	0.866514170811344	0.0447674494489884
MA1143.1	39591	0.836886208750489	0.0457604957123748
MA1144.1	39591	0.837542165807302	0.0508011101400635
MA1145.1	39591	0.78400239746255	0.0492580704176424
MA1146.1	39591	0.779580335145387	0.0341571614736789
MA1147.1	39591	0.793541193987118	0.0346591230304828
MA1148.1	39591	0.781642329654587	0.0336343574626167
MA1149.1	39591	0.808733596647485	0.0356475113969589
MA1150.1	39591	0.857676456132841	0.0412348458541006
MA1151.1	39591	0.860962634349077	0.0388711573745578
MA1152.1	39591	0.909572835860071	0.0460921412666805
MA0831.2	39591	0.880735892348514	0.0496297411383651
MA0693.2	39591	0.915297489231979	0.0472562421723755
MA1153.1	39591	0.888958700327596	0.0569640296155387
MA1418.1	39591	0.732833179012612	0.0406701020684757
MA1419.1	39591	0.727733940407803	0.0421057444807664
MA1420.1	39591	0.770327944524567	0.0374232696119164
MA1421.1	39591	0.800834730326719	0.0452791482260419
MA1463.1	39591	0.830375887208387	0.0677651324175209
MA1464.1	39591	0.830611444784714	0.0547408256759319
MA1466.1	39591	0.75569177085225	0.0411082588776797
MA1467.1	39591	0.854282219391503	0.0438181126632471
MA1468.1	39591	0.87546805464	0.0372750972639255
MA1101.2	39591	0.743417018962852	0.0449392319656657
MA1470.1	39591	0.723390444667446	0.0386681664351342
MA1471.1	39591	0.864281602540667	0.0574540042276403
MA1472.1	39591	0.897144620745351	0.0406906966341512
MA1473.1	39591	0.835871345623827	0.0547781377599114
MA1474.1	39591	0.812195466573666	0.0420063690813259
MA1475.1	39591	0.799733656065626	0.0474194926481405
MA1476.1	39591	0.886243103945315	0.0736545603880086
MA1478.1	39591	0.840565620105432	0.0459292295056891
MA1479.1	39591	0.812576197659631	0.0486271977517476
MA1480.1	39591	0.841766266811795	0.0470118531669776
MA1481.1	39591	0.906318285673503	0.0597293283492517
MA1483.1	39591	0.806829031805649	0.045218345892482
MA1484.1	39591	0.86401967695291	0.0456078812645243
MA1485.1	39591	0.788306092224116	0.0432101483601711
MA1487.1	39591	0.817740561857812	0.0502455816577018
MA1489.1	39591	0.813635043317926	0.0750317921572206
MA1491.1	39591	0.802183870795288	0.040317825422563
MA1493.1	39591	0.824397407469962	0.0426815643087556
MA1494.1	39591	0.753809416542547	0.0405440926345592
MA1495.1	39591	0.907679177018186	0.0471338322945671
MA1496.1	39591	0.927311470462315	0.0418409113918468
MA1497.1	39591	0.881853955345293	0.0439875835327346
MA1498.1	39591	0.914498943858928	0.048651865932234
MA1499.1	39591	0.904208645279959	0.0640086430928773
MA1500.1	39591	0.921956196733319	0.043577872977517
MA1501.1	39591	0.868134099981913	0.0445482642696156
MA1502.1	39591	0.909721987983576	0.0533484943021463
MA1503.1	39591	0.827930470100444	0.0510473674100964
MA1504.1	39591	0.928490450467973	0.0575308773776387
MA1505.1	39591	0.909844698721916	0.045278337709066
MA1506.1	39591	0.810295409898121	0.0479609849234286
MA1507.1	39591	0.922273346396682	0.0619503545312355
MA1508.1	39591	0.860201230882417	0.045265253568452
MA1509.1	39591	0.820106770035347	0.0442348717703384
MA1511.1	39591	0.877286205875879	0.0484667202140175
MA1512.1	39591	0.880173228786647	0.0540850515001761
MA1513.1	39591	0.875324669515453	0.08889020992813
MA1514.1	39591	0.801293588340815	0.0466989103315673
MA1515.1	39591	0.912971131616675	0.053571409295534
MA1516.1	39591	0.863866555987434	0.0554238402715577
MA1517.1	39591	0.898681881341674	0.051851020301719
MA1518.1	39591	0.920033150978768	0.0420342230940944
MA1519.1	39591	0.879518886857372	0.067614315693878
MA1520.1	39591	0.773249794779776	0.0367240458003824
MA1521.1	39591	0.781207990219031	0.0372247856984465
MA1522.1	39591	0.898040764318613	0.0679599615034273
MA1523.1	39591	0.875810445921316	0.0401004114183594
MA1524.1	39591	0.871529194174361	0.0443790228087622
MA1525.1	39591	0.894665854979596	0.046561801857441
MA1527.1	39591	0.768061137002599	0.0474341998145324
MA1528.1	39591	0.778940268327595	0.0458218466822436
MA1529.1	39591	0.75173170485111	0.044587470529431
MA1530.1	39591	0.894583661511821	0.0517141824898529
MA1531.1	39591	0.798823727960684	0.0391172532815399
MA1532.1	39591	0.823758238067061	0.0323400047772159
MA1533.1	39591	0.803824579548125	0.0316210623059992
MA1534.1	39591	0.87741112452884	0.0466065446920487
MA1535.1	39591	0.943818137822335	0.0482296646836924
MA1536.1	39591	0.969659862395221	0.0269520849906475
MA1537.1	39591	0.777118865730532	0.0399823228337148
MA1538.1	39591	0.758713362467005	0.0407007823518844
MA1539.1	39591	0.745181181873437	0.0416554123027403
MA1540.1	39591	0.873339527119103	0.0455296572857659
MA1541.1	39591	0.775722020502993	0.0387967603963639
MA1542.1	39591	0.857658590337771	0.041833925723455
MA1544.1	39591	0.777423339073531	0.045069083117829
MA1545.1	39591	0.811645832074646	0.0430195724345104
MA1546.1	39591	0.771845442911145	0.0336822316132263
MA1547.1	39591	0.904319997520845	0.0665966090206834
MA1548.1	39591	0.867389869982221	0.0628574410030276
MA1549.1	39591	0.8726570978457	0.0498254888735996
MA1550.1	39591	0.777711764515408	0.0387050662851067
MA1552.1	39591	0.777645929607315	0.0375386871792945
MA1553.1	39591	0.766922910367188	0.0386668477157857
MA1554.1	39591	0.901820316724148	0.0334236124284586
MA1555.1	39591	0.787268975236404	0.0390367039666923
MA1556.1	39591	0.783247340491533	0.0409278611197399
MA1557.1	39591	0.806465993339938	0.0420059957194289
MA1558.1	39591	0.905860594553608	0.0506507554589983
MA1559.1	39591	0.86703790816396	0.0498195494862519
MA1560.1	39591	0.824931279438474	0.0536819335723575
MA1561.1	39591	0.795698546706054	0.0433851078774867
MA1562.1	39591	0.812438993518783	0.0467689872791366
MA1563.1	39591	0.938951608960026	0.0283736313193589
MA1564.1	39591	0.880172647082937	0.0572013382827194
MA1565.1	39591	0.844213113816127	0.0406925352432398
MA1566.1	39591	0.905330917080664	0.0341404228229878
MA1567.1	39591	0.881911494119343	0.038937281372515
MA1568.1	39591	0.833841069931772	0.0363156940898873
MA1569.1	39591	0.894069070455675	0.0557407905188558
MA1570.1	39591	0.89090469759129	0.0392428516117047
MA1571.1	39591	0.777438424063931	0.0432010701901139
MA1572.1	39591	0.784026203874183	0.0423379923630938
MA1573.1	39591	0.738708600473262	0.0523840451570859
MA1574.1	39591	0.819235969760609	0.0349534646236397
MA1575.1	39591	0.758547049226528	0.0395799464389035
MA1576.1	39591	0.75962042340419	0.0348200423525274
MA1577.1	39591	0.901218647360829	0.0700624944028765
MA1578.1	39591	0.889085699461344	0.0546774014824171
MA1579.1	39591	0.860944362711427	0.0498781078351919
MA1580.1	39591	0.820651494145599	0.055475838540436
MA1581.1	39591	0.854732730751395	0.0501258352206614
MA1583.1	39591	0.839508424997693	0.0482184968598276
MA1584.1	39591	0.786760964704142	0.0449734872702496
MA1585.1	39591	0.822381988692791	0.050283266486853
MA1587.1	39591	0.823571342371305	0.0642803628772504
MA1588.1	39591	0.759995355369538	0.0397875256452256
MA1589.1	39591	0.71028437289516	0.0368247376565375
MA1592.1	39591	0.799411123174099	0.0371696914529562
MA1593.1	39591	0.826911595670443	0.0458098061665428
MA1594.1	39591	0.701534501315265	0.0307264884810564
MA1596.1	39591	0.820890980521988	0.0879338036991801
MA1597.1	39591	0.728310071759087	0.039623070537794
MA1599.1	39591	0.784003516457396	0.0499033530247527
MA1600.1	39591	0.746130708227118	0.0351627131380816
MA1601.1	39591	0.868860812266844	0.0509225664181147
MA1602.1	39591	0.806746520208543	0.0415505925074146
MA1603.1	39591	0.797318387418307	0.048960036862899
MA1604.1	39591	0.824743278364507	0.0519458122171032
MA1606.1	39591	0.861894470503674	0.0611838793451237
MA1607.1	39591	0.82246087087699	0.0565966637141011
MA1608.1	39591	0.85692519873967	0.0524804540080954
MA1615.1	39591	0.847079963210873	0.0562081294629384
MA1616.1	39591	0.801447290287619	0.0417993092818526
MA1618.1	39591	0.85215373472819	0.0483458919575751
MA1619.1	39591	0.856420658382263	0.0527387710586985
MA1620.1	39591	0.867767515789875	0.0507108154242774
MA1621.1	39591	0.864107642916299	0.049444337926992
MA1622.1	39591	0.829261505628486	0.0541202209069083
MA1623.1	39591	0.835248969234037	0.0552647903520388
MA1624.1	39591	0.839389578792378	0.0514503660523767
MA1625.1	39591	0.82472986144106	0.0524979997802285
MA1627.1	39591	0.847160160159641	0.0560599098792986
MA1628.1	39591	0.889435315863858	0.0518848197943157
MA1629.1	39591	0.826468191841465	0.0477168323279586
MA1630.1	39591	0.843185165122345	0.0606925506785671
MA1100.2	39591	0.897069996579766	0.0438851583223142
MA0605.2	39591	0.767100219269468	0.0559306116955736
MA0877.2	39591	0.915755936175168	0.0392980458490582
MA0462.2	39591	0.8292841295087	0.0547622970297453
MA0463.2	39591	0.765697792896964	0.0398004341717791
MA0878.2	39591	0.825279032435026	0.0539238820324392
MA0864.2	39591	0.775211144948539	0.0427180197240846
MA0469.3	39591	0.718937550917207	0.039122437154559
MA0470.2	39591	0.767069104153467	0.0422925362533085
MA0612.2	39591	0.881570447223645	0.0608806478738446
MA0847.2	39591	0.85394562312154	0.0496104993642993
MA0766.2	39591	0.882256743237026	0.0512261936372708
MA0038.2	39591	0.827946509130436	0.0443008697668583
MA0734.2	39591	0.784504955032405	0.0410767192845372
MA0893.2	39591	0.927270680693028	0.0438480952579725
MA1099.2	39591	0.870954730162069	0.0594314834276772
MA0616.2	39591	0.829039331328718	0.0591710089225173
MA0650.2	39591	0.831472214140819	0.049890655091379
MA0900.2	39591	0.882600758150275	0.065645405623997
MA0158.2	39591	0.902224556972166	0.0505122908154902
MA0594.2	39591	0.887587525765298	0.0398575840193417
MA0902.2	39591	0.91538479572039	0.0512561273355371
MA0904.2	39591	0.894741499803782	0.0529380832197259
MA0485.2	39591	0.819054273858099	0.0522117512678051
MA0909.2	39591	0.841347964395993	0.0432007091213865
MA0912.2	39591	0.862110439280257	0.0574739117886164
MA0910.2	39591	0.90411655176275	0.0523874693881076
MA0913.2	39591	0.860402258500702	0.0568214415305484
MA1140.2	39591	0.746649850149982	0.0524108463002355
MA0701.2	39591	0.876553752741306	0.0617086772310134
MA0702.2	39591	0.854325071278903	0.0725697280882043
MA0703.2	39591	0.808917226323985	0.0768046408362088
MA0623.2	39591	0.826969160814925	0.0484092844997803
MA0842.2	39591	0.809744988062306	0.0433067307385973
MA0682.2	39591	0.89903980443677	0.0636097736471678
MA0075.3	39591	0.867338027843328	0.0707558561957903
MA0867.2	39591	0.899349897871566	0.0466248954019093
MA0868.2	39591	0.866543022339375	0.0479849077750844
MA0079.4	39591	0.825915187321004	0.0572974558768672
MA0516.2	39591	0.802436018169299	0.0481816301743099
MA0746.2	39591	0.867234255705453	0.0576433299295601
MA0632.2	39591	0.850284988961215	0.0597761173964074
MA0871.2	39591	0.821947727721813	0.0540651706677944
MA0753.2	39591	0.822297020314656	0.0576121765499866
MA0122.3	39591	0.8178934679263	0.0531722627882309
MA1631.1	39591	0.86394508778675	0.050428872088156
MA1632.1	39591	0.818074889148461	0.0544432190811648
MA1633.1	39591	0.799999811648383	0.0493739907012482
MA1634.1	39591	0.831076598147211	0.055026738143245
MA1635.1	39591	0.883699403578837	0.0656903739533023
MA1636.1	39591	0.799592811333116	0.0493865499700786
MA1637.1	39591	0.82458766765245	0.0538168022692839
MA1638.1	39591	0.896471230444377	0.0604307536974438
MA1639.1	39591	0.822524182667591	0.0538598111103363
MA1640.1	39591	0.798166651877485	0.0552406320983058
MA1641.1	39591	0.846634192860108	0.0522972966735639
MA1642.1	39591	0.862243799791772	0.0470844373466717
MA1643.1	39591	0.735744620160695	0.0440798015517794
MA1644.1	39591	0.845413323499513	0.0558795904314824
MA1645.1	39591	0.843322385970369	0.0431861432892291
MA1646.1	39591	0.864496161790271	0.0471127628460912
MA1647.1	39591	0.877024549103996	0.0469168777068913
MA1648.1	39591	0.893934395181985	0.0515285308018958
MA1649.1	39591	0.870395027279559	0.0480801237950315
MA1650.1	39591	0.832588559372003	0.0672660402884405
MA1651.1	39591	0.753888592691727	0.0442199123715491
MA1652.1	39591	0.844817784441359	0.0469261944758435
MA1653.1	39591	0.86889068475502	0.069317093914912
MA1654.1	39591	0.71743279042393	0.0333618382452677
MA1655.1	39591	0.847779936332091	0.0462564169898731
MA1656.1	39591	0.82255268727122	0.0450945475448283
MA1657.1	39591	0.807742191551579	0.05434912498435
MA1683.1	39591	0.860829304347827	0.0585787202203591
MA0833.2	39591	0.800752869749105	0.049920754169048
MA0835.2	39591	0.828740800166621	0.0536234456074221
MA0465.2	39591	0.833536965513578	0.0581173270276225
MA0102.4	39591	0.803582072089959	0.0498897187569292
MA0836.2	39591	0.816453743535738	0.0495718433557367
MA0018.4	39591	0.825748451712919	0.0579101838239491
MA1102.2	39591	0.855474039310816	0.0612716356010513
MA0471.2	39591	0.868557327311807	0.0505293801824977
MA0154.4	39591	0.805088480001706	0.0498945278883421
MA0162.4	39591	0.826592239109489	0.062964985793769
MA0598.3	39591	0.826822274393592	0.0446446728161595
MA0473.3	39591	0.829748469874207	0.0461926790122364
MA0640.2	39591	0.843404138851596	0.0441606733176519
MA0592.3	39591	0.811527563603348	0.0528185499776283
MA0761.2	39591	0.837776003558147	0.0452370699513517
MA0764.2	39591	0.912983745242907	0.055714344811557
MA0765.2	39591	0.868630617536416	0.0477082452241003
MA0477.2	39591	0.820924964928004	0.0542695315742884
MA0148.4	39591	0.833452992337293	0.0569634976600065
MA0047.3	39591	0.857888318766159	0.0584869255709767
MA1103.2	39591	0.858606041670306	0.0583770051114488
MA0481.3	39591	0.864699134467377	0.0589247604930089
MA0062.3	39591	0.829660146549607	0.0453871431914719
MA0035.4	39591	0.850427126533492	0.0516402488444644
MA0482.2	39591	0.841551684078569	0.049566049718037
MA1104.2	39591	0.822656950011998	0.0530951458248798
MA1105.2	39591	0.818113683832687	0.0493494857177526
MA0043.3	39591	0.812399741652565	0.0548487557628782
MA0114.4	39591	0.815730752064841	0.0470059162706218
MA0484.2	39591	0.819984221494699	0.046371562067915
MA0901.2	39591	0.821954891496623	0.0616704782705674
MA0490.2	39591	0.807430847026416	0.0557706904144843
MA0491.2	39591	0.810504760761447	0.0551938170172709
MA0039.4	39591	0.899283070317727	0.0611231222627473
MA1107.2	39591	0.814356129676785	0.0523039608588492
MA0700.2	39591	0.850312781717735	0.0625426969809904
MA0495.3	39591	0.780524751702804	0.046584415116964
MA0659.2	39591	0.783691367832562	0.0450843103891381
MA0496.3	39591	0.781609338093041	0.0519902515173383
MA0052.4	39591	0.826698326827898	0.0691565546450997
MA0620.3	39591	0.782298726630791	0.0469277313288985
MA1108.2	39591	0.899292115810006	0.0609627822652914
MA0499.2	39591	0.852024596184245	0.045852520573369
MA0500.2	39591	0.853400955811978	0.0586489774792578
MA0056.2	39591	0.848331453260559	0.0455604883194786
MA0089.2	39591	0.767000643986702	0.0439589487581458
MA0025.2	39591	0.815362952705362	0.0589365170382922
MA0502.2	39591	0.826567003614093	0.0511966337708217
MA0063.2	39591	0.870574008820789	0.0473048730347159
MA1112.2	39591	0.856796835840589	0.0502653274105162
MA0679.2	39591	0.774036260122037	0.0676470643964225
MA0712.2	39591	0.870504774482397	0.055149582822422
MA1113.2	39591	0.812578702685447	0.059102355685755
MA0681.2	39591	0.765774877270705	0.0729637153145429
MA0782.2	39591	0.801363318298031	0.0493819524432458
MA0627.2	39591	0.818161485357982	0.0612039335283563
MA0508.3	39591	0.882327779884904	0.0510086152187025
MA0509.2	39591	0.800086460108569	0.045744661070112
MA0798.2	39591	0.796873162582618	0.0453074393023436
MA0684.2	39591	0.861866173691633	0.0496329332612212
MA0743.2	39591	0.789270163180563	0.0427712608462978
MA0744.2	39591	0.791409970787803	0.0422298555399773
MA0745.2	39591	0.850029642309848	0.0528796782434035
MA0143.4	39591	0.86218226092112	0.0521590362192727
MA0080.5	39591	0.779095283576803	0.0416924765003737
MA0081.2	39591	0.801894906934448	0.0418869925272742
MA0829.2	39591	0.80667439623893	0.0542579600885345
MA0522.3	39591	0.894362319761991	0.0513276695807657
MA0830.2	39591	0.862913323974381	0.0508621491397995
MA0769.2	39591	0.864970028380266	0.0538334443795145
MA0090.3	39591	0.828766373968447	0.0474085759954985
MA0809.2	39591	0.846996855151696	0.0476296738799769
MA0003.4	39591	0.844160441375118	0.0514460409437522
MA0814.2	39591	0.847396815055267	0.0526562974467673
MA1123.2	39591	0.849292982989244	0.046728219995989
MA0093.3	39591	0.801579451971768	0.0470331532936279
MA0526.3	39591	0.801416598293437	0.0477662421194486
MA0748.2	39591	0.835569160879305	0.0516375043371961
MA0528.2	39591	0.878374060361116	0.0571164376524572
MA0609.2	39591	0.752046975384288	0.0524212995939769
