[SHORT TFBS MATRIX]
MA0004.1	31440	0.858770770003482	0.0668203948424318
MA0069.1	31440	0.77140125497899	0.0386163665777443
MA0071.1	31440	0.831622782340824	0.0541829597432218
MA0074.1	31440	0.758282242405909	0.040058693197267
MA0101.1	31440	0.867383902500288	0.0440543933556395
MA0107.1	31440	0.822294395016798	0.0524226585677923
MA0111.1	31440	0.866070077238021	0.0314321971003376
MA0115.1	31440	0.681014579895785	0.0456239714523595
MA0116.1	31440	0.82267369413152	0.0434300145867788
MA0119.1	31440	0.736118717886592	0.0499707417024719
MA0130.1	31440	0.963319714125175	0.0377489093036848
MA0142.1	31440	0.759075759476317	0.051843699921261
MA0149.1	31440	0.688592574378211	0.0569309223292464
MA0151.1	31440	0.906920996112962	0.079668733593334
MA0155.1	31440	0.850632194536119	0.0412278335388316
MA0159.1	31440	0.798002395662387	0.0344685855914169
MA0163.1	31440	0.791355108279974	0.0501195185581733
MA0145.2	31440	0.833911377914331	0.0403277774926508
MA0468.1	31440	0.807467671034069	0.0550512062657893
MA0515.1	31440	0.870854125287778	0.0502884929255254
MA0258.2	31440	0.802046288498578	0.0409275730850564
MA0595.1	31440	0.850076382230526	0.0458171200645901
MA0596.1	31440	0.833395862097787	0.0469648014404059
MA0599.1	31440	0.923283116433625	0.0629168316526348
MA0604.1	31440	0.838493667444116	0.0557154091392027
MA0608.1	31440	0.830038595322055	0.0544540120529149
MA0613.1	31440	0.839222599652637	0.071223972158234
MA0614.1	31440	0.865501875367708	0.0638008432211621
MA0636.1	31440	0.772111767631038	0.0576204172437928
MA0641.1	31440	0.77978757604267	0.0540448160976749
MA0042.2	31440	0.860220709974564	0.0636765090498207
MA0033.2	31440	0.89390274359324	0.0620317943563565
MA0153.2	31440	0.732866966246143	0.0635536008424898
MA0486.2	31440	0.746667313101079	0.0537586687253479
MA0653.1	31440	0.694903391501618	0.0479024339310902
MA0655.1	31440	0.777195098913485	0.0604253335473073
MA0660.1	31440	0.754719363985383	0.0626576944855515
MA0663.1	31440	0.771519170170507	0.0555959523210825
MA0665.1	31440	0.811567219699976	0.0471489169779828
MA0667.1	31440	0.796402782817022	0.0516636961364972
MA0669.1	31440	0.799035340250775	0.0487075012188444
MA0676.1	31440	0.844295195830447	0.0531653488718157
MA0678.1	31440	0.800886868900135	0.0505402879694672
MA0068.2	31440	0.82254930742846	0.0637850014740445
MA0512.2	31440	0.727527311347019	0.0469252012008295
MA0083.3	31440	0.689940663672003	0.0485473085128846
MA0009.2	31440	0.70474119311728	0.042582000356653
MA0689.1	31440	0.804729608859929	0.0452116414833878
MA0691.1	31440	0.797460063399208	0.056201720524888
MA0696.1	31440	0.766513705315186	0.0476276277232511
MA0713.1	31440	0.782490726943404	0.0662850061831692
MA0715.1	31440	0.754054222394447	0.0739974637393348
MA0724.1	31440	0.829732329649048	0.0590242887827401
MA0728.1	31440	0.713857279082084	0.0447451239374648
MA0729.1	31440	0.697051483313689	0.0413924735321912
MA0730.1	31440	0.713035586958389	0.0417912133812421
MA0731.1	31440	0.675814058370018	0.0446968416976993
MA0472.2	31440	0.801224234216601	0.0540555336888185
MA0736.1	31440	0.780627059715601	0.045157019787954
MA0737.1	31440	0.738729325477266	0.0407047882138827
MA0741.1	31440	0.868506823635756	0.0678355255574246
MA0088.2	31440	0.749281864781026	0.0434608902019456
MA0758.1	31440	0.69041035016253	0.0489126185819806
MA0770.1	31440	0.760346950564303	0.0524424533636569
MA0771.1	31440	0.788633066777645	0.0483596390875168
MA0773.1	31440	0.765326292984858	0.0652658776940632
MA0774.1	31440	0.868837535552594	0.0553980558101851
MA0776.1	31440	0.74632236547545	0.0447999542732591
MA0777.1	31440	0.714061741234325	0.0415835482958795
MA0105.4	31440	0.711607906093674	0.0528914715615945
MA0780.1	31440	0.740399491305126	0.0707108315627387
MA0783.1	31440	0.727205633618042	0.0513361929985395
MA0787.1	31440	0.778845960456157	0.0656387926598312
MA0788.1	31440	0.77276250990477	0.0646857274387902
MA0789.1	31440	0.801963827567047	0.0694930807436791
MA0792.1	31440	0.824712605098688	0.0650875163427829
MA0794.1	31440	0.760608363495938	0.0435143973199343
MA0795.1	31440	0.761332800641855	0.0520862915820197
MA0796.1	31440	0.702052624029522	0.0544132687464065
MA0797.1	31440	0.735077125620289	0.0504829224807623
MA0511.2	31440	0.832866053478434	0.0483328737098967
MA0801.1	31440	0.856810871155241	0.049164972041517
MA0803.1	31440	0.835085610748103	0.0533196005134592
MA0805.1	31440	0.834431106023484	0.0544827664253935
MA0806.1	31440	0.863656257432923	0.0478189480781459
MA0807.1	31440	0.873085257645029	0.0453408536053091
MA0808.1	31440	0.874663935045705	0.0533873908845427
MA0813.1	31440	0.805997526253468	0.0565551287375465
MA0815.1	31440	0.797941875352731	0.0590132397641131
MA0816.1	31440	0.835630464864431	0.0523227381405771
MA0822.1	31440	0.721730026876129	0.0536764953382007
MA0823.1	31440	0.800230832402202	0.0623137718430075
MA0826.1	31440	0.782672897319808	0.053536221548849
MA0827.1	31440	0.825397024316637	0.0459581515071917
MA0838.1	31440	0.777409963891631	0.0488039782307657
MA0845.1	31440	0.808837612921449	0.0635816160484992
MA0032.2	31440	0.837779926062599	0.0622534469791031
MA0848.1	31440	0.879859869576814	0.0594634526950363
MA0849.1	31440	0.864727972479192	0.0622393566746576
MA0850.1	31440	0.917342793377184	0.0447282045833407
MA0855.1	31440	0.724257649749486	0.047067951626497
MA0856.1	31440	0.734786442774617	0.0463623493126189
MA0857.1	31440	0.687547947102056	0.0463584857560576
MA0858.1	31440	0.705909271622974	0.04363741809387
MA0860.1	31440	0.696451771334881	0.0433336803297583
MA0525.2	31440	0.70164310468818	0.039743928287406
MA0106.3	31440	0.711311502381793	0.0386212544828401
MA0862.1	31440	0.814309433417132	0.0512664219215385
MA0863.1	31440	0.727086860355407	0.0407224481866275
MA0024.3	31440	0.763317936746058	0.0470407633393291
MA0866.1	31440	0.700704247161163	0.0533079460056093
MA0870.1	31440	0.702026956627686	0.0532336642125624
MA0872.1	31440	0.79217824385455	0.0604598836536803
MA1124.1	31440	0.715288598523858	0.0572021782313467
MA1155.1	31440	0.738362441195981	0.0461126470764194
MA1127.1	31440	0.757579390697738	0.0603987912093559
MA1129.1	31440	0.767755992386423	0.0596282298614997
MA1136.1	31440	0.782951964878917	0.0577717820871042
MA1420.1	31440	0.7490935082899	0.040710979677032
MA1421.1	31440	0.777066494808065	0.0487225083500365
MA1468.1	31440	0.853552476145089	0.0408591786275525
MA1485.1	31440	0.765681121455444	0.0457991529169244
MA1489.1	31440	0.779142811704835	0.0769720739889534
MA1493.1	31440	0.799652793615671	0.0445881520826784
MA1509.1	31440	0.793640663180484	0.046907260005951
MA1538.1	31440	0.735843816958456	0.0429840148324973
MA1539.1	31440	0.721298872727277	0.0439778065594304
MA1555.1	31440	0.761207499858158	0.0418518494126231
MA1556.1	31440	0.756785711670599	0.0437938090882965
MA1557.1	31440	0.785875496197488	0.0469914185751028
MA1570.1	31440	0.864754318001554	0.0474096860170772
MA1571.1	31440	0.751676806886668	0.0468585112814015
MA1572.1	31440	0.759447467801643	0.0464791816320047
MA1580.1	31440	0.790047758681867	0.0579425374200331
MA1587.1	31440	0.773467149737851	0.0458394114144429
MA1588.1	31440	0.733902001867647	0.0435930723577113
MA1594.1	31440	0.684321679224013	0.0326809611368859
MA1596.1	31440	0.759791335455837	0.0604214868640342
MA1597.1	31440	0.706909728928949	0.0414811475546604
MA0158.2	31440	0.870535697836315	0.0571188905908465
MA0912.2	31440	0.827749072572125	0.0622956554666935
MA0623.2	31440	0.7987147957278	0.0512994428572206
MA2093.1	31440	0.887601089643167	0.052660825767034
MA2094.1	31440	0.781653788827591	0.0361808129155691
MA2095.1	31440	0.799561482667622	0.0531189821131417
MA2096.1	31440	0.83336361485064	0.0504736011211544
MA1715.1	31440	0.729474044878744	0.0425997824920288
MA2097.1	31440	0.772209989954134	0.0487577444910207
MA2098.1	31440	0.839923990717476	0.0571021911172492
MA2099.1	31440	0.873454788275002	0.0566798242159084
MA1718.1	31440	0.664574388761934	0.0428981565054692
MA2100.1	31440	0.646721231293819	0.0418717092159967
MA2101.1	31440	0.777361080086755	0.0491340473151964
MA1684.1	31440	0.953518689303631	0.0620848618155914
MA2102.1	31440	0.786089625171227	0.0586800301874057
MA1931.1	31440	0.737213721189944	0.0456503331237253
MA1957.1	31440	0.749392434517632	0.043853970384464
MA1962.1	31440	0.735389767091517	0.0516440532187071
MA1972.1	31440	0.824220369755924	0.0430801068703027
MA1980.1	31440	0.777797799136454	0.0390274818947344
MA1985.1	31440	0.74654648232653	0.0454575585603245
MA2117.1	31440	0.850144341204351	0.0660571556418266
MA2118.1	31440	0.830867799982856	0.0645437444676313
MA2119.1	31440	0.877432290663903	0.0634784617301065
MA2120.1	31440	0.824794663833186	0.0401326268560059
MA2121.1	31440	0.817106938742912	0.0612000822459016
MA2122.1	31440	0.783713342645467	0.0524365736008587
MA2123.1	31440	0.842127281741515	0.0503854186285066
MA2124.1	31440	0.831373458960424	0.0903319949961906
MA2125.1	31440	0.853736951629578	0.0565833668356699
MA2126.1	31440	0.826808718665444	0.0657132227129345
MA0079.5	31440	0.888263121600575	0.0857480377775288
MA0509.3	31440	0.702668752823877	0.052109975791076
MA0516.3	31440	0.898166470595431	0.0771946554026458
MA0607.2	31440	0.776851725695342	0.0508207469162273
MA0685.2	31440	0.902096832180914	0.0785286243328621
MA0740.2	31440	0.90573484358051	0.0737507240152984
MA0742.2	31440	0.884641036530583	0.0833317837786603
MA0798.3	31440	0.705521659941717	0.0505863110738281
MA0818.2	31440	0.793832991504641	0.0510561300263458
MA0821.2	31440	0.81239194852044	0.0554835896691997
MA0831.3	31440	0.760160882860615	0.0599544968116267
MA0878.3	31440	0.807940285359635	0.0586161671855269
MA0884.2	31440	0.768202346855565	0.0584735803782788
MA1511.2	31440	0.89483121862085	0.0784563083171252
MA1532.2	31440	0.748128081593952	0.0398692598042292
MA1547.2	31440	0.843917885707555	0.0612526020108774
MA1563.2	31440	0.908769485843148	0.0499864507579347
MA1573.2	31440	0.735052137343588	0.0602526439777289
MA1601.2	31440	0.781099204230742	0.0435908117570358
MA1633.2	31440	0.798365829890898	0.0584375840356484
MA2323.1	31440	0.693757500828949	0.0496396062928159
MA2324.1	31440	0.868170917703818	0.0585408468680155
MA2325.1	31440	0.811265188532786	0.0527889272891511
MA2326.1	31440	0.925761908758785	0.0733710154677104
MA2327.1	31440	0.829543098331717	0.0701107630495108
MA2328.1	31440	0.82505315641807	0.0877933115267137
MA2329.1	31440	0.82524711241731	0.0618494538156629
MA2330.1	31440	0.802894900081908	0.0598938366305914
MA2331.1	31440	0.675331248982421	0.0363599539550069
MA2332.1	31440	0.832528337757672	0.0562520457626106
MA2333.1	31440	0.825377540273388	0.0773198123387588
MA2334.1	31440	0.742380035466913	0.0439606630393718
MA2335.1	31440	0.645544839206601	0.0447140760786726
MA2336.1	31440	0.868470260655299	0.0587110076018611
MA2337.1	31440	0.918541538311956	0.0729275645544139
MA2338.1	31440	0.863944933001988	0.0595678465189793
MA2339.1	31440	0.843634239605701	0.0571375336917217
MA2340.1	31440	0.795687119750688	0.0575194868955944
MA2341.1	31440	0.886166783365854	0.0540955312520852
MA0619.2	31440	0.884248070028092	0.0782146523142408
MA0006.2	31440	0.928085417492428	0.0695103789762069
MA0854.2	31440	0.811906350459538	0.0723027197032323
MA0634.2	31440	0.886404997782915	0.0691069368682715
MA0853.2	31440	0.769486980923684	0.0576581977915966
MA0690.3	31440	0.800113619033975	0.0467179800809345
MA0007.4	31440	0.733743252309732	0.0447085936847938
MA1463.2	31440	0.801310821805107	0.077193296307581
MA0601.2	31440	0.866571852060776	0.0826494476664544
MA0602.2	31440	0.822810204251192	0.0745998082704842
MA0259.2	31440	0.914901890129782	0.0755675480914828
MA1464.2	31440	0.816142680284601	0.0661110882024741
MA0603.2	31440	0.823088769996077	0.0619338686746166
MA0874.2	31440	0.797683168145639	0.0634210662751157
MA1100.3	31440	0.885224307578215	0.0503300554529376
MA1631.2	31440	0.850448944297729	0.055679142691345
MA1632.2	31440	0.79585005127023	0.0631814345913359
MA1988.2	31440	0.850360886188703	0.0656779741591438
MA0605.3	31440	0.75284907732357	0.0672810682073307
MA0833.3	31440	0.784493933502541	0.0552642116674796
MA1466.2	31440	0.73477174121529	0.0454656800306657
MA0834.2	31440	0.741050299583378	0.0649106666896068
MA0461.3	31440	0.849985025745115	0.0525014163707005
MA1467.3	31440	0.865376233123556	0.0603231114980992
MA0591.2	31440	0.778158362864737	0.0463630921230595
MA0496.4	31440	0.784297813812685	0.0559558735373844
MA1101.3	31440	0.764589207442952	0.0530618025263119
MA1470.2	31440	0.706012754535371	0.0423976141588558
MA0877.4	31440	0.873754909768438	0.0579534212076218
MA0635.2	31440	0.915203524110538	0.0530803719321822
MA0875.2	31440	0.903302045663442	0.0680629966208268
MA1471.2	31440	0.845437803952076	0.0643618816407372
MA1634.2	31440	0.847694595782508	0.0673080166945516
MA0462.3	31440	0.847877725647786	0.0671317883422953
MA0489.3	31440	0.817018837467695	0.0634744211335694
MA0488.2	31440	0.814118653392883	0.0572032591794614
MA0835.3	31440	0.85123190464789	0.0656371542030187
MA1989.2	31440	0.814569891717166	0.0588547686461852
MA0463.3	31440	0.75985201513023	0.0451318787166637
MA1472.3	31440	0.835252246759738	0.0574027197213967
MA1635.2	31440	0.869827260180443	0.0785608418031382
MA0817.2	31440	0.78123898217675	0.0541467805762619
MA0464.3	31440	0.820973491748684	0.0648782331896313
MA1928.2	31440	0.841173619696518	0.0700638903313267
MA0876.2	31440	0.916772580632554	0.0654281428085417
MA0465.3	31440	0.819460841803753	0.0657447773959083
MA1473.2	31440	0.827320737169318	0.0648497105941235
MA0102.5	31440	0.786298594683093	0.0549213701454652
MA0466.4	31440	0.743762290576158	0.0488540265661425
MA0836.3	31440	0.824412045444147	0.0608617013162193
MA0837.3	31440	0.747000934885748	0.0486221250746787
MA1636.2	31440	0.785998538085324	0.0542985461815735
MA0819.3	31440	0.863214919204856	0.0568203616527438
MA0018.5	31440	0.820020114890836	0.070681414712202
MA0638.2	31440	0.76787773233388	0.0470481917300522
MA0839.2	31440	0.739320577489324	0.0446661512667047
MA1474.2	31440	0.80775449062729	0.0481286664723828
MA1475.2	31440	0.811237105750749	0.0589623483322799
MA0840.2	31440	0.765495618820129	0.0651120277519586
MA0609.3	31440	0.752247416092015	0.0657662942244892
MA0467.3	31440	0.85419206290654	0.0697821115173353
MA0139.2	31440	0.802131345572652	0.0470301507222135
MA1929.2	31440	0.688371102372936	0.0391117978978832
MA1930.2	31440	0.6796302736191	0.0375431143746157
MA1102.3	31440	0.856705919553846	0.0643829241709672
MA0754.3	31440	0.778100278856329	0.0572616283984888
MA0650.4	31440	0.83541079835253	0.0636225238554729
MA0901.3	31440	0.811982763205588	0.0701361803958599
MA0755.2	31440	0.779576781821496	0.0625145302272799
MA0639.2	31440	0.794580633138989	0.0576610538933016
MA0019.2	31440	0.837271748904315	0.042422859496387
MA0879.3	31440	0.904041345753849	0.058771928444419
MA0885.3	31440	0.807028180921352	0.058338791567732
MA0880.2	31440	0.888559662571185	0.0673534538643264
MA0881.2	31440	0.891232494977032	0.0653566000892926
MA1476.3	31440	0.808047421443534	0.059447101599475
MA0882.2	31440	0.892171665777836	0.0666207848667624
MA0883.2	31440	0.822847331120331	0.051931736492827
MA1603.2	31440	0.813312682715525	0.0645364057478595
MA0610.2	31440	0.860618115036732	0.0633171262522148
MA1707.2	31440	0.832530394140381	0.0527684198281672
MA1478.2	31440	0.938350998653292	0.0476866597664227
MA1479.2	31440	0.799015370008278	0.0512361490035057
MA1480.2	31440	0.815375078371319	0.0532716884804973
MA1481.2	31440	0.885868213076601	0.0727386477542017
MA0611.3	31440	0.74932447794773	0.0614968033611858
MA0864.3	31440	0.765716850049833	0.0458788914753294
MA0469.4	31440	0.698093544573944	0.0435380475951975
MA0756.3	31440	0.806229683426079	0.0559252054675775
MA0470.3	31440	0.748675575660192	0.04579003098729
MA0471.3	31440	0.869312291015284	0.058816019061186
MA0865.3	31440	0.836271697083059	0.055431626022569
MA0154.5	31440	0.788959993348926	0.053719012141386
MA1604.2	31440	0.817783227081703	0.0583814659019367
MA1637.2	31440	0.817247039452047	0.0606341052290533
MA0162.5	31440	0.829424308499975	0.0671102842901683
MA0732.2	31440	0.785615256895589	0.0667611345995591
MA0733.2	31440	0.807465944914317	0.0608936650946485
MA0598.4	31440	0.853473333618591	0.0554644864802293
MA0473.4	31440	0.837803114051327	0.0567886010589218
MA1483.3	31440	0.837556236929325	0.0526167972404544
MA0640.3	31440	0.853071707299782	0.0543392499563383
MA0136.4	31440	0.873329025809808	0.0541215710569392
MA0028.3	31440	0.809712648658785	0.0621806571298658
MA0800.2	31440	0.824170273713349	0.0494630345578175
MA1708.2	31440	0.877854389160127	0.0496304049151666
MA1495.2	31440	0.896200255409124	0.0624025484426651
MA1932.2	31440	0.734962130686183	0.0408439409502539
MA0779.2	31440	0.75021764955047	0.035569227504002
MA0014.4	31440	0.827351804077089	0.0541187232589645
MA0781.2	31440	0.725116986674323	0.0379790134925894
MA0686.2	31440	0.811229972647727	0.0488442622604933
MA1933.2	31440	0.742577875062665	0.0450782047389905
MA0828.3	31440	0.743110777110391	0.0584848980382423
MA0843.2	31440	0.786390760921651	0.0562057029935526
MA0759.3	31440	0.813599654095415	0.0630251173198834
MA0076.3	31440	0.861508101138152	0.0578558327360458
MA0612.3	31440	0.865019668006412	0.0762291964707172
MA0886.2	31440	0.866914240588589	0.0757578076542665
MA0027.3	31440	0.897661061487859	0.0674522442957274
MA0642.3	31440	0.880951155915033	0.0612517826889605
MA0760.2	31440	0.840949679274002	0.051756841366195
MA1934.2	31440	0.789124569872526	0.0454203120924659
MA0820.2	31440	0.927086657085669	0.0597161904800466
MA1935.2	31440	0.879389587876816	0.0420416736157161
MA1936.2	31440	0.848647398134863	0.0380099420105815
MA0480.3	31440	0.855300029022756	0.0634700717951092
MA1937.2	31440	0.810950949589815	0.0408195499558775
MA0058.4	31440	0.855603871873995	0.0703908228164507
MA1938.2	31440	0.757799010741458	0.0395048683485402
MA0048.3	31440	0.839350192260028	0.05628608887004
MA1939.2	31440	0.737318707078148	0.0377983676062804
MA0474.4	31440	0.831053136015581	0.0526375103301606
MA0112.4	31440	0.720445621766424	0.045287796545371
MA0592.4	31440	0.806466342096414	0.05772009764582
MA0141.4	31440	0.786511308695557	0.0561599118200918
MA0643.2	31440	0.835069812879287	0.0524901152007716
MA0644.3	31440	0.865315476512368	0.0672855415760492
MA0098.4	31440	0.855619514870184	0.0523984780793613
MA1484.2	31440	0.852993831837197	0.0534520018503504
MA0761.3	31440	0.843238348820041	0.0548978384871394
MA0762.2	31440	0.830626095274464	0.052432147004463
MA1940.2	31440	0.776852145765817	0.0453488828502666
MA1941.2	31440	0.774602027184384	0.0450190023044996
MA1942.2	31440	0.835457290777404	0.0478652876412918
MA1943.2	31440	0.783157644498877	0.0413467047192399
MA0763.2	31440	0.846370199703886	0.0487419018805369
MA0764.4	31440	0.839886023846814	0.0572174114061643
MA0765.4	31440	0.809810752656401	0.0613216086951738
MA1944.2	31440	0.788957031324145	0.0422445177263123
MA1945.2	31440	0.780542430311466	0.0449570665546349
MA1946.2	31440	0.82216107618067	0.0393496151595307
MA1947.2	31440	0.856575675293832	0.04180501570223
MA1948.2	31440	0.794380125528469	0.0396908615473106
MA0900.3	31440	0.862031242547779	0.0788300165310498
MA0645.2	31440	0.85910110616897	0.0556259805916869
MA0887.2	31440	0.902680234725711	0.0649306521614227
MA0888.2	31440	0.901917899849103	0.064972190105085
MA0156.4	31440	0.811044251162995	0.0594201009646047
MA0475.3	31440	0.839224069613919	0.0544288275484056
MA1949.2	31440	0.759895954181425	0.0402037255783257
MA1950.2	31440	0.819018843825405	0.0489516603634114
MA0476.2	31440	0.830062359015402	0.0653315449947377
MA1951.2	31440	0.72588290996803	0.0568609032720778
MA0099.4	31440	0.824348944491567	0.0557694036022893
MA1126.2	31440	0.780601093363608	0.0588442203674007
MA1134.2	31440	0.810782087225025	0.0587023319123334
MA1140.3	31440	0.732649206031407	0.0617559824924464
MA0490.3	31440	0.783214302959883	0.0622157672803474
MA1141.2	31440	0.815725847582187	0.0579791437420155
MA0492.2	31440	0.812813379161187	0.0558748838768362
MA0491.3	31440	0.783679420363357	0.0618853558309684
MA1135.2	31440	0.81804617968185	0.0586115066112414
MA0477.3	31440	0.795541541688129	0.0615499582743663
MA1128.2	31440	0.820120976756763	0.0568292375897071
MA1137.2	31440	0.822010726565307	0.0551930343036744
MA1142.2	31440	0.864712356403376	0.0515414681854311
MA1143.2	31440	0.825488697784362	0.0543132266914325
MA0478.2	31440	0.83315560158292	0.0552415740847969
MA1130.2	31440	0.824119069294194	0.0570411602367099
MA1131.2	31440	0.787617088797112	0.0612085947894327
MA1138.2	31440	0.813234233558889	0.0599736106147171
MA1139.2	31440	0.760820125537832	0.0648932047601502
MA1144.2	31440	0.815099320636603	0.0582839142143765
MA1145.2	31440	0.78402366942239	0.0626839868248213
MA0148.5	31440	0.817570305760285	0.064329445338673
MA0047.4	31440	0.846729822352403	0.0661870692354202
MA1683.2	31440	0.848634580611038	0.0677442296775704
MA0846.2	31440	0.839717068009547	0.0620084229945471
MA0031.2	31440	0.854768913772818	0.0644504651656608
MA0847.4	31440	0.826749320753485	0.0619225687450882
MA0041.3	31440	0.801974774512254	0.0641489546441147
MA1487.3	31440	0.811018892288147	0.0601812584538666
MA1606.2	31440	0.862369478248411	0.0691398607177469
MA0030.2	31440	0.824625487352501	0.0614542542952326
MA0479.2	31440	0.844284913492842	0.0596083727326599
MA1952.2	31440	0.838281170383569	0.0469941972609165
MA0682.3	31440	0.869548843816813	0.066335495398396
MA0851.2	31440	0.835498560019669	0.0653881279794231
MA0852.3	31440	0.859384573752411	0.0639109423051119
MA1103.3	31440	0.850084095116158	0.0680670931714273
MA1607.2	31440	0.801534781939031	0.0640904415143929
MA1953.2	31440	0.805331796931846	0.0437730935836941
MA1954.2	31440	0.800554592563227	0.0469706558834802
MA1955.2	31440	0.794639232075325	0.0457931248392361
MA1956.2	31440	0.7878286597574	0.0449861010350779
MA0157.4	31440	0.855676726501986	0.0652364851506936
MA0481.4	31440	0.852512467402805	0.0673536672642286
MA0593.2	31440	0.854865830858592	0.0625718828202323
MA0040.2	31440	0.825718031157382	0.0603983788810136
MA0062.4	31440	0.819960981589037	0.0534783398977078
MA0035.5	31440	0.853129177890735	0.0593724873497913
MA0140.3	31440	0.777476771242247	0.048740706871671
MA0036.4	31440	0.84949414508569	0.0644903969535139
MA0037.5	31440	0.827468967935498	0.059515498348475
MA0482.3	31440	0.832854325105645	0.0562341192061049
MA0766.3	31440	0.869927609042022	0.0559179717826199
MA1104.3	31440	0.827731181752133	0.0601805329365335
MA0889.2	31440	0.857972135408839	0.0708199519302478
MA0890.2	31440	0.874186947555654	0.0746953202528532
MA0646.2	31440	0.809093626404233	0.0431186829259153
MA0143.5	31440	0.862837014147266	0.0604675419356412
MA0767.2	31440	0.849683767392392	0.0456578761752483
MA0038.3	31440	0.804826140367681	0.0497029554596142
MA0483.2	31440	0.848441949085261	0.0482660246143037
MA1990.2	31440	0.799616870705086	0.0489691651252712
MA0734.4	31440	0.820528848315232	0.0504823685088845
MA1491.3	31440	0.725108596948518	0.0426767706421799
MA0735.2	31440	0.700890518113603	0.0439908608536981
MA0615.2	31440	0.883076971456232	0.0585086669072409
MA0647.2	31440	0.770449086732659	0.053092862154134
MA1105.3	31440	0.825773405921774	0.0554427432964644
MA0648.2	31440	0.878335740601649	0.0677546651695281
MA0891.2	31440	0.892529211210944	0.0584516819733136
MA0892.2	31440	0.915492906682809	0.0557575835498185
MA0893.3	31440	0.911130191582498	0.0535444958842855
MA0092.2	31440	0.891416941419633	0.0394327403707754
MA0522.4	31440	0.882865962150328	0.058301753082428
MA1638.2	31440	0.889640009913245	0.0680116880171043
MA1099.3	31440	0.861205175973862	0.0680364796142926
MA0616.3	31440	0.818151984055505	0.0657984202798146
MA0894.2	31440	0.873529500955255	0.0776573221000614
MA0649.2	31440	0.826537479557125	0.0563668078164699
MA0739.2	31440	0.877019266267722	0.0454862575872039
MA0738.2	31440	0.951319118493859	0.0435436119337492
MA1106.2	31440	0.85560699772767	0.0646568416976718
MA0131.3	31440	0.84874735730958	0.0589388006806201
MA0043.4	31440	0.798915724781731	0.061873154448845
MA0895.2	31440	0.87812037593463	0.056860236638229
MA0896.2	31440	0.808493319323291	0.0571450647600842
MA0897.2	31440	0.756837579482374	0.0524859560729646
MA0898.2	31440	0.810330836948045	0.0581163541021193
MA1991.2	31440	0.812765745001071	0.0503169709105425
MA0046.3	31440	0.746459254890937	0.0639561043972977
MA1494.2	31440	0.734264319152404	0.0450345935630681
MA0114.5	31440	0.80326305535778	0.0556045231128381
MA0484.3	31440	0.807005454513179	0.0546023895809527
MA0899.2	31440	0.848493663293983	0.0641366820547998
MA0911.2	31440	0.831075921673252	0.050625464401179
MA1496.2	31440	0.908204508319925	0.0482687705061163
MA1497.2	31440	0.888546728254658	0.053048505673718
MA1498.3	31440	0.921070709782624	0.0592087346008562
MA0594.3	31440	0.885548691718205	0.0458976468387517
MA0902.3	31440	0.907111026160529	0.0715919169736149
MA1566.3	31440	0.821072794806031	0.049227977233148
MA0903.2	31440	0.912500792166741	0.0644469699867276
MA1499.2	31440	0.884961017269006	0.0752354856100652
MA0904.3	31440	0.882304724671701	0.0701291195602828
MA1500.2	31440	0.903679409108334	0.0504689107498808
MA1501.2	31440	0.872608948897041	0.0547567538523961
MA1502.2	31440	0.88652898197106	0.0636644483432498
MA1503.2	31440	0.803301900604642	0.0557768371231608
MA0905.2	31440	0.841155546772484	0.0560151103234907
MA0651.3	31440	0.744938793695374	0.0509114111676977
MA0906.2	31440	0.783856491542353	0.0513157907547829
MA0907.2	31440	0.791245482792292	0.0569361418731474
MA1504.2	31440	0.903935266091811	0.0684061036414511
MA1505.2	31440	0.909872445950691	0.0574745434097553
MA0485.3	31440	0.790167142027287	0.0571844776648079
MA1506.2	31440	0.782129002117971	0.0516891428995671
MA0908.2	31440	0.825387773069349	0.0557916354085432
MA0873.2	31440	0.792807484477837	0.0503459713693865
MA1958.2	31440	0.733068208859355	0.0438477669342217
MA0909.4	31440	0.839605057705763	0.074805509918173
MA1507.2	31440	0.898585724861373	0.0721029302522859
MA0910.3	31440	0.886706994301526	0.0636168910256487
MA0913.3	31440	0.830245574232094	0.0647219387353402
MA1508.2	31440	0.862150865476334	0.0561684680181775
MA1992.2	31440	0.848811684369669	0.0534682040804186
MA0050.4	31440	0.791924388341311	0.058795151924211
MA0051.2	31440	0.768604149597571	0.0460908803556721
MA1418.2	31440	0.723008595871887	0.0482114357590499
MA1419.2	31440	0.704673259428634	0.0465583492738894
MA0772.2	31440	0.768652332460816	0.0524462490223317
MA0652.2	31440	0.719983497399076	0.0472323285427273
MA1608.2	31440	0.843662745781946	0.0610327340533255
MA0914.2	31440	0.918203422188854	0.0526245219897621
MA0654.2	31440	0.870688339842377	0.0772643468545622
MA0656.2	31440	0.756844861513897	0.0657388768365383
MA1132.2	31440	0.852915409492769	0.0533468597092442
MA1133.2	31440	0.77450950239774	0.0565370264538762
MA0493.3	31440	0.92155494290422	0.0767737642423243
MA1512.2	31440	0.871472847977669	0.0626006750424907
MA0657.2	31440	0.744178341839021	0.0475370396254245
MA1513.2	31440	0.877373876242874	0.10056412603182
MA1514.2	31440	0.785717869498108	0.05076890566529
MA1515.2	31440	0.912477027899251	0.0677398995829154
MA1516.2	31440	0.840838179376912	0.0679732315294989
MA0039.5	31440	0.892811587438958	0.0724511658238424
MA1517.2	31440	0.88754059718243	0.0597652986858113
MA1959.2	31440	0.909981891623122	0.0799366272981085
MA1107.3	31440	0.82034979496271	0.0619344952983573
MA0618.2	31440	0.870598619215361	0.0602569777583014
MA0699.2	31440	0.892325987182292	0.0636716564382546
MA0768.3	31440	0.83093718091746	0.0582707208043671
MA1518.3	31440	0.765169468741469	0.0570333649094945
MA0700.3	31440	0.859053843781864	0.0739872812398796
MA0135.2	31440	0.793577057637316	0.0675428317002804
MA0704.2	31440	0.888063939519057	0.0630745892560621
MA1519.2	31440	0.850020467803186	0.0718409312279396
MA0658.2	31440	0.831342679244638	0.0622403274690228
MA0705.2	31440	0.89601233726723	0.0678674345745839
MA0701.3	31440	0.848633794552835	0.0683098981275228
MA0702.3	31440	0.820079857377992	0.0817783375248167
MA0703.3	31440	0.782539801278823	0.0858462459888109
MA1520.2	31440	0.759790580715887	0.0426449195428088
MA0501.2	31440	0.780612956332887	0.0486650700694593
MA0841.2	31440	0.761849168861988	0.0580863748950599
MA1521.2	31440	0.762611755795678	0.0428727786660843
MA0117.3	31440	0.821146764126768	0.0470603979756165
MA0495.4	31440	0.773971544957603	0.0507767093381236
MA0659.4	31440	0.754861546839096	0.0507424523676672
MA0089.3	31440	0.767111680491154	0.0504810509591775
MA0059.2	31440	0.799354412542723	0.0524104117002012
MA0147.4	31440	0.825662664558515	0.0613287710420035
MA1522.2	31440	0.885961090719961	0.0783400021119809
MA0029.2	31440	0.777709200148721	0.0541036913841615
MA0052.5	31440	0.792775009746306	0.0671836991197037
MA0497.2	31440	0.822672760301453	0.0582744449062246
MA0498.3	31440	0.958074291096572	0.0528420160487774
MA1639.2	31440	0.806869165421821	0.0607499799578289
MA1640.2	31440	0.798777335937453	0.0660886888626357
MA0775.2	31440	0.907071882971354	0.05272352434813
MA0661.2	31440	0.866339022197404	0.0623908129450952
MA0706.2	31440	0.871904982345008	0.0586138612953332
MA1960.2	31440	0.791630620845226	0.0485166727534837
MA0620.4	31440	0.776768852919741	0.0588939492067639
MA0621.2	31440	0.801630372617486	0.0932607280320152
MA0662.2	31440	0.892197465430394	0.0659163603997893
MA0622.2	31440	0.82012828668363	0.0892112931829739
MA0664.2	31440	0.834400679164524	0.061148059583967
MA0825.2	31440	0.860917211047659	0.0648958519007289
MA0707.3	31440	0.910012214313456	0.0679240810066214
MA1523.2	31440	0.896306802111613	0.0516301129719164
MA1524.3	31440	0.808232820661242	0.049725743828434
MA0666.3	31440	0.878997541801311	0.0703463217245055
MA0708.3	31440	0.885046848291833	0.066854605961251
MA0709.2	31440	0.868697020133103	0.0752061791158496
MA1108.3	31440	0.883300204568417	0.0669270747627407
MA0100.4	31440	0.881150381454004	0.0645853784306359
MA0104.5	31440	0.807034600738625	0.0604520960992952
MA1641.2	31440	0.830360160855677	0.0599494224471127
MA0499.3	31440	0.838433999614481	0.0518386448828861
MA0500.3	31440	0.849592570332592	0.0662323402231259
MA0056.3	31440	0.840682536020376	0.0534378183758866
MA1109.2	31440	0.855046248519591	0.0543056440241369
MA1993.2	31440	0.872399612958185	0.0770714764302458
MA0668.3	31440	0.85323070577653	0.0537697520359942
MA1642.2	31440	0.869327944127621	0.0584953810143699
MA0606.3	31440	0.850655462238323	0.0581445771329242
MA0624.3	31440	0.904455345185558	0.0705230554602494
MA0152.3	31440	0.843979515144768	0.0613844015605033
MA0625.3	31440	0.952156886743969	0.0419819831873581
MA1525.3	31440	0.870774475274325	0.0541096331639493
MA0150.3	31440	0.778662461574429	0.0493406474187013
MA0670.2	31440	0.865076335877863	0.0739389546848171
MA1643.2	31440	0.712764282759183	0.0475634297597977
MA0161.3	31440	0.861254905285282	0.0617426419032023
MA1527.2	31440	0.745355946187743	0.0522848761689072
MA0025.3	31440	0.80101253405195	0.0649598899204534
MA0671.2	31440	0.946471957940825	0.0390843522574591
MA1528.2	31440	0.761683524551989	0.0518199480805216
MA0778.2	31440	0.757928301153597	0.0569440844053928
MA0060.4	31440	0.847026121253009	0.0642775130519278
MA0502.3	31440	0.831454981189991	0.0598028247983039
MA1644.2	31440	0.861769579863012	0.0667386209620524
MA1529.2	31440	0.742480040271484	0.0486654830957027
MA1994.2	31440	0.845647113293037	0.0639516181020988
MA1645.2	31440	0.839963414877682	0.0506543439776538
MA0672.2	31440	0.881424324337382	0.0493317322106194
MA2003.2	31440	0.89559309182176	0.0417215637488443
MA0063.3	31440	0.860371058550839	0.0565036748257012
MA0673.2	31440	0.906448211520854	0.0397042592467274
MA0124.3	31440	0.872926765950121	0.0530870742151266
MA0122.4	31440	0.803420634632162	0.0557883424739935
MA0674.2	31440	0.879490952757066	0.0636059521429088
MA0675.2	31440	0.910658538312172	0.0664232949429362
MA1530.2	31440	0.874310813683003	0.0575590789458676
MA0125.2	31440	0.893241272986863	0.0656265136826802
MA0710.2	31440	0.881546372132969	0.0647748096784454
MA0626.2	31440	0.849830946408558	0.0573320822988512
MA1995.2	31440	0.829744562446429	0.0566786686923963
MA1531.2	31440	0.771805772217534	0.0398957943747928
MA1996.2	31440	0.887229152190294	0.067420972777414
MA0494.2	31440	0.807117285228347	0.0348048749456872
MA1110.3	31440	0.895972095719737	0.0639901857673151
MA1146.2	31440	0.767141707427275	0.0390912119150596
MA1533.2	31440	0.792738617254146	0.0360016124473127
MA1534.2	31440	0.869715233563815	0.0535593281025795
MA1535.2	31440	0.931891440985556	0.0607150006700055
MA0504.2	31440	0.82406644665995	0.038397981116021
MA1536.2	31440	0.958908703703922	0.0362514209656406
MA0164.2	31440	0.850440101009235	0.0722941676931862
MA0017.3	31440	0.821542304285752	0.0520910854622995
MA1537.2	31440	0.759386554216785	0.0443023228572308
MA1111.2	31440	0.863060438194205	0.0604881572985188
MA0677.2	31440	0.750531075351352	0.0457842401173309
MA0113.4	31440	0.735220213413266	0.0484518348654558
MA0727.2	31440	0.736101934438017	0.0483971843935635
MA1112.3	31440	0.842619820430602	0.0574142067478781
MA0160.3	31440	0.865697115364894	0.0504504914773434
MA1147.2	31440	0.781544153696279	0.0386061823575978
MA1540.3	31440	0.763547389160591	0.0565558469886144
MA0505.3	31440	0.81547798965823	0.0571854363019189
MA1541.2	31440	0.768371402856027	0.0444994642035912
MA0506.3	31440	0.780063776927863	0.0781581487453359
MA0842.3	31440	0.794985279681225	0.04721397482758
MA1997.2	31440	0.87600176781965	0.0751762542735122
MA0679.3	31440	0.781391878567224	0.071753105284947
MA0757.2	31440	0.744908368065207	0.0684379350137228
MA1542.2	31440	0.851001254810779	0.0488612091383375
MA1646.2	31440	0.859023638944958	0.0539010303109287
MA0711.2	31440	0.887863189214739	0.0606978209555957
MA0712.3	31440	0.859632461405418	0.0626963683546831
MA1544.2	31440	0.76910250182083	0.0507721077657245
MA1545.2	31440	0.819900927426162	0.0533346148434105
MA1961.2	31440	0.882409160447954	0.081644867746033
MA0067.3	31440	0.770217090072399	0.0353076808275856
MA1546.2	31440	0.757528463236808	0.0379303104577275
MA0680.3	31440	0.746042898664507	0.073905239816316
MA0070.2	31440	0.818006904132182	0.0527777746703673
MA1113.3	31440	0.792767600366517	0.0674810733288045
MA1114.2	31440	0.77756199245175	0.0520028063001108
MA0132.3	31440	0.887305378586274	0.0787043700878034
MA0681.3	31440	0.732982981548486	0.0767943302945346
MA0714.2	31440	0.889492729227549	0.0592781306408392
MA0782.3	31440	0.793232753541774	0.0552480849824862
MA1615.2	31440	0.844700940214571	0.0609993755612534
MA1548.2	31440	0.845791229991065	0.0689232708664136
MA0784.3	31440	0.725605290251676	0.0622670981687978
MA0785.2	31440	0.818383587029121	0.0647779598377096
MA0507.3	31440	0.739317812676093	0.0653620944493758
MA0627.3	31440	0.797921383808051	0.0682632864720598
MA0786.2	31440	0.810059724138599	0.0680632474726663
MA0790.2	31440	0.75974510211195	0.0724792191184554
MA0683.2	31440	0.7009404076366	0.0611435290161302
MA0791.2	31440	0.754201362103611	0.0731701207597362
MA1115.2	31440	0.858444745457072	0.0687582526537241
MA0628.2	31440	0.829221614953107	0.0849906172127763
MA1549.2	31440	0.863267991466431	0.0596425531973798
MA0793.2	31440	0.811377487513181	0.0628345361583886
MA1148.2	31440	0.764295178096223	0.0367213053731089
MA1550.2	31440	0.761617718232682	0.0433560386935662
MA0066.2	31440	0.748483645697188	0.0339914127593027
MA0065.3	31440	0.830223412061212	0.0390031290634971
MA0508.4	31440	0.883216622606203	0.0622310937530295
MA1998.2	31440	0.827693778360292	0.0518287421305189
MA1616.2	31440	0.789695735149952	0.0468628359453611
MA1647.3	31440	0.801526903563324	0.0502345811645882
MA1999.2	31440	0.787346713272607	0.0467084265252719
MA1723.2	31440	0.820353096657433	0.0496655324857468
MA0716.2	31440	0.886079572618938	0.0735794614107222
MA0075.4	31440	0.831599783483675	0.0770070646780074
MA1618.2	31440	0.830974047164061	0.0544656073146509
MA1619.2	31440	0.839956792391828	0.0601843365706219
MA1620.2	31440	0.850250495265314	0.056499670171301
MA1149.2	31440	0.793221321696382	0.0383932617112308
MA1552.2	31440	0.762027839664877	0.0412734299322358
MA0859.2	31440	0.710787467351769	0.0460350931646026
MA1553.2	31440	0.749793742300969	0.0426375654271926
MA0718.2	31440	0.889903045687317	0.0718068036020353
MA0717.2	31440	0.89124772754197	0.0690308035803405
MA1116.2	31440	0.911533219641896	0.0703480041281549
MA1117.2	31440	0.857764187810949	0.0598900324516599
MA0138.3	31440	0.695160623170593	0.0407025136406945
MA0600.3	31440	0.730121106076414	0.0540394259033701
MA0799.3	31440	0.725278620194118	0.0526052586856284
MA0510.3	31440	0.720480867299075	0.0535875089037072
MA1724.2	31440	0.813892802371781	0.0545182066184336
MA1554.2	31440	0.89462156868066	0.0390628759310861
MA0629.2	31440	0.851287010043753	0.0465817870975426
MA0719.2	31440	0.960849861744535	0.0327519100560297
MA0072.2	31440	0.787402405080461	0.0531886689515881
MA1150.2	31440	0.838389784354892	0.0464883586648884
MA1151.2	31440	0.85164146067604	0.0435774326473635
MA0073.2	31440	0.801505609554214	0.0518278293746844
MA0002.3	31440	0.872206287640571	0.0451685957326394
MA0684.3	31440	0.848021988863949	0.0556684390941481
MA1963.2	31440	0.814906068566777	0.0758569940062232
MA0743.3	31440	0.79770989606117	0.0499076369460985
MA0744.3	31440	0.796337757680705	0.0497836812213431
MA0630.2	31440	0.891160073273162	0.0741172538344067
MA0720.2	31440	0.882154493757648	0.0751108071009799
MA1118.2	31440	0.821336903121144	0.0534495159438991
MA1119.2	31440	0.77759331614134	0.05115669774827
MA0631.2	31440	0.765921135791672	0.0488833163572881
MA2001.2	31440	0.860787613562362	0.0597264215327566
MA1964.2	31440	0.90200577709191	0.0640147435434491
MA1153.2	31440	0.878881522309335	0.0633270687249299
MA1558.2	31440	0.895930182861943	0.0565616207380783
MA0745.3	31440	0.846224757371776	0.0565553415770506
MA1559.2	31440	0.84694792187747	0.0524499698401909
MA1560.2	31440	0.813620363560631	0.0608737051724613
MA0442.3	31440	0.895808867962577	0.0718122671646121
MA0869.3	31440	0.853440341258918	0.0539640630242611
MA1561.2	31440	0.777870238150555	0.0487630719691687
MA1120.2	31440	0.858067547872892	0.0633435144052138
MA1562.2	31440	0.797058566462909	0.0529679746907521
MA1152.2	31440	0.918182769637967	0.0577600515650052
MA0078.3	31440	0.796395825823682	0.0542344541846598
MA0514.3	31440	0.860985781632046	0.0609235704431983
MA0867.3	31440	0.888011921588676	0.0583819735180717
MA0087.3	31440	0.841887436602208	0.053873612958453
MA0868.3	31440	0.884560936405863	0.0623927786285497
MA0077.2	31440	0.861038844582908	0.0510906541147125
MA0746.3	31440	0.85554984350957	0.0694808858446362
MA1965.2	31440	0.934530908509872	0.0792596088176282
MA0747.2	31440	0.878708441821913	0.0549473554197566
MA1564.2	31440	0.879063187090675	0.0698945489087816
MA0080.7	31440	0.783045806769123	0.0499109955999397
MA0081.3	31440	0.794699730962509	0.0477765512183591
MA0687.2	31440	0.813892422442112	0.0431457339716932
MA0829.3	31440	0.783555143056617	0.0539171953852682
MA0084.2	31440	0.91389255810132	0.0556896324611223
MA0137.4	31440	0.85392022047847	0.0564584437561034
MA0517.2	31440	0.807396570375438	0.0523323735646099
MA1623.2	31440	0.816032209494025	0.0657895819133002
MA0144.3	31440	0.874848782487236	0.0510406701382965
MA0518.2	31440	0.860559392652296	0.0518383424585045
MA1624.2	31440	0.824098137402157	0.0586063261925015
MA0519.2	31440	0.871839006920337	0.0512375127320638
MA1625.2	31440	0.820402730990948	0.0623048849989488
MA0520.2	31440	0.843486039900545	0.0555097394340658
MA0091.2	31440	0.829770918422613	0.0493870272572378
MA0108.3	31440	0.884924294700896	0.0746383263700114
MA0802.2	31440	0.821620302214353	0.0495019564622936
MA1565.2	31440	0.834989635675929	0.0480642900578676
MA0804.2	31440	0.706442207483369	0.0422353634231121
MA0688.2	31440	0.846370006333949	0.0461905814439613
MA1567.3	31440	0.827862681442482	0.0486695019051762
MA0521.3	31440	0.878685720259873	0.0733794768286097
MA1648.2	31440	0.883605164165709	0.0590404421036199
MA0832.2	31440	0.762773279725734	0.0540758922329207
MA1568.2	31440	0.828586085850475	0.0416215353875322
MA0830.3	31440	0.863893015165412	0.0565302025994332
MA0769.3	31440	0.868586426343784	0.0632883214138403
MA0523.2	31440	0.856404134695615	0.0514694358067084
MA0632.3	31440	0.853896688355167	0.0699187438819975
MA0090.4	31440	0.809891118816201	0.0564713946731561
MA1121.2	31440	0.858776162402271	0.0588901736131522
MA0809.3	31440	0.836954602602317	0.0566221079402507
MA0810.2	31440	0.879914312045738	0.0534029701060801
MA0003.5	31440	0.835601289641887	0.0619932983127924
MA0811.2	31440	0.864335883535582	0.0521423668261947
MA0812.2	31440	0.856526408897483	0.0622138594847139
MA0524.3	31440	0.861264802872442	0.0519160853982269
MA0814.3	31440	0.838809905691478	0.0605021579890406
MA1569.2	31440	0.879445826994297	0.0691238974469866
MA1966.2	31440	0.797029958042809	0.0459158722709297
MA1967.2	31440	0.732402642056866	0.0463578639016337
MA1968.2	31440	0.819258039133034	0.0473780408994908
MA1122.2	31440	0.853112631311597	0.0659808583176212
MA0692.2	31440	0.850649435683493	0.0563201659256027
MA0871.3	31440	0.80775521293267	0.0638708886491204
MA0597.3	31440	0.868432482543852	0.0552094729015882
MA1969.2	31440	0.736931856595836	0.0379320645900322
MA1574.2	31440	0.805500369975672	0.0390295698938583
MA1575.2	31440	0.746101499655446	0.0426225206229063
MA1576.2	31440	0.74315077017389	0.0371131260025829
MA1577.2	31440	0.86701235061034	0.0905627487259092
MA0861.2	31440	0.745159791328861	0.0427307238461128
MA1970.2	31440	0.820827386018126	0.0618648204324875
MA1123.3	31440	0.843281290127703	0.0548326922379556
MA0633.3	31440	0.872895685197256	0.0767752730890526
MA0721.2	31440	0.886652564214483	0.0707953800959375
MA0093.4	31440	0.784820351412854	0.0566570457123392
MA0526.5	31440	0.759290551465055	0.0609114348984678
MA0722.2	31440	0.876204491052234	0.0626255007864179
MA0723.3	31440	0.922740978640303	0.0532542476403386
MA0693.4	31440	0.8656830986771	0.0626891762562577
MA1578.2	31440	0.907116116030415	0.0749285265106927
MA0725.2	31440	0.846499980591429	0.0716994701200719
MA0726.2	31440	0.836841416407746	0.0724510903043848
MA1627.2	31440	0.842944442237309	0.0627884629017055
MA0844.2	31440	0.777315191484758	0.0482664930368183
MA0095.4	31440	0.836526431898798	0.061548420197451
MA0748.3	31440	0.85263171972117	0.0615613133125531
MA0749.2	31440	0.708802322310036	0.0440793673561322
MA1971.2	31440	0.841801169561872	0.0522197768581008
MA1649.2	31440	0.875999564565048	0.060840513983664
MA1650.2	31440	0.83475970235696	0.0704624728764543
MA0698.2	31440	0.800036395230149	0.0499418704950776
MA1579.2	31440	0.866971514849246	0.0582854408242594
MA0527.2	31440	0.779822799432728	0.0598886477703911
MA1581.2	31440	0.83864141572206	0.0530863236214243
MA0750.3	31440	0.843458309832797	0.0608064547124431
MA0694.2	31440	0.815031387361574	0.0519960458107817
MA0695.2	31440	0.871421888712569	0.0493576177948938
MA0103.4	31440	0.905831012724596	0.0661830485975084
MA2002.2	31440	0.900708075182359	0.0517130334664673
MA1651.2	31440	0.75526284764387	0.053822177919159
MA1583.2	31440	0.841249511630974	0.0620666332415108
MA0146.3	31440	0.865219643210837	0.060650368672033
MA1628.2	31440	0.890647650967164	0.0585841028860369
MA1629.2	31440	0.837645588649773	0.0553734262332984
MA0697.3	31440	0.881557418625816	0.0633766975198671
MA0751.2	31440	0.800584450777836	0.0452291569877978
MA1584.2	31440	0.766884567847819	0.0484516917403603
MA1709.2	31440	0.801111881072307	0.0560880618297782
MA1585.2	31440	0.804385673612614	0.0537383308373638
MA1973.2	31440	0.745162661391768	0.0484252131374297
MA1652.2	31440	0.849691469319342	0.0561491624792235
MA1589.2	31440	0.699540534406779	0.0371131881348156
MA1653.2	31440	0.853789156456095	0.0818508160953658
MA1654.2	31440	0.710728773640718	0.0353336892801556
MA1725.2	31440	0.828416438520822	0.0527561448051496
MA1974.2	31440	0.76075013266484	0.0599704209232241
MA1975.2	31440	0.785427797762982	0.0411549397550915
MA1710.2	31440	0.883018896021481	0.0487208221326292
MA0528.3	31440	0.894015602680232	0.067721786574073
MA1592.2	31440	0.795738860569515	0.0425831296246506
MA1630.3	31440	0.861371481956576	0.080383455536326
MA1154.2	31440	0.751590116151033	0.0396720323513809
MA1593.2	31440	0.843403920136173	0.0576046545569485
MA1976.2	31440	0.754532815795226	0.0449726565208536
MA1977.2	31440	0.788435332648978	0.0396917518715393
MA1726.2	31440	0.818697321831442	0.0549694694820099
MA1655.2	31440	0.846870383957617	0.0534702106626798
MA1711.2	31440	0.741564167162451	0.0445534186959909
MA1978.2	31440	0.743891334417276	0.053136951527004
MA1125.2	31440	0.844965131873877	0.102653893629602
MA0752.2	31440	0.689148152814458	0.0459689446612873
MA1979.2	31440	0.817538717278197	0.0498078938449442
MA1727.2	31440	0.841340526100894	0.0690423200896988
MA1656.2	31440	0.8117953526548	0.0515376468230316
MA1712.2	31440	0.789629377302611	0.0520048877236192
MA1981.2	31440	0.80821045558409	0.0511374639237919
MA1728.2	31440	0.85817599246456	0.0572823809747416
MA1982.2	31440	0.791312049391303	0.0455116778281999
MA1983.2	31440	0.678202259626597	0.0385901644507303
MA1713.2	31440	0.808731810032898	0.0738849417995803
MA1657.2	31440	0.797480935264757	0.0604065266484805
MA1984.2	31440	0.807644598866008	0.0428242476136271
MA1714.2	31440	0.747562452772309	0.0360746385039602
MA1729.2	31440	0.793375446717575	0.0484091449467169
MA1599.2	31440	0.787585766735554	0.0587710352367809
MA1600.2	31440	0.74762789744799	0.0409140310961988
MA1986.2	31440	0.857563930712685	0.065857536211753
MA1987.2	31440	0.793798764657739	0.0418155350867663
MA1730.2	31440	0.830066821832066	0.0512452656221765
MA0753.3	31440	0.826757874831534	0.0740646295773607
MA1716.2	31440	0.752849083182754	0.0443351985199672
MA1731.2	31440	0.870210573500202	0.0505242531911362
MA1717.2	31440	0.827387340463458	0.0513660497701847
MA1719.2	31440	0.750392913357418	0.0465634269087046
MA1720.2	31440	0.772015737467656	0.0476945529814769
MA1721.2	31440	0.778775108431039	0.0704437057840885
MA1602.2	31440	0.791994712091322	0.0473984273586833
MA1722.2	31440	0.708573575812618	0.0367047545637757
