[SHORT TFBS MATRIX]
MA0004.1	39583	0.887890739020614	0.0667984846462592
MA0006.1	39583	0.938987111825669	0.0538161593246273
MA0019.1	39583	0.856380688310688	0.0395321081259858
MA0029.1	39583	0.788322061618509	0.0490826687742698
MA0030.1	39583	0.815766917755538	0.0512729763550549
MA0031.1	39583	0.877692207904417	0.0571844542730079
MA0040.1	39583	0.850094594870828	0.0552267084241996
MA0041.1	39583	0.884203835676616	0.052162262023285
MA0051.1	39583	0.782150529950563	0.0418031321734637
MA0057.1	39583	0.927842990907149	0.0326722190459692
MA0059.1	39583	0.823133707946965	0.0452242434445163
MA0066.1	39583	0.761532036882412	0.0313643845512336
MA0067.1	39583	0.947157055367926	0.0316658831114627
MA0069.1	39583	0.792740377732645	0.0358778376992521
MA0070.1	39583	0.81801868099816	0.0464135108445018
MA0071.1	39583	0.859158575713308	0.0486376581684235
MA0072.1	39583	0.800464586944041	0.04687562837228
MA0073.1	39583	0.818305123332839	0.0438661715487223
MA0074.1	39583	0.779283640819575	0.0366420428536483
MA0077.1	39583	0.87644408341653	0.0456049739348092
MA0078.1	39583	0.909234521575769	0.0486962980143274
MA0084.1	39583	0.914116793333195	0.0456504472093595
MA0087.1	39583	0.910877422746696	0.0643429619000399
MA0091.1	39583	0.84181897243085	0.0429485406486852
MA0092.1	39583	0.904761186164305	0.0339078579789212
MA0101.1	39583	0.893879184726244	0.0385507005231009
MA0107.1	39583	0.853763728625671	0.0473472963109451
MA0108.2	39583	0.853625233776498	0.0450408967686667
MA0109.1	39583	0.960313711414848	0.0166037755179308
MA0111.1	39583	0.886030045104739	0.0287449581405841
MA0115.1	39583	0.701036371611162	0.0414641360838014
MA0116.1	39583	0.847042484523247	0.0395749963361205
MA0119.1	39583	0.766559422677251	0.0476396180863266
MA0125.1	39583	0.897259879253766	0.053796938678476
MA0130.1	39583	0.982328931674682	0.0243449755199551
MA0135.1	39583	0.825293031855478	0.0605928232991157
MA0139.1	39583	0.794630936843164	0.040894155298966
MA0142.1	39583	0.78582618773343	0.0468150184522384
MA0149.1	39583	0.714336108411753	0.0538481560420373
MA0138.2	39583	0.709088279116356	0.0384492102971095
MA0002.2	39583	0.87767740159911	0.0390334772888108
MA0065.2	39583	0.830835038010888	0.0345514211657409
MA0151.1	39583	0.945497119241555	0.0662879695861019
MA0152.1	39583	0.936632083249947	0.0447841821120479
MA0155.1	39583	0.874024252395485	0.0380417586995411
MA0159.1	39583	0.815508447884204	0.0319980545003604
MA0160.1	39583	0.921816397562818	0.0362507756158555
MA0163.1	39583	0.819428398138484	0.0458156926797627
MA0164.1	39583	0.869990614973861	0.062275477688714
MA0259.1	39583	0.914680422230301	0.0521358047754843
MA0146.2	39583	0.879095470397155	0.0587363574724076
MA0467.1	39583	0.847603256478315	0.0416913145704534
MA0468.1	39583	0.839858599276059	0.0519551248669433
MA0476.1	39583	0.856327443458192	0.0523972968065156
MA0478.1	39583	0.857668558379056	0.0505813655648396
MA0479.1	39583	0.856391550372364	0.0493217621162005
MA0480.1	39583	0.86680881978706	0.0463518779140306
MA0483.1	39583	0.869721995813508	0.0438401267960609
MA0488.1	39583	0.826390714668764	0.047626249622664
MA0489.1	39583	0.834086415095574	0.0468330161672861
MA0492.1	39583	0.825853445176875	0.0469636927113753
MA0493.1	39583	0.884092814697726	0.0451457294667552
MA0494.1	39583	0.817780377516062	0.0332634590280877
MA0497.1	39583	0.849188677951209	0.0550284590967287
MA0501.1	39583	0.77384890990707	0.0427945281567577
MA0503.1	39583	0.879350166539829	0.037473094350768
MA0504.1	39583	0.840537749343534	0.0350763751466889
MA0505.1	39583	0.808286106193002	0.0443935174780614
MA0506.1	39583	0.857925910733573	0.0637024398980604
MA0507.1	39583	0.82540283067165	0.0591137547698722
MA0513.1	39583	0.833316763163103	0.0417987096243124
MA0514.1	39583	0.904534667311837	0.0408037877697303
MA0515.1	39583	0.895176700312967	0.0446307634108443
MA0517.1	39583	0.816464346657967	0.045869675079461
MA0518.1	39583	0.860439297588294	0.0432723272467777
MA0519.1	39583	0.876518367853513	0.0438229227059586
MA0520.1	39583	0.842356644066749	0.045519379354341
MA0521.1	39583	0.889423582134616	0.0499278617581118
MA0523.1	39583	0.844374929313625	0.0422930677921326
MA0527.1	39583	0.787506570365399	0.0499778233314426
MA0076.2	39583	0.869768164213152	0.0485369695662157
MA0258.2	39583	0.82178291428264	0.0375288367250221
MA0050.2	39583	0.785558058444838	0.0504549182700266
MA0150.2	39583	0.77362232031251	0.042118231305444
MA0137.3	39583	0.85686953406506	0.0483415888766133
MA0144.2	39583	0.885702775785586	0.0421882952979463
MA0140.2	39583	0.794581358372411	0.0440626129835444
MA0095.2	39583	0.828360044589038	0.0527798068368212
MA0591.1	39583	0.78980967351182	0.0397724780603472
MA0593.1	39583	0.868430418862959	0.0542128625290412
MA0595.1	39583	0.880082983389104	0.0429027080515693
MA0596.1	39583	0.86497531602631	0.0450992548510748
MA0597.1	39583	0.935389569489228	0.0266333431120383
MA0599.1	39583	0.942466355582712	0.0510879714808923
MA0601.1	39583	0.853215240212391	0.0707967434230734
MA0602.1	39583	0.832082810365449	0.0611665676158732
MA0603.1	39583	0.844072867591007	0.0527541561102054
MA0604.1	39583	0.861199162662761	0.051992872118093
MA0606.1	39583	0.903443271963918	0.0412021520958387
MA0607.1	39583	0.889808846939618	0.0497142153180031
MA0608.1	39583	0.855586759866622	0.0483018526338094
MA0610.1	39583	0.828364944114993	0.0566123919206698
MA0611.1	39583	0.885755431087993	0.0647514945174819
MA0613.1	39583	0.873236513219392	0.0654716696144175
MA0614.1	39583	0.897687072505923	0.0566919062923811
MA0615.1	39583	0.83282194650942	0.0395580989083128
MA0618.1	39583	0.88729669088362	0.0551788375317217
MA0619.1	39583	0.903193180219334	0.0673515482004816
MA0621.1	39583	0.822940302135749	0.0774510294177206
MA0622.1	39583	0.855509558955138	0.0607038407542203
MA0624.1	39583	0.910625967586052	0.0414509448129636
MA0625.1	39583	0.894608137571276	0.0448624818718994
MA0626.1	39583	0.870962706371364	0.0498523315988057
MA0628.1	39583	0.824862110605162	0.0677126356501743
MA0629.1	39583	0.820883022679144	0.0376250802206953
MA0630.1	39583	0.905336085110777	0.0602880338658343
MA0631.1	39583	0.765333245906757	0.0445143830295157
MA0633.1	39583	0.845103540662553	0.0559181567905979
MA0634.1	39583	0.874554543126925	0.0553553657519063
MA0007.3	39583	0.750022215114645	0.0405507581894264
MA0635.1	39583	0.897194199061233	0.0420082217041335
MA0636.1	39583	0.802567502048788	0.0526310770189206
MA0637.1	39583	0.799095622292582	0.0340332139350751
MA0638.1	39583	0.780934943185204	0.0411281943098615
MA0639.1	39583	0.816990575745377	0.0535281676308381
MA0641.1	39583	0.799413294660166	0.0469743681904726
MA0136.2	39583	0.88350016075564	0.037187004165605
MA0027.2	39583	0.905374584792141	0.0530793090068667
MA0642.1	39583	0.892576026552554	0.0404520305439523
MA0643.1	39583	0.850157647256316	0.0474217072158305
MA0644.1	39583	0.884589421757907	0.0522804523409274
MA0645.1	39583	0.870259742529381	0.046753288428394
MA0475.2	39583	0.848384942235147	0.0472996802292147
MA0042.2	39583	0.892353476218975	0.0578725535229737
MA0033.2	39583	0.92579176127479	0.0554576364847469
MA0157.2	39583	0.865242028493945	0.0569872401941912
MA0646.1	39583	0.824694752389747	0.038093050920517
MA0647.1	39583	0.783451200616956	0.048291001377902
MA0648.1	39583	0.873060643853649	0.0485952576544349
MA0649.1	39583	0.83807964336757	0.0512395158520336
MA0131.2	39583	0.83422796228328	0.0522401478106111
MA0046.2	39583	0.778774831678784	0.0596949651276203
MA0153.2	39583	0.768028208992288	0.0598790951526064
MA0651.1	39583	0.827006686782812	0.0485173628215978
MA0486.2	39583	0.771368452310989	0.0503252373657436
MA0652.1	39583	0.743565061001722	0.0438915868076501
MA0653.1	39583	0.719690519094917	0.0458499652215424
MA0654.1	39583	0.889570840571152	0.0679200837600327
MA0655.1	39583	0.809055425309802	0.0558069026634524
MA0656.1	39583	0.768221525007537	0.0543603649835544
MA0657.1	39583	0.755165614537938	0.03993484108301
MA0658.1	39583	0.845998682869475	0.0540584066715115
MA0660.1	39583	0.800176227135533	0.0664808637227131
MA0661.1	39583	0.873018984364225	0.0520675203623838
MA0662.1	39583	0.898919661213012	0.0539512466793545
MA0663.1	39583	0.802637754236167	0.0502592981430261
MA0664.1	39583	0.825618470953155	0.0486473746153039
MA0665.1	39583	0.835744731231051	0.0429626697723653
MA0666.1	39583	0.89986457359521	0.0542741084449185
MA0667.1	39583	0.821910668034656	0.0476639306007536
MA0668.1	39583	0.874079021575048	0.0354005801502637
MA0669.1	39583	0.824303919906742	0.0458466730406809
MA0670.1	39583	0.876533428276233	0.0660729236966645
MA0671.1	39583	0.950079343909919	0.0283024560342378
MA0048.2	39583	0.852244066115729	0.0499573954116677
MA0672.1	39583	0.892619240210408	0.040842473299749
MA0673.1	39583	0.921959463988367	0.0333453097589818
MA0674.1	39583	0.905745122418998	0.0561906657665896
MA0675.1	39583	0.914580786056229	0.0560606481585591
MA0676.1	39583	0.871026931660274	0.048674628765368
MA0677.1	39583	0.769311497404893	0.0416150839295664
MA0678.1	39583	0.827527430274709	0.0474920734746669
MA0068.2	39583	0.860334443918621	0.0559409817562881
MA0680.1	39583	0.769950371389695	0.0665917862887592
MA0683.1	39583	0.730631128787182	0.0577130424285318
MA0512.2	39583	0.749076902386115	0.0433326188713479
MA0685.1	39583	0.805457299743102	0.055625911402913
MA0686.1	39583	0.820918048705834	0.0427132171738726
MA0687.1	39583	0.830091491101202	0.0396487532515738
MA0083.3	39583	0.714760530087292	0.0448432372751262
MA0009.2	39583	0.728376156468853	0.039833770006205
MA0688.1	39583	0.849777470603591	0.0402262176352082
MA0689.1	39583	0.831478474564416	0.0417724489015301
MA0690.1	39583	0.832798559629883	0.0449789531636333
MA0691.1	39583	0.829013992888339	0.0504482539789703
MA0145.3	39583	0.830424486956478	0.0428494595139129
MA0692.1	39583	0.848419713881723	0.0473157347596581
MA0694.1	39583	0.816887180721069	0.0430385440854388
MA0695.1	39583	0.841598252788034	0.0388502443797349
MA0696.1	39583	0.789519548395069	0.0446783027219322
MA0697.1	39583	0.800814344579679	0.0428887910492735
MA0698.1	39583	0.825232263455479	0.0453914084327314
MA0699.1	39583	0.883183916991295	0.0504690274741527
MA0704.1	39583	0.893135043700241	0.0534845894548849
MA0705.1	39583	0.899788443697747	0.052836434197496
MA0706.1	39583	0.880013646846666	0.0512604620142434
MA0707.1	39583	0.898118535109248	0.051714398912231
MA0708.1	39583	0.882466936599891	0.0602116173209241
MA0709.1	39583	0.891833913527941	0.0643338714551948
MA0710.1	39583	0.890575171275151	0.050427522896671
MA0124.2	39583	0.868000874317728	0.0455316389766057
MA0711.1	39583	0.900246562205594	0.0525100213372828
MA0132.2	39583	0.910621371559967	0.0617062841419249
MA0713.1	39583	0.819601027799606	0.0628925090694614
MA0714.1	39583	0.893031567834395	0.049161626350679
MA0715.1	39583	0.797136242150553	0.0696234962227313
MA0716.1	39583	0.8981502970235	0.0616764742111432
MA0717.1	39583	0.901952007251673	0.0574461470239632
MA0718.1	39583	0.882157618093011	0.056874895125808
MA0719.1	39583	0.969620164696503	0.0234032931175883
MA0720.1	39583	0.898418134891941	0.0619416800136746
MA0721.1	39583	0.900309386085331	0.059092626646867
MA0722.1	39583	0.899151832946131	0.0536647478987211
MA0723.1	39583	0.89606944210015	0.0526684688120226
MA0724.1	39583	0.862861529320454	0.0531530916175086
MA0725.1	39583	0.886459769519592	0.0630846771268699
MA0726.1	39583	0.871398801449032	0.0645730701368751
MA0112.3	39583	0.740594025065415	0.0414587021197273
MA0141.3	39583	0.807352135141786	0.0522775759114062
MA0017.2	39583	0.844253684643562	0.0505675608726244
MA0113.3	39583	0.752998065320342	0.0430845935230887
MA0727.1	39583	0.749169738503911	0.0433664367771133
MA0728.1	39583	0.748642654855658	0.0507791537790535
MA0729.1	39583	0.725512947803634	0.041913572555709
MA0730.1	39583	0.734127097450627	0.0387306281538286
MA0731.1	39583	0.695691973042101	0.0413985524694534
MA0472.2	39583	0.822801471933984	0.0488730634042435
MA0732.1	39583	0.795522516783324	0.0563655472646119
MA0733.1	39583	0.794818695510458	0.0448398545957462
MA0735.1	39583	0.719545711308165	0.0413324863725891
MA0736.1	39583	0.802989905906065	0.041691945773209
MA0737.1	39583	0.761412636874147	0.0383480632016151
MA0738.1	39583	0.927469240064288	0.0357245186929217
MA0739.1	39583	0.889419802936723	0.0384663180149159
MA0740.1	39583	0.832375971202237	0.0523599749618147
MA0741.1	39583	0.886259825297493	0.058096036082914
MA0742.1	39583	0.826827503100442	0.0459364982800906
MA0747.1	39583	0.885486849096222	0.0455010066620906
MA0749.1	39583	0.724819966037773	0.039687444056777
MA0751.1	39583	0.820753463292136	0.0406314679527787
MA0088.2	39583	0.769814968896823	0.03929502067416
MA0752.1	39583	0.70989363563136	0.0429023788955999
MA0754.1	39583	0.818956519282098	0.0598393863786331
MA0755.1	39583	0.802648720339919	0.058575375925936
MA0756.1	39583	0.775531661235868	0.0597646354396852
MA0757.1	39583	0.774477314242104	0.0635027444197182
MA0758.1	39583	0.719006232832208	0.0454346169687936
MA0759.1	39583	0.845414653584302	0.0492231857571187
MA0760.1	39583	0.849398204732834	0.0447926140527497
MA0474.2	39583	0.867437391936948	0.0441380834304865
MA0098.3	39583	0.865082321243686	0.0449398714437603
MA0762.1	39583	0.826962540659353	0.0436468273964183
MA0763.1	39583	0.853497805507646	0.0425526150990306
MA0156.2	39583	0.859198732999311	0.0458759487599304
MA0767.1	39583	0.855457778227362	0.0382890036776766
MA0768.1	39583	0.778188033173296	0.044987547561113
MA0770.1	39583	0.784624599652227	0.0490138615171489
MA0771.1	39583	0.809765512122819	0.045060619196749
MA0772.1	39583	0.795614763196781	0.0477115718119663
MA0773.1	39583	0.812375538692953	0.0688018727888253
MA0498.2	39583	0.957142634566771	0.0409569338004093
MA0774.1	39583	0.892943314961902	0.0497543714129958
MA0775.1	39583	0.917316652807379	0.0436693320941188
MA0776.1	39583	0.769081852117227	0.0422557478653347
MA0777.1	39583	0.736042537983538	0.0398169257387377
MA0105.4	39583	0.751389528027112	0.0519203046744914
MA0778.1	39583	0.784501615279773	0.052085072037783
MA0779.1	39583	0.765901756847907	0.032067883746663
MA0780.1	39583	0.78033386273711	0.0670642636108861
MA0781.1	39583	0.74261614196663	0.0351260474894166
MA0783.1	39583	0.756388513008526	0.0483216973273128
MA0784.1	39583	0.778738034401213	0.058311714072327
MA0785.1	39583	0.824876307078966	0.0582335182265638
MA0786.1	39583	0.824537016511923	0.0610703899980905
MA0787.1	39583	0.813593513467523	0.0606179064781203
MA0788.1	39583	0.808736467657836	0.0598076878654708
MA0789.1	39583	0.836317530786983	0.0647325593255513
MA0790.1	39583	0.779991668312721	0.0639727012219678
MA0791.1	39583	0.758133848193879	0.0621701535086728
MA0792.1	39583	0.857510143144112	0.0593885034397443
MA0793.1	39583	0.844010797120906	0.0561083757984234
MA0794.1	39583	0.784829103743918	0.040926700070674
MA0600.2	39583	0.741136968368037	0.0467523409289794
MA0795.1	39583	0.782686340362718	0.0462244927181331
MA0796.1	39583	0.731707491557009	0.0508804504272115
MA0797.1	39583	0.762685707162673	0.0465785042521423
MA0799.1	39583	0.790334354711925	0.042050063203469
MA0510.2	39583	0.73411226240848	0.0472905336920376
MA0511.2	39583	0.857536981539582	0.0443856170665931
MA0800.1	39583	0.817640600392177	0.0425858440070613
MA0801.1	39583	0.891049488716026	0.0485653356325977
MA0802.1	39583	0.835597343754876	0.0451892217565547
MA0803.1	39583	0.870947464410632	0.053286328861732
MA0804.1	39583	0.711066925164006	0.0387397511373398
MA0805.1	39583	0.87091953954889	0.0536116473106809
MA0806.1	39583	0.89549798803772	0.0457639083043714
MA0807.1	39583	0.902191230225741	0.0424942334102744
MA0808.1	39583	0.904660588631671	0.0490029542957382
MA0810.1	39583	0.888520948432683	0.0444303735637668
MA0811.1	39583	0.873880252687648	0.0434344370472863
MA0812.1	39583	0.874110792973273	0.0479272758857877
MA0813.1	39583	0.835203815067228	0.0522864072092564
MA0524.2	39583	0.870079004072995	0.043326064075997
MA0815.1	39583	0.82839398927196	0.0547299202200135
MA0816.1	39583	0.86291339065796	0.0479098315458935
MA0461.2	39583	0.855003614133742	0.0444699383905065
MA0464.2	39583	0.837041604355375	0.0541890118533959
MA0817.1	39583	0.797657408741996	0.051162222376413
MA0818.1	39583	0.826659448343761	0.0484437262160416
MA0819.1	39583	0.835451431098967	0.0427766412817821
MA0820.1	39583	0.894310752407519	0.0433467310196138
MA0821.1	39583	0.77326383993947	0.0514358641859701
MA0822.1	39583	0.755738469830706	0.05360605201094
MA0823.1	39583	0.829630829213032	0.0564918966028394
MA0058.3	39583	0.852001694297737	0.0528863361403274
MA0825.1	39583	0.8628829165487	0.0510268638765148
MA0826.1	39583	0.810115731185001	0.0506485475411726
MA0827.1	39583	0.850004959252666	0.043117189274669
MA0828.1	39583	0.811865467445244	0.0507567638559376
MA0832.1	39583	0.766329898538547	0.0461079115704309
MA0834.1	39583	0.756608541827158	0.0534108451667365
MA0466.2	39583	0.843301372762272	0.0439111725070446
MA0837.1	39583	0.851095534836845	0.042497968428144
MA0838.1	39583	0.806568856592119	0.0461724838233712
MA0839.1	39583	0.757668475004952	0.0402384144009259
MA0840.1	39583	0.787636870499765	0.054386973582268
MA0117.2	39583	0.842993310424375	0.0421314232216532
MA0841.1	39583	0.791716896897196	0.0518247639691308
MA0843.1	39583	0.805945061173858	0.0528308355426381
MA0844.1	39583	0.775571503020805	0.0398920235611031
MA0845.1	39583	0.842068555171215	0.0583573320494838
MA0032.2	39583	0.871010669591086	0.0557289568621417
MA0846.1	39583	0.865072124397458	0.0566369547684776
MA0848.1	39583	0.910602078920569	0.0531032372199308
MA0849.1	39583	0.895855418502896	0.0572727459527445
MA0850.1	39583	0.939128571841492	0.0384350931436092
MA0851.1	39583	0.824685310111504	0.0550830089022924
MA0853.1	39583	0.777795599377308	0.050361572322813
MA0854.1	39583	0.78281268926777	0.0527938844079531
MA0855.1	39583	0.74597627245214	0.0434540585229739
MA0856.1	39583	0.756161999858253	0.0426609533183866
MA0857.1	39583	0.71897230918928	0.0469161345504532
MA0858.1	39583	0.727091739801481	0.040313980986176
MA0859.1	39583	0.740168440028609	0.0499444491740137
MA0860.1	39583	0.72453432218611	0.0441324283225127
MA0525.2	39583	0.722663418197964	0.0380437998600703
MA0106.3	39583	0.731659132566818	0.0361769713395292
MA0861.1	39583	0.767010256422863	0.0383689273309158
MA0862.1	39583	0.838342268954703	0.0469373160600297
MA0863.1	39583	0.748547884506472	0.0378029730743829
MA0024.3	39583	0.788641260027564	0.0427978188066265
MA0865.1	39583	0.757580226100121	0.0448900912949011
MA0866.1	39583	0.729125054537038	0.0511325726084579
MA0869.1	39583	0.696082800255507	0.0537795776661333
MA0870.1	39583	0.729145328645068	0.0512321025474497
MA0872.1	39583	0.823454217122174	0.0560436164452695
MA0028.2	39583	0.823840987057401	0.054440777713521
MA0873.1	39583	0.816870460632873	0.0462891673472528
MA0874.1	39583	0.770622337095327	0.0501639690533952
MA0875.1	39583	0.923245200042123	0.0520545967795296
MA0876.1	39583	0.926435398031233	0.0493079772417466
MA0879.1	39583	0.901684494111139	0.0523099068044719
MA0880.1	39583	0.912700397805004	0.0586482438084263
MA0881.1	39583	0.912406745850357	0.0565202008149553
MA0882.1	39583	0.91183382304387	0.0575506301141091
MA0883.1	39583	0.81725259845783	0.0429657948647114
MA0884.1	39583	0.821923343472191	0.0518505284956149
MA0885.1	39583	0.907765050084878	0.0658110145941576
MA0886.1	39583	0.867598889482874	0.0552672317441165
MA0887.1	39583	0.890701807943969	0.0453274996319163
MA0888.1	39583	0.887939565734133	0.0459420257726011
MA0889.1	39583	0.85715576346845	0.0558098457786854
MA0890.1	39583	0.875436953548321	0.0592095292905207
MA0891.1	39583	0.886118046161592	0.0431133659147161
MA0892.1	39583	0.900421855574604	0.0441970921798445
MA0894.1	39583	0.872531354640505	0.0609637155049765
MA0895.1	39583	0.864581758876606	0.0451656998362728
MA0896.1	39583	0.790119135380855	0.0428165754960395
MA0897.1	39583	0.771356841194293	0.0468265742876482
MA0898.1	39583	0.769622147285944	0.046939473455832
MA0899.1	39583	0.867640419634786	0.0547858100441721
MA0903.1	39583	0.912663140445367	0.0494800797240979
MA0905.1	39583	0.866713796355011	0.0505047864285037
MA0906.1	39583	0.810509067727399	0.0477927340123495
MA0907.1	39583	0.816395686983465	0.0493109983276385
MA0908.1	39583	0.851356732647262	0.0501256498885669
MA0911.1	39583	0.831032394706763	0.0445197773070315
MA0914.1	39583	0.902452498833297	0.0443708917586234
MA0852.2	39583	0.828796097735707	0.0483161773710274
MA0036.3	39583	0.861019682025595	0.0560500772005646
MA1106.1	39583	0.857058986117977	0.0558277359084773
MA0147.3	39583	0.832228724868767	0.0536654847417688
MA0100.3	39583	0.892091060455414	0.0578351407160154
MA0104.4	39583	0.811688298780502	0.0528824306653248
MA1109.1	39583	0.85198190849295	0.0443861121944796
MA0161.2	39583	0.866180666870152	0.0488246980510102
MA0060.3	39583	0.844399426102393	0.0559021596250015
MA1110.1	39583	0.828046597117648	0.0486008908054709
MA1111.1	39583	0.860935187707876	0.0510337351401199
MA0014.3	39583	0.834878796250284	0.0454212182088028
MA1114.1	39583	0.783996717511799	0.0458914468562873
MA1115.1	39583	0.85743197257976	0.0610100859852893
MA1116.1	39583	0.921586018655253	0.0589935358104014
MA1117.1	39583	0.851826488385268	0.044166246186577
MA1118.1	39583	0.820336587886007	0.0456108877299422
MA1119.1	39583	0.767788301250881	0.0426573158628612
MA0442.2	39583	0.887607214581132	0.0555335880730679
MA1120.1	39583	0.867107248278376	0.0548355028884858
MA1121.1	39583	0.835008298536163	0.0462577481738593
MA1122.1	39583	0.866016568157395	0.0595605397986663
MA0750.2	39583	0.845979174167914	0.0520056576660633
MA0103.3	39583	0.904191375927172	0.0552070271141931
MA1124.1	39583	0.750998562795218	0.0621191083465104
MA1125.1	39583	0.878623672595367	0.0934906546795502
MA1154.1	39583	0.762123211061885	0.0369269410974695
MA1155.1	39583	0.758348343338026	0.0425430219536654
MA0037.3	39583	0.90313652136366	0.0554283899783003
MA0099.3	39583	0.844819951253846	0.0489388596933835
MA1126.1	39583	0.775254905166951	0.0440707702621056
MA1127.1	39583	0.783790034478632	0.0524197831228046
MA1128.1	39583	0.832329894877864	0.0488566094386201
MA1129.1	39583	0.79570423589022	0.0519462231616969
MA1130.1	39583	0.83947525540329	0.0490221444317875
MA1131.1	39583	0.80702948283676	0.0510315403514881
MA1132.1	39583	0.84781982144006	0.0447732697959355
MA1133.1	39583	0.798030438909826	0.0491734865264578
MA1134.1	39583	0.824836406830727	0.0504430932783128
MA1135.1	39583	0.840758788761206	0.0513778438835106
MA1136.1	39583	0.808794025367032	0.0503541477167339
MA1137.1	39583	0.829790128629831	0.04725482537164
MA1138.1	39583	0.837181091012801	0.0531998033143757
MA1139.1	39583	0.779721114334746	0.0540680669200012
MA1141.1	39583	0.82463801878594	0.0491265047674628
MA1142.1	39583	0.865618001973976	0.0450800547873875
MA1143.1	39583	0.836672593867368	0.0461130213045434
MA1144.1	39583	0.836769972853791	0.0511508707763697
MA1145.1	39583	0.784117012771003	0.0498214825313093
MA1146.1	39583	0.779247916474693	0.0340700634318485
MA1147.1	39583	0.793359315484436	0.0345141006806821
MA1148.1	39583	0.781067284180279	0.033743274227875
MA1149.1	39583	0.808887118016591	0.0354439531053351
MA1150.1	39583	0.856782387794774	0.0413445154055218
MA1151.1	39583	0.860105902046911	0.0389283607939934
MA1152.1	39583	0.908047042128953	0.0465895600561237
MA0831.2	39583	0.88058793536801	0.0497987311534944
MA0693.2	39583	0.914000720635548	0.0472794399978712
MA1153.1	39583	0.889237613878479	0.0569514707559679
MA1418.1	39583	0.732441226694151	0.0410571574012395
MA1419.1	39583	0.72749364271478	0.0423960984062095
MA1420.1	39583	0.770097763004214	0.0376242649163971
MA1421.1	39583	0.799873184592376	0.04539281698306
MA1463.1	39583	0.827934063492561	0.0681133199039349
MA1464.1	39583	0.831266590496595	0.054682256801807
MA1466.1	39583	0.756597368040004	0.0412231956311322
MA1467.1	39583	0.855280177332671	0.0435805330828948
MA1468.1	39583	0.875101388600713	0.0370771264400707
MA1101.2	39583	0.742377045439744	0.0450762911804008
MA1470.1	39583	0.722512404231026	0.0388691970666936
MA1471.1	39583	0.862142950536785	0.0578500746200247
MA1472.1	39583	0.898063711659072	0.0404898011666212
MA1473.1	39583	0.834215383754644	0.0549871523240249
MA1474.1	39583	0.813357524263717	0.0420380763447657
MA1475.1	39583	0.800741935141756	0.0478920517971442
MA1476.1	39583	0.884146398216264	0.0739113675026797
MA1478.1	39583	0.839343260931841	0.0460340714515697
MA1479.1	39583	0.811084290846072	0.0487343433100572
MA1480.1	39583	0.840561029384543	0.047275034221754
MA1481.1	39583	0.904339356137459	0.0600857262949687
MA1483.1	39583	0.808777995345798	0.0464052855096327
MA1484.1	39583	0.866125112390925	0.0461528528045336
MA1485.1	39583	0.790511223173458	0.0431021053749403
MA1487.1	39583	0.816174776810952	0.0504649128303917
MA1489.1	39583	0.812059469974484	0.0750887356775305
MA1491.1	39583	0.802578043548344	0.0401178559746043
MA1493.1	39583	0.824499881236255	0.0423354705775069
MA1494.1	39583	0.753395350992579	0.0405738116735388
MA1495.1	39583	0.906324807292511	0.047499539952151
MA1496.1	39583	0.92635357329922	0.0419764707518419
MA1497.1	39583	0.880625100051566	0.0442170479997569
MA1498.1	39583	0.913394385183594	0.0490966961421123
MA1499.1	39583	0.902312481940713	0.0643178724808486
MA1500.1	39583	0.920898693467679	0.0438414837678618
MA1501.1	39583	0.867082060094421	0.0446145680076542
MA1502.1	39583	0.908387661968975	0.0538806167900465
MA1503.1	39583	0.826484918787451	0.0512382007974243
MA1504.1	39583	0.92683195086232	0.0579651402080722
MA1505.1	39583	0.908632325473824	0.0455228915636447
MA1506.1	39583	0.809010471747374	0.0481710794860901
MA1507.1	39583	0.920495827648362	0.062323839543013
MA1508.1	39583	0.860311973805	0.0455141246105828
MA1509.1	39583	0.819912840914204	0.0442538245522194
MA1511.1	39583	0.877791051603411	0.0482119667812552
MA1512.1	39583	0.880748794267553	0.0539171488749575
MA1513.1	39583	0.87685398109927	0.0883519660662937
MA1514.1	39583	0.801827838097657	0.0463015165177594
MA1515.1	39583	0.913179241728748	0.0531432296475696
MA1516.1	39583	0.864577143887766	0.0550482389710722
MA1517.1	39583	0.898901392989787	0.051399450800493
MA1518.1	39583	0.918975893985801	0.0424592208633852
MA1519.1	39583	0.877532550886569	0.0677934109795119
MA1520.1	39583	0.773756380511438	0.0367667600526901
MA1521.1	39583	0.782262778910616	0.0370974967758543
MA1522.1	39583	0.898641360014887	0.0675195068591604
MA1523.1	39583	0.87580368558782	0.0404160996949896
MA1524.1	39583	0.87105410449686	0.044250115118272
MA1525.1	39583	0.894073999457495	0.046498278481159
MA1527.1	39583	0.768444897871129	0.0470594508495742
MA1528.1	39583	0.77947872389823	0.0454100013813645
MA1529.1	39583	0.753922305177784	0.0445173055814561
MA1530.1	39583	0.893177784529969	0.0518840017421665
MA1531.1	39583	0.798313418151122	0.0389237927122607
MA1532.1	39583	0.823200557828892	0.0323397772307434
MA1533.1	39583	0.803848876691643	0.0316078192529511
MA1534.1	39583	0.876295547010632	0.0467616620371391
MA1535.1	39583	0.943308927971312	0.0481773838086825
MA1536.1	39583	0.969171090278212	0.0271380461338784
MA1537.1	39583	0.776853369241101	0.0400723937033399
MA1538.1	39583	0.758903593343229	0.040452035568649
MA1539.1	39583	0.745243309723175	0.0414072268508395
MA1540.1	39583	0.873168818844347	0.0450728428560862
MA1541.1	39583	0.775166225350719	0.0389698118910531
MA1542.1	39583	0.858423872226931	0.0416183791449951
MA1544.1	39583	0.776821652736965	0.0452567875338372
MA1545.1	39583	0.811880067750604	0.0432684483283023
MA1546.1	39583	0.771612241633517	0.033794732515461
MA1547.1	39583	0.901799160131136	0.0667244784330557
MA1548.1	39583	0.86836050346411	0.0623121890930634
MA1549.1	39583	0.871352072002112	0.0499517386081117
MA1550.1	39583	0.777241571331165	0.0389186239822564
MA1552.1	39583	0.777306394778443	0.0374400635457547
MA1553.1	39583	0.766345810711504	0.0385645463848308
MA1554.1	39583	0.902777436669524	0.0333037633664852
MA1555.1	39583	0.786892310306713	0.0389132475949363
MA1556.1	39583	0.783012145798858	0.0408024285682219
MA1557.1	39583	0.806825498493695	0.0419754042857277
MA1558.1	39583	0.905739709806291	0.0504514093614775
MA1559.1	39583	0.866824077743351	0.0494675105765844
MA1560.1	39583	0.826036877042829	0.0536270652266928
MA1561.1	39583	0.795490306826608	0.0435675113629441
MA1562.1	39583	0.811802548432204	0.047144335311878
MA1563.1	39583	0.938984521736571	0.0282473268204612
MA1564.1	39583	0.880667161953638	0.0570295229359846
MA1565.1	39583	0.843864179288419	0.0406517568623287
MA1566.1	39583	0.905140511463935	0.0341108507633468
MA1567.1	39583	0.881575558203216	0.0389653669520475
MA1568.1	39583	0.833699936870479	0.036206176189284
MA1569.1	39583	0.895696039225736	0.0550846083154716
MA1570.1	39583	0.890331091775425	0.0393122182041291
MA1571.1	39583	0.777318609433198	0.0429616709275146
MA1572.1	39583	0.783862183436723	0.0421637818492019
MA1573.1	39583	0.7384359767031	0.0526954908877651
MA1574.1	39583	0.819022414094399	0.0350934907826715
MA1575.1	39583	0.758896592458614	0.0393731340655809
MA1576.1	39583	0.75940686367274	0.0347906208022408
MA1577.1	39583	0.898671214204323	0.0706449917230541
MA1578.1	39583	0.888992145391015	0.0542843610157776
MA1579.1	39583	0.860662039443551	0.0499518782756611
MA1580.1	39583	0.819110393398819	0.0553923446592244
MA1581.1	39583	0.855083804678492	0.0495057426585531
MA1583.1	39583	0.842153665009133	0.0482683405018367
MA1584.1	39583	0.78799256026259	0.0448545430172908
MA1585.1	39583	0.821903054927293	0.050139240838481
MA1587.1	39583	0.822443843553861	0.0630455405793948
MA1588.1	39583	0.758780051222342	0.0400837099824534
MA1589.1	39583	0.709922285804291	0.0365911002254603
MA1592.1	39583	0.799402805825269	0.0371590723772412
MA1593.1	39583	0.827011990321574	0.0459501744500384
MA1594.1	39583	0.701230748539291	0.0307562235579255
MA1596.1	39583	0.820054393467154	0.0856995330413925
MA1597.1	39583	0.728494840752282	0.0395403377594605
MA1599.1	39583	0.784835281277947	0.049519289009622
MA1600.1	39583	0.746127619436979	0.0350117876736572
MA1601.1	39583	0.868638059340154	0.0506786997998982
MA1602.1	39583	0.807604651906675	0.0414693895154049
MA1603.1	39583	0.795941406044118	0.0492234069485921
MA1604.1	39583	0.825011262689592	0.0514903066654019
MA1606.1	39583	0.860033677829903	0.0616696191340492
MA1607.1	39583	0.82043193688528	0.0570228842569162
MA1608.1	39583	0.855596763853574	0.0526680743986234
MA1615.1	39583	0.848237967837543	0.0557700049716206
MA1616.1	39583	0.801280609480996	0.0418817169871264
MA1618.1	39583	0.851618085351335	0.0482885130294737
MA1619.1	39583	0.857682132888417	0.0525598578076252
MA1620.1	39583	0.867340923713547	0.0504825851535137
MA1621.1	39583	0.863746405672507	0.0492517557926081
MA1622.1	39583	0.828532842135157	0.0544026918345995
MA1623.1	39583	0.833701231578188	0.0556338157614771
MA1624.1	39583	0.838781644220883	0.0513572033565757
MA1625.1	39583	0.82424506455869	0.0526797029195321
MA1627.1	39583	0.848023340043296	0.055798348057118
MA1628.1	39583	0.891145346884084	0.0511318872132776
MA1629.1	39583	0.827645723337521	0.0471107305277468
MA1630.1	39583	0.843794242058655	0.0603287538078275
MA1100.2	39583	0.898696850973162	0.0436185359596743
MA0605.2	39583	0.767421911286554	0.0565727283481556
MA0877.2	39583	0.914996654728363	0.0395384328440691
MA0462.2	39583	0.828442417664704	0.0549309641588921
MA0463.2	39583	0.765293853702378	0.0398148490986766
MA0878.2	39583	0.823708699047684	0.05408653887024
MA0864.2	39583	0.775914048727193	0.0425123693301278
MA0469.3	39583	0.718635452559116	0.039334726398171
MA0470.2	39583	0.76784027617404	0.0421851253885921
MA0612.2	39583	0.879824805215607	0.0611307393240869
MA0847.2	39583	0.852351658390665	0.0498401667979185
MA0766.2	39583	0.88113853561649	0.0511687718834234
MA0038.2	39583	0.827277517761613	0.044501664924003
MA0734.2	39583	0.784955777977547	0.0409408831922728
MA0893.2	39583	0.92613715007462	0.0441454935988987
MA1099.2	39583	0.872660621400479	0.059235529658993
MA0616.2	39583	0.830375985478802	0.0587709048485375
MA0650.2	39583	0.829989569437176	0.0501110992010013
MA0900.2	39583	0.880771113372426	0.0657809858520409
MA0158.2	39583	0.901118708981353	0.0508854944876752
MA0594.2	39583	0.886932395298636	0.0399999176564524
MA0902.2	39583	0.91409900343732	0.0517888508135613
MA0904.2	39583	0.893365060397754	0.0532107594303004
MA0485.2	39583	0.81757438644608	0.052445987169412
MA0909.2	39583	0.840266268087734	0.0433215313912079
MA0912.2	39583	0.860472205250371	0.0577083246371473
MA0910.2	39583	0.902911262601547	0.0528906220062249
MA0913.2	39583	0.858529956562122	0.0571706492602662
MA1140.2	39583	0.747007060632748	0.0529664535154512
MA0701.2	39583	0.874655554205985	0.061876015031118
MA0702.2	39583	0.85184919001675	0.0728161362349113
MA0703.2	39583	0.806082214920989	0.0770999262667113
MA0623.2	39583	0.825904635198995	0.0484039804005613
MA0842.2	39583	0.80925490938562	0.043449890042106
MA0682.2	39583	0.896824375065798	0.0637582246348531
MA0075.3	39583	0.865082451985108	0.0709435777583601
MA0867.2	39583	0.898520695821229	0.0469540496078804
MA0868.2	39583	0.865574258510872	0.0483471471697812
MA0079.4	39583	0.82688001745188	0.0571618999815762
MA0516.2	39583	0.80305928447333	0.0480890055655357
MA0746.2	39583	0.867896447669867	0.0574849014938233
MA0632.2	39583	0.852569502950869	0.0601290410012019
MA0871.2	39583	0.822274867291657	0.0541827832271231
MA0753.2	39583	0.82255273995976	0.0571227358102275
MA0122.3	39583	0.816279757723006	0.0533019183859495
MA1631.1	39583	0.865186803480452	0.0498709446032698
MA1632.1	39583	0.817257225984801	0.0548887415235076
MA1633.1	39583	0.799769588808666	0.0494013058782778
MA1634.1	39583	0.830223134848379	0.0552059302444263
MA1635.1	39583	0.886351237404216	0.0655905667203089
MA1636.1	39583	0.798212056304309	0.0494536546573913
MA1637.1	39583	0.824971298578003	0.0532749635642255
MA1638.1	39583	0.896584756059	0.0600601956907332
MA1639.1	39583	0.820868053398711	0.0540252373341533
MA1640.1	39583	0.796269814519469	0.0555025450167838
MA1641.1	39583	0.847995433975076	0.0519662908150965
MA1642.1	39583	0.862273218869932	0.0467372808589719
MA1643.1	39583	0.735813229387673	0.0436061920172069
MA1644.1	39583	0.845052964207705	0.0559864663025604
MA1645.1	39583	0.842986174483917	0.0433095862449447
MA1646.1	39583	0.865529743228258	0.0467275113650487
MA1647.1	39583	0.876401518810203	0.0471269882762096
MA1648.1	39583	0.895087309438461	0.0510677709840717
MA1649.1	39583	0.870303125536187	0.0479667894473799
MA1650.1	39583	0.835252230343683	0.0671984220978788
MA1651.1	39583	0.757315717582298	0.0473225789695984
MA1652.1	39583	0.84563649073116	0.0468880875205359
MA1653.1	39583	0.869648725131584	0.0688665566659911
MA1654.1	39583	0.717703029466487	0.0332281794963428
MA1655.1	39583	0.848544564471456	0.0459845099976752
MA1656.1	39583	0.823259643327849	0.0450642418046859
MA1657.1	39583	0.806245143261471	0.0545770323962221
MA1683.1	39583	0.859144510844034	0.0590289684404163
MA0833.2	39583	0.799532713316074	0.0500911028924603
MA0835.2	39583	0.827777500267979	0.0538109839508351
MA0465.2	39583	0.831652662916349	0.0583922430867461
MA0102.4	39583	0.801907955442567	0.0500612286544598
MA0836.2	39583	0.815084291176277	0.049820862058464
MA0018.4	39583	0.825241275685947	0.0583980238125367
MA1102.2	39583	0.856924073124103	0.0608019244495199
MA0471.2	39583	0.869523141614148	0.0504553693743178
MA0154.4	39583	0.80543511670921	0.0493945839805408
MA0162.4	39583	0.82791193559144	0.0626609982950518
MA0598.3	39583	0.827741349775015	0.0449483647250223
MA0473.3	39583	0.830912219299072	0.0463706287330537
MA0640.2	39583	0.844172650739153	0.0442465922559615
MA0592.3	39583	0.810771806771369	0.0525734416080453
MA0761.2	39583	0.83862174844353	0.0454726076448949
MA0764.2	39583	0.913922980659883	0.0554832157540771
MA0765.2	39583	0.870921309369087	0.0484753375052059
MA0477.2	39583	0.820041310113525	0.0545689542810539
MA0148.4	39583	0.831671360439143	0.0572831937887781
MA0047.3	39583	0.856158212308585	0.0589118257322215
MA1103.2	39583	0.856968436408	0.0588915326491588
MA0481.3	39583	0.86295765003899	0.0594032996544861
MA0062.3	39583	0.830591207727096	0.0456136397477386
MA0035.4	39583	0.848875964883091	0.0517650775762589
MA0482.2	39583	0.84033669945667	0.0497535061705129
MA1104.2	39583	0.820895177945822	0.0533681988897158
MA1105.2	39583	0.817367285290175	0.0495187066017718
MA0043.3	39583	0.810955024683864	0.0549106025327969
MA0114.4	39583	0.814981387744839	0.0471781047497721
MA0484.2	39583	0.819282248615057	0.0465136913305473
MA0901.2	39583	0.819654430389236	0.0620646780949432
MA0490.2	39583	0.806320692656651	0.0560200576084606
MA0491.2	39583	0.809459099626861	0.0554940168861995
MA0039.4	39583	0.899747687245281	0.0606525329786464
MA1107.2	39583	0.815041582602688	0.0518994167556994
MA0700.2	39583	0.848306253492016	0.0627793188225342
MA0495.3	39583	0.779422199614816	0.0466948122360539
MA0659.2	39583	0.782835011637288	0.0452188041664785
MA0496.3	39583	0.781024441783801	0.0516663763322628
MA0052.4	39583	0.823721195101325	0.069338546925578
MA0620.3	39583	0.781825470150995	0.0475220976067183
MA1108.2	39583	0.898788018975497	0.060757860447424
MA0499.2	39583	0.852521522853	0.0455549439051492
MA0500.2	39583	0.856198852045663	0.0583439385670832
MA0056.2	39583	0.847767223326821	0.0454714828510524
MA0089.2	39583	0.766502015630589	0.044093991176339
MA0025.2	39583	0.813623092966006	0.0589718344507126
MA0502.2	39583	0.826633265422042	0.0511639301542683
MA0063.2	39583	0.869776098924745	0.0474217213894145
MA1112.2	39583	0.85572954572638	0.0503445128439579
MA0679.2	39583	0.771380717942277	0.0680470426788826
MA0712.2	39583	0.868455600450946	0.0553626352177334
MA1113.2	39583	0.810528576730561	0.0593845119769498
MA0681.2	39583	0.762821399664124	0.0734645609544515
MA0782.2	39583	0.801255545989031	0.0492754813802128
MA0627.2	39583	0.816136383307295	0.0614474803716495
MA0508.3	39583	0.882028087346204	0.0513809156905332
MA0509.2	39583	0.800455261643073	0.0461668971858948
MA0798.2	39583	0.797621416566056	0.0457967155356106
MA0684.2	39583	0.860807772393238	0.0497205620484516
MA0743.2	39583	0.78866294071578	0.0429583071844095
MA0744.2	39583	0.791154093824569	0.0423821223106536
MA0745.2	39583	0.84938648207236	0.0523912355491584
MA0143.4	39583	0.86109778170744	0.0523226725640394
MA0080.5	39583	0.778774568782108	0.0419625251210192
MA0081.2	39583	0.802200650788211	0.0420710586620061
MA0829.2	39583	0.805504501336815	0.0539614709134393
MA0522.3	39583	0.89541500328824	0.0508611350248391
MA0830.2	39583	0.863970422241846	0.0501881476979715
MA0769.2	39583	0.863846881295664	0.05401406259274
MA0090.3	39583	0.827853170270146	0.0476244021716636
MA0809.2	39583	0.846147703234053	0.0478427121080648
MA0003.4	39583	0.844895862081921	0.0509082366584021
MA0814.2	39583	0.848621917196928	0.0520688478232806
MA1123.2	39583	0.848892892808988	0.0466669899202476
MA0093.3	39583	0.801257361680562	0.0475530565973132
MA0526.3	39583	0.801101292055448	0.0483456424696616
MA0748.2	39583	0.841196345007137	0.0550804909522506
MA0528.2	39583	0.879134659230401	0.0568249069451384
MA0609.2	39583	0.752774652461088	0.0530862094194666
