[SHORT TFBS MATRIX]
MA0004.1	39503	0.859940416145376	0.0678087196937099
MA0069.1	39503	0.768950099736186	0.0391794488801574
MA0071.1	39503	0.825513346005308	0.0543540213858661
MA0074.1	39503	0.756662805775987	0.0392312837391881
MA0101.1	39503	0.870458497399263	0.0445366876169887
MA0107.1	39503	0.826817265818135	0.0534313158245286
MA0111.1	39503	0.867009215543718	0.0314522934798104
MA0115.1	39503	0.675452644941023	0.0444913456237016
MA0116.1	39503	0.826274574997165	0.043702493869316
MA0119.1	39503	0.73848399150561	0.0506136358317753
MA0130.1	39503	0.962221453368019	0.0380151143256125
MA0142.1	39503	0.752280641102506	0.0566684369189784
MA0149.1	39503	0.688404150309444	0.0555867895326975
MA0151.1	39503	0.896251684509648	0.0875168030824958
MA0155.1	39503	0.856590483491036	0.0423153955359861
MA0159.1	39503	0.797470754980506	0.033845703269146
MA0163.1	39503	0.800292835202506	0.0516394684066191
MA0145.2	39503	0.834522107025158	0.0404857885211975
MA0468.1	39503	0.803111738198522	0.0624517563820346
MA0515.1	39503	0.864633667109723	0.0519345216699953
MA0258.2	39503	0.800375598184273	0.0408778295401018
MA0595.1	39503	0.852491234036872	0.0468703205451626
MA0596.1	39503	0.834915095499385	0.0485408835475008
MA0599.1	39503	0.926699944584638	0.0619509183421423
MA0604.1	39503	0.838210356146239	0.0555762450616893
MA0608.1	39503	0.830214191435116	0.054158282307543
MA0613.1	39503	0.829627857625988	0.0775012952594971
MA0614.1	39503	0.856444561222799	0.0699113355865515
MA0636.1	39503	0.774968535547854	0.057249718440245
MA0641.1	39503	0.777124487424653	0.0513136700223395
MA0042.2	39503	0.852126060219711	0.0691652894290635
MA0033.2	39503	0.885330818055963	0.0677086942842483
MA0153.2	39503	0.726841086459461	0.0707505271765449
MA0486.2	39503	0.740039833794828	0.0539963885710457
MA0653.1	39503	0.690156211018544	0.0497681932768619
MA0655.1	39503	0.771841016487268	0.063493621778169
MA0660.1	39503	0.752177906591873	0.0745222465189178
MA0663.1	39503	0.773478280806555	0.055815819571138
MA0665.1	39503	0.8078679943073	0.0473285000742967
MA0667.1	39503	0.790601697360467	0.0524681993899474
MA0669.1	39503	0.794214720351759	0.0500746645480259
MA0676.1	39503	0.837052607036003	0.0572219635762942
MA0678.1	39503	0.795213195401577	0.0521995274840483
MA0068.2	39503	0.819508198291832	0.0692756866361061
MA0512.2	39503	0.72391538503478	0.0458427394486546
MA0083.3	39503	0.685892225600665	0.0491254351200559
MA0009.2	39503	0.701317823539454	0.0428189511359172
MA0689.1	39503	0.801908734002803	0.0467605862017669
MA0691.1	39503	0.79507453967856	0.0566367138721288
MA0696.1	39503	0.772141387129201	0.049276968914519
MA0713.1	39503	0.776208764114153	0.075385123251143
MA0715.1	39503	0.747557826447602	0.0846956672267594
MA0724.1	39503	0.824801669774253	0.0639641200661801
MA0728.1	39503	0.715243292116905	0.0484671952157562
MA0729.1	39503	0.696658251436295	0.0428722453443204
MA0730.1	39503	0.71132988790739	0.0409833732161464
MA0731.1	39503	0.669038819069585	0.0449986086780932
MA0472.2	39503	0.806161631559745	0.0550812191964446
MA0736.1	39503	0.78712472974478	0.0463372071154465
MA0737.1	39503	0.742455737397385	0.0414694922526397
MA0741.1	39503	0.869775577320276	0.0673190168906309
MA0088.2	39503	0.746893003259248	0.0419270012501276
MA0758.1	39503	0.692265102207351	0.0489087607633089
MA0770.1	39503	0.75350708912745	0.0528953878011065
MA0771.1	39503	0.782330034329872	0.047700204182607
MA0773.1	39503	0.762263067237005	0.0778704138596761
MA0774.1	39503	0.861361875265184	0.0561775675406971
MA0776.1	39503	0.743359699087001	0.0454878319499324
MA0777.1	39503	0.712210783720645	0.0426736609402024
MA0105.4	39503	0.722299516895438	0.0559454863254024
MA0780.1	39503	0.734033409693655	0.0786144764967283
MA0783.1	39503	0.72389884575012	0.0520231896570485
MA0787.1	39503	0.771666278970779	0.0728816353096227
MA0788.1	39503	0.766328869451788	0.073130030977112
MA0789.1	39503	0.792793127737232	0.0762444229592563
MA0792.1	39503	0.817017002265025	0.071446291697713
MA0794.1	39503	0.759011151818201	0.0441418239335846
MA0795.1	39503	0.752612546768764	0.0502825849403669
MA0796.1	39503	0.697738406557066	0.0549731559601181
MA0797.1	39503	0.731364006167438	0.0506635110073909
MA0511.2	39503	0.830447361609908	0.0482106997744518
MA0801.1	39503	0.857554678848809	0.0511940021485987
MA0803.1	39503	0.835911621593366	0.0549498748839854
MA0805.1	39503	0.834255775394369	0.0565438180954365
MA0806.1	39503	0.863310160391647	0.0491036888623119
MA0807.1	39503	0.872848772270315	0.0460715628710982
MA0808.1	39503	0.871960717150787	0.054384580498868
MA0813.1	39503	0.813927369872236	0.0586799839844168
MA0815.1	39503	0.807109936282431	0.0615942872102025
MA0816.1	39503	0.83417264298598	0.0526903820336304
MA0822.1	39503	0.728522153281232	0.0558492945917573
MA0823.1	39503	0.803623278482447	0.0630224029651722
MA0826.1	39503	0.776139974218193	0.055422205372508
MA0827.1	39503	0.820645902954925	0.0473745866632511
MA0838.1	39503	0.776708979466447	0.0513684421633175
MA0845.1	39503	0.800578495728104	0.0700979150466966
MA0032.2	39503	0.829684492687263	0.0691506640477779
MA0848.1	39503	0.872344063551797	0.0651534499844299
MA0849.1	39503	0.856318910684013	0.0680184250346272
MA0850.1	39503	0.910342028696989	0.04889344127434
MA0855.1	39503	0.720751023261936	0.0459746363344068
MA0856.1	39503	0.731006819650889	0.0453441958661574
MA0857.1	39503	0.686534867591027	0.0480100496340408
MA0858.1	39503	0.701866021341144	0.0432135147914145
MA0860.1	39503	0.696564219257607	0.044743750688111
MA0525.2	39503	0.697645567584947	0.0407548371464782
MA0106.3	39503	0.708329675210359	0.0388089554093135
MA0862.1	39503	0.812989181237253	0.052098359770724
MA0863.1	39503	0.727830296500696	0.0402775501933882
MA0024.3	39503	0.768101524268015	0.0466135004367712
MA0866.1	39503	0.694234279843237	0.0574410510681698
MA0870.1	39503	0.694820736573688	0.0573895788750837
MA0872.1	39503	0.801830192466868	0.0629926397941521
MA1124.1	39503	0.712397408089747	0.0645947035217638
MA1155.1	39503	0.731308427185981	0.0456036375155209
MA1127.1	39503	0.754105431977068	0.0597732358222875
MA1129.1	39503	0.765985186757507	0.0592089491846783
MA1136.1	39503	0.780640554124613	0.0570509813242612
MA1420.1	39503	0.746569466188324	0.0412778801447143
MA1421.1	39503	0.769592845514374	0.0516802515925953
MA1468.1	39503	0.850349164451249	0.040792146899994
MA1485.1	39503	0.7666754464417	0.046483921938733
MA1489.1	39503	0.768568210009366	0.0819546470488765
MA1493.1	39503	0.800898230358161	0.0454993162192431
MA1509.1	39503	0.792429447584495	0.0484362543609448
MA1538.1	39503	0.736577807364115	0.0431102201799945
MA1539.1	39503	0.722130065457723	0.0439705373686993
MA1555.1	39503	0.764268765172145	0.0422241324692724
MA1556.1	39503	0.760379897306659	0.0443519219331725
MA1557.1	39503	0.780828369992579	0.0453428095429556
MA1570.1	39503	0.86193932515681	0.0471309533611944
MA1571.1	39503	0.749036194307698	0.0467427739318093
MA1572.1	39503	0.756208380230057	0.046126066645357
MA1580.1	39503	0.779869618187777	0.0620708368625135
MA1587.1	39503	0.786074452156687	0.058018220044117
MA1588.1	39503	0.72965524057429	0.0454375613722234
MA1594.1	39503	0.681108584931658	0.0330208447591308
MA1596.1	39503	0.777717186690885	0.0754464690788947
MA1597.1	39503	0.706074405518694	0.0417777618792084
MA0158.2	39503	0.86583110319741	0.0596135586983822
MA0912.2	39503	0.821569130580487	0.0661969708742979
MA0623.2	39503	0.793956102458046	0.0519730807089469
MA2093.1	39503	0.88363579811613	0.0561355371075872
MA2094.1	39503	0.783790188698887	0.0363305025310561
MA2095.1	39503	0.79388936681571	0.0557724720490631
MA2096.1	39503	0.840266916071894	0.0532082226712959
MA1715.1	39503	0.730802481674402	0.0429362965084062
MA2097.1	39503	0.773403740839672	0.0490164943471901
MA2098.1	39503	0.83282621950032	0.0583649749785035
MA2099.1	39503	0.885554497994928	0.0602590918636944
MA1718.1	39503	0.658896462937161	0.0461887936047957
MA2100.1	39503	0.643078059537923	0.0418489450938657
MA2101.1	39503	0.77042785747353	0.0511839919324641
MA1684.1	39503	0.953304850408492	0.0627166033288871
MA2102.1	39503	0.781061064301794	0.0623626599523306
MA1931.1	39503	0.733010489221068	0.0449725928621188
MA1957.1	39503	0.745830489713599	0.0429433583915128
MA1962.1	39503	0.728811007978201	0.0572549085923486
MA1972.1	39503	0.827421520022137	0.0436106245719833
MA1980.1	39503	0.773108412374454	0.0397342041115696
MA1985.1	39503	0.750753497253784	0.0466163355629943
MA2117.1	39503	0.840857433855978	0.07151362667227
MA2118.1	39503	0.821380414854668	0.0702679715865344
MA2119.1	39503	0.872809055987832	0.0672088420316727
MA2120.1	39503	0.823793481063143	0.0406277524187297
MA2121.1	39503	0.83380270176949	0.0700762933625267
MA2122.1	39503	0.788384939332127	0.0545535707402264
MA2123.1	39503	0.843205954278402	0.0506898144670874
MA2124.1	39503	0.828831244513858	0.103363556835045
MA2125.1	39503	0.860335683227229	0.0580734255957012
MA2126.1	39503	0.836958093001851	0.0674950587293074
MA0079.5	39503	0.897259220803052	0.0847044296776494
MA0509.3	39503	0.697920107503122	0.050441160667871
MA0516.3	39503	0.906621803810383	0.076197446460882
MA0607.2	39503	0.771406636761525	0.0512389870287139
MA0685.2	39503	0.90870740751596	0.0773843233175733
MA0740.2	39503	0.911777748889916	0.0729564106258188
MA0742.2	39503	0.893095669243309	0.0824464376685678
MA0798.3	39503	0.701419484799899	0.049017473353854
MA0818.2	39503	0.788064294250343	0.0515547437359418
MA0821.2	39503	0.81659189418842	0.056340823095272
MA0831.3	39503	0.7613061109231	0.0598066317541526
MA0878.3	39503	0.802972937984256	0.0636695223444647
MA0884.2	39503	0.761005386895556	0.0650671340472949
MA1511.2	39503	0.901157026573289	0.0779401148736747
MA1532.2	39503	0.747509435779432	0.0401161906787365
MA1547.2	39503	0.843303204838685	0.0640004587635619
MA1563.2	39503	0.902194440082123	0.0541739776660726
MA1573.2	39503	0.734444940778146	0.0582553218426548
MA1601.2	39503	0.780429632709161	0.0437328052300447
MA1633.2	39503	0.793217656524564	0.061061781867549
MA2323.1	39503	0.685172819591898	0.0519519820162018
MA2324.1	39503	0.864284865804823	0.0592584520454108
MA2325.1	39503	0.814072059677588	0.0534356022985122
MA2326.1	39503	0.92169215678849	0.0735859420867559
MA2327.1	39503	0.819252922679486	0.0729785247066613
MA2328.1	39503	0.836606824804306	0.0905868802741529
MA2329.1	39503	0.824750135744403	0.0597827604235839
MA2330.1	39503	0.808694007768744	0.0631426320457929
MA2331.1	39503	0.670615321632556	0.0374386360993654
MA2332.1	39503	0.827781111242266	0.0562880699673684
MA2333.1	39503	0.81452943175678	0.0843703498846972
MA2334.1	39503	0.73857215144156	0.044948335829789
MA2335.1	39503	0.63875295062301	0.0496719404732818
MA2336.1	39503	0.86233859967214	0.0612444430800088
MA2337.1	39503	0.919128053960878	0.0732979975357707
MA2338.1	39503	0.85856441064126	0.0605875947044893
MA2339.1	39503	0.837847331691623	0.0608273997827947
MA2340.1	39503	0.795255219581294	0.0550635751268832
MA2341.1	39503	0.894344426106793	0.0559475519110119
MA0619.2	39503	0.874863373354643	0.0858799584808285
MA0006.2	39503	0.931545671621018	0.0712188839336576
MA0854.2	39503	0.804638443040704	0.0794647443378215
MA0634.2	39503	0.881874770651266	0.0766530554073932
MA0853.2	39503	0.764827559509911	0.0628759888773438
MA0690.3	39503	0.798964366154881	0.0470486807043203
MA0007.4	39503	0.730702661713137	0.0442805207706674
MA1463.2	39503	0.795043498901723	0.0848730456591691
MA0601.2	39503	0.8578400645071	0.0938269879487753
MA0602.2	39503	0.819740837913409	0.0842439664931027
MA0259.2	39503	0.920230443280573	0.0741825769832469
MA1464.2	39503	0.817016552919574	0.0658440239935023
MA0603.2	39503	0.823977039504143	0.0613549950706264
MA0874.2	39503	0.791825935658531	0.0694228136244141
MA1100.3	39503	0.88616791149176	0.0516416987956057
MA1631.2	39503	0.854738410192136	0.0565810831849875
MA1632.2	39503	0.792786380892845	0.0650277027149145
MA1988.2	39503	0.843377906323614	0.0691311881908207
MA0605.3	39503	0.749540555395113	0.0658740136934859
MA0833.3	39503	0.781902458878188	0.0591799125809978
MA1466.2	39503	0.735335700185111	0.0451505114651646
MA0834.2	39503	0.738266107976047	0.0640795281125122
MA0461.3	39503	0.844370706681714	0.0539105634425433
MA1467.3	39503	0.861659356357078	0.0612584894541014
MA0591.2	39503	0.776087013479135	0.0464854710400678
MA0496.4	39503	0.784098918651367	0.0598133186945849
MA1101.3	39503	0.763079178501799	0.0552900700871727
MA1470.2	39503	0.702365277509878	0.0436836499334441
MA0877.4	39503	0.870587216297003	0.0632779501268424
MA0635.2	39503	0.910851513498657	0.0595537163623573
MA0875.2	39503	0.898486245030793	0.073732873043359
MA1471.2	39503	0.840213689124951	0.0732076427179361
MA1634.2	39503	0.840466165069902	0.0712518582119927
MA0462.3	39503	0.840792185365924	0.0710767080961541
MA0489.3	39503	0.812189392988512	0.0668690071591734
MA0488.2	39503	0.811368948937598	0.058076647177877
MA0835.3	39503	0.844173911476324	0.0695064123074443
MA1989.2	39503	0.805568544465948	0.0608317410110202
MA0463.3	39503	0.752850993728635	0.0450087055939653
MA1472.3	39503	0.833041405734349	0.0581095759381763
MA1635.2	39503	0.870375832999148	0.0800842589404939
MA0817.2	39503	0.774735728661482	0.0561830063457995
MA0464.3	39503	0.822095952060307	0.0640993232762967
MA1928.2	39503	0.834742071415031	0.0733119749925764
MA0876.2	39503	0.911125612290135	0.0710905614829408
MA0465.3	39503	0.813658576645282	0.0720046966101752
MA1473.2	39503	0.821327221912307	0.0701231332638518
MA0102.5	39503	0.784127597040128	0.059870373087591
MA0466.4	39503	0.744224936624287	0.0514149275894306
MA0836.3	39503	0.819341097297301	0.064073345002351
MA0837.3	39503	0.747586530300959	0.0515128429336047
MA1636.2	39503	0.783998217136719	0.0590124755628812
MA0819.3	39503	0.860996975766521	0.0569135135775493
MA0018.5	39503	0.813348268012026	0.0729138905197927
MA0638.2	39503	0.768182189708127	0.0466436886212033
MA0839.2	39503	0.740079606442678	0.04425362136746
MA1474.2	39503	0.809684654884035	0.0476878252967983
MA1475.2	39503	0.810951591494245	0.0564447103863207
MA0840.2	39503	0.76207671503073	0.0645762446352846
MA0609.3	39503	0.749655745461204	0.0638925766691914
MA0467.3	39503	0.856425265785612	0.0794465770904678
MA0139.2	39503	0.804223140083937	0.0477048403390423
MA1929.2	39503	0.688799853286801	0.0390332537272162
MA1930.2	39503	0.681580216880703	0.0380678724635306
MA1102.3	39503	0.866371097263926	0.0668078261085792
MA0754.3	39503	0.771261251170091	0.0612202288178512
MA0650.4	39503	0.829903425267722	0.0689632565590429
MA0901.3	39503	0.806307859305433	0.0769033063484017
MA0755.2	39503	0.771348892298434	0.0675852985165862
MA0639.2	39503	0.788950063907343	0.0618016753904549
MA0019.2	39503	0.840029743236638	0.045393765401458
MA0879.3	39503	0.899676842540633	0.063964207234358
MA0885.3	39503	0.80325866708723	0.0626601418001054
MA0880.2	39503	0.883663051433654	0.0743714385551453
MA0881.2	39503	0.886345950878632	0.0719502527156106
MA1476.3	39503	0.80435370514695	0.0639713053150965
MA0882.2	39503	0.887118262373087	0.073410496899571
MA0883.2	39503	0.822762822425536	0.0572139290445845
MA1603.2	39503	0.801848416511213	0.0686333307037525
MA0610.2	39503	0.849128226888672	0.0655501784885341
MA1707.2	39503	0.82326919814154	0.0566576783276261
MA1478.2	39503	0.929777372774673	0.0499460861731244
MA1479.2	39503	0.790333739655915	0.0551740333990359
MA1480.2	39503	0.812762586479918	0.0564665016790138
MA1481.2	39503	0.88165489352749	0.0796532321975008
MA0611.3	39503	0.744307318389452	0.0693615528845542
MA0864.3	39503	0.77107197276494	0.0469950925936412
MA0469.4	39503	0.699042304487491	0.0442442074332945
MA0756.3	39503	0.799788509740999	0.0587854564114269
MA0470.3	39503	0.753342213811693	0.0459859081337663
MA0471.3	39503	0.877419013260845	0.0587461083840496
MA0865.3	39503	0.844194759018078	0.0555847010419114
MA0154.5	39503	0.794221721943706	0.0559032813520706
MA1604.2	39503	0.821537250928152	0.0597591799213065
MA1637.2	39503	0.821845783590973	0.0622407551249584
MA0162.5	39503	0.835406826646093	0.0686260350070054
MA0732.2	39503	0.791878205767188	0.0686199514597666
MA0733.2	39503	0.812355325225956	0.0619907943811289
MA0598.4	39503	0.85042454578033	0.0552067764702774
MA0473.4	39503	0.835126815992756	0.0565137285379106
MA1483.3	39503	0.834136370051931	0.0508978845001514
MA0640.3	39503	0.850295956518692	0.0542419653873717
MA0136.4	39503	0.869202894284651	0.0549634412011293
MA0028.3	39503	0.807671122932955	0.0594889528626584
MA0800.2	39503	0.823491845276274	0.0505996189116248
MA1708.2	39503	0.876792154413453	0.048938791974976
MA1495.2	39503	0.890555087907405	0.067800278110288
MA1932.2	39503	0.732502123101177	0.040158135316308
MA0779.2	39503	0.750056177738675	0.0351481016289141
MA0014.4	39503	0.832458603816101	0.0550897662416165
MA0781.2	39503	0.725529306670038	0.0377726783623644
MA0686.2	39503	0.807403865637481	0.0480375707546008
MA1933.2	39503	0.743007709808509	0.0435724591860335
MA0828.3	39503	0.745287752242054	0.0598236270332004
MA0843.2	39503	0.780379725451795	0.0615799907562587
MA0759.3	39503	0.812792980995152	0.0602301511980239
MA0076.3	39503	0.859981782901757	0.0565347868680559
MA0612.3	39503	0.858668506197168	0.0827655950113308
MA0886.2	39503	0.860974277978769	0.0829554413525153
MA0027.3	39503	0.892314577794277	0.074064965570605
MA0642.3	39503	0.876062077682677	0.0660855123048649
MA0760.2	39503	0.837748758212813	0.0498128970910524
MA1934.2	39503	0.788910302232734	0.0462521660917266
MA0820.2	39503	0.929901361271422	0.0604261262348916
MA1935.2	39503	0.87477563578052	0.0422931682401995
MA1936.2	39503	0.844779653387756	0.0385461512783351
MA0480.3	39503	0.846856194885021	0.0681334241433642
MA1937.2	39503	0.80759628285792	0.0421737369178423
MA0058.4	39503	0.854227627254679	0.0710533578957197
MA1938.2	39503	0.758935293286968	0.0399438533160553
MA0048.3	39503	0.841113224617243	0.0573228783049671
MA1939.2	39503	0.736659851192879	0.0375681812478459
MA0474.4	39503	0.827580378301582	0.0523760374510752
MA0112.4	39503	0.721073683561507	0.0458008032075743
MA0592.4	39503	0.8002992133856	0.0574658838047361
MA0141.4	39503	0.779462352710497	0.0564437341806043
MA0643.2	39503	0.830848490865627	0.0524309430612469
MA0644.3	39503	0.86034143270137	0.0735536429963584
MA0098.4	39503	0.852371411579291	0.0510907986629866
MA1484.2	39503	0.850117262194919	0.0518603365860677
MA0761.3	39503	0.838751484647768	0.0546882644840724
MA0762.2	39503	0.826334894931733	0.0513639984978406
MA1940.2	39503	0.772383145234563	0.0468517855588789
MA1941.2	39503	0.775354311603779	0.0450337156318114
MA1942.2	39503	0.830021794307157	0.0476318604814937
MA1943.2	39503	0.779271938196282	0.0430078769513639
MA0763.2	39503	0.843016008200548	0.047250659578012
MA0764.4	39503	0.83829762566162	0.055291124546665
MA0765.4	39503	0.807626633859527	0.0587129895607312
MA1944.2	39503	0.785216262299296	0.0429628582877176
MA1945.2	39503	0.7817247559197	0.0450094515953321
MA1946.2	39503	0.818283308699722	0.0391607017374495
MA1947.2	39503	0.852354137044402	0.0420065985735642
MA1948.2	39503	0.791278617890366	0.0399972341774294
MA0900.3	39503	0.854691427924586	0.0860232825784873
MA0645.2	39503	0.857473438418372	0.0539277179321688
MA0887.2	39503	0.897164567593631	0.0714286157168581
MA0888.2	39503	0.896251142606456	0.0713249665415058
MA0156.4	39503	0.8083328143176	0.0568813838392726
MA0475.3	39503	0.835574448687016	0.0529930986599963
MA1949.2	39503	0.755308056125265	0.0404483535770754
MA1950.2	39503	0.812662270497717	0.049809467667122
MA0476.2	39503	0.824315321969689	0.0692233860520462
MA1951.2	39503	0.723398633062124	0.0549394440912655
MA0099.4	39503	0.820625559821169	0.0583290225524713
MA1126.2	39503	0.778012647784467	0.0581854181189799
MA1134.2	39503	0.806663133634395	0.0615668619157794
MA1140.3	39503	0.730484815283452	0.0601718973198451
MA0490.3	39503	0.777453241478588	0.0656116981763055
MA1141.2	39503	0.811488720180943	0.0607115248727566
MA0492.2	39503	0.810455856450591	0.0561414429512309
MA0491.3	39503	0.778436147324058	0.0651821272887562
MA1135.2	39503	0.813962210694935	0.0615803722386063
MA0477.3	39503	0.790444775513854	0.064685849254453
MA1128.2	39503	0.815911689057382	0.0594305896735166
MA1137.2	39503	0.8174633523931	0.0580918765527549
MA1142.2	39503	0.860578401409675	0.0541109088651465
MA1143.2	39503	0.82183086875935	0.0542205638607847
MA0478.2	39503	0.830640991360224	0.0578259167677556
MA1130.2	39503	0.820323122123868	0.059703118140714
MA1131.2	39503	0.784343936316474	0.0608356615968145
MA1138.2	39503	0.809006326643874	0.063262804856671
MA1139.2	39503	0.75752229733781	0.0644982338194939
MA1144.2	39503	0.811365684771233	0.0609283116747088
MA1145.2	39503	0.780066424195426	0.0621463078503843
MA0148.5	39503	0.810016544374026	0.0703560523342436
MA0047.4	39503	0.836581583083117	0.0720530358097885
MA1683.2	39503	0.838847237874431	0.0735929261641158
MA0846.2	39503	0.830528130850185	0.0679301029714657
MA0031.2	39503	0.846306623398973	0.0697287350958243
MA0847.4	39503	0.817168191610557	0.0677942319493979
MA0041.3	39503	0.793741612859038	0.0691151340387255
MA1487.3	39503	0.803056095300974	0.0670251478901631
MA1606.2	39503	0.852316064021519	0.0761250997168374
MA0030.2	39503	0.816731370999867	0.0663828206529362
MA0479.2	39503	0.837226704448082	0.0630753204357167
MA1952.2	39503	0.832296563450516	0.0475518899988553
MA0682.3	39503	0.87076542510335	0.0739210486421217
MA0851.2	39503	0.825877667850608	0.0714083236565274
MA0852.3	39503	0.85108461659104	0.069222709935681
MA1103.3	39503	0.840167104943683	0.0742296659556414
MA1607.2	39503	0.792182542147382	0.0709574008810159
MA1953.2	39503	0.799866500494705	0.0448355048813914
MA1954.2	39503	0.795168882907532	0.0477269731004569
MA1955.2	39503	0.789447657555867	0.0468218104660696
MA1956.2	39503	0.781843751788093	0.0466003135764048
MA0157.4	39503	0.847215151658718	0.0706680857415852
MA0481.4	39503	0.842934146850334	0.0733684681265569
MA0593.2	39503	0.845950929299483	0.0683054437984306
MA0040.2	39503	0.816400976920753	0.067051397088132
MA0062.4	39503	0.816510860332845	0.053331481485644
MA0035.5	39503	0.845715570761984	0.0645474817791319
MA0140.3	39503	0.770723660108655	0.0515215248845625
MA0036.4	39503	0.84156331978719	0.0696152919900453
MA0037.5	39503	0.819389149845836	0.0639822220030358
MA0482.3	39503	0.827018197778784	0.0596899100591743
MA0766.3	39503	0.864092093626672	0.059888708988635
MA1104.3	39503	0.819819480452815	0.0650839212458725
MA0889.2	39503	0.852153460363378	0.0776797045725427
MA0890.2	39503	0.868637534409352	0.0827864751488286
MA0646.2	39503	0.810132553586004	0.0428601623011736
MA0143.5	39503	0.855508088896945	0.0631630126838927
MA0767.2	39503	0.851896215632088	0.0456244083962339
MA0038.3	39503	0.802353839133254	0.0518577193139549
MA0483.2	39503	0.844853129734545	0.0513918318095546
MA1990.2	39503	0.800209208912851	0.0497582180563848
MA0734.4	39503	0.824207444920026	0.0524384678816721
MA1491.3	39503	0.7279336871334	0.0436378451437529
MA0735.2	39503	0.704314442052554	0.0450442964254466
MA0615.2	39503	0.887563103549955	0.0564986215671159
MA0647.2	39503	0.76309763878034	0.0550432160525594
MA1105.3	39503	0.817765093561262	0.0569367922939632
MA0648.2	39503	0.878714308582101	0.076023872626641
MA0891.2	39503	0.892783127588119	0.0659620923813752
MA0892.2	39503	0.910416375694644	0.0617312668173405
MA0893.3	39503	0.907069294550069	0.0568328585261821
MA0092.2	39503	0.887461986784024	0.0400223154678482
MA0522.4	39503	0.885876943926565	0.0581442496950669
MA1638.2	39503	0.886755228840672	0.0680184197135048
MA1099.3	39503	0.865371129782718	0.0680622987232235
MA0616.3	39503	0.82179044476859	0.0660426468524696
MA0894.2	39503	0.867873591175789	0.0863505788463121
MA0649.2	39503	0.828803138949819	0.0565579731470085
MA0739.2	39503	0.87805019331357	0.0445128085504604
MA0738.2	39503	0.955093790581454	0.0428314427112027
MA1106.2	39503	0.859298724242641	0.0648353169548656
MA0131.3	39503	0.855042682044107	0.0608175710610773
MA0043.4	39503	0.791586479537351	0.0676783094172279
MA0895.2	39503	0.867497635461609	0.061247141267384
MA0896.2	39503	0.802822488208464	0.0622453369734067
MA0897.2	39503	0.750917683414968	0.0581812586181
MA0898.2	39503	0.804999900599748	0.0635533679408514
MA1991.2	39503	0.804543372667087	0.0522386626251979
MA0046.3	39503	0.741034171419353	0.0715324771604443
MA1494.2	39503	0.730896617357063	0.0441700578980158
MA0114.5	39503	0.798528816704955	0.0564496749165667
MA0484.3	39503	0.80251025771956	0.0553220495293796
MA0899.2	39503	0.842601203993174	0.0705459991780899
MA0911.2	39503	0.827336633874348	0.0549852472507475
MA1496.2	39503	0.904104365851141	0.0514846971098298
MA1497.2	39503	0.883604693825432	0.0580514752666334
MA1498.3	39503	0.916909793564842	0.0639436737038482
MA0594.3	39503	0.883428451109377	0.0488776891298911
MA0902.3	39503	0.90139669162477	0.0756958178968217
MA1566.3	39503	0.821300075302875	0.0503036503288463
MA0903.2	39503	0.907550656615427	0.0702484226814118
MA1499.2	39503	0.878627540621303	0.080377876179097
MA0904.3	39503	0.876602089143666	0.0751418065332626
MA1500.2	39503	0.899277041546763	0.0544133488242314
MA1501.2	39503	0.868162774474715	0.0591537015166214
MA1502.2	39503	0.881086781686753	0.0684450965206285
MA1503.2	39503	0.798894829918196	0.0601057261605469
MA0905.2	39503	0.836005295438713	0.0614773383142818
MA0651.3	39503	0.741167254982419	0.0546941580665785
MA0906.2	39503	0.77927922232907	0.0559505862728818
MA0907.2	39503	0.788043161781292	0.0610046601034909
MA1504.2	39503	0.89791748587557	0.0730845913311486
MA1505.2	39503	0.904507781714171	0.0628084438162787
MA0485.3	39503	0.785749215824574	0.0615333611636705
MA1506.2	39503	0.778239113958975	0.0553980761632265
MA0908.2	39503	0.820638139221708	0.0614268278264107
MA0873.2	39503	0.788810938330018	0.0542222472309934
MA1958.2	39503	0.729201060738022	0.0453798918609203
MA0909.4	39503	0.833591488431177	0.0819585233245982
MA1507.2	39503	0.892216047648815	0.0769801949295541
MA0910.3	39503	0.881272774859426	0.0682341192150286
MA0913.3	39503	0.824332199761668	0.0704788966359243
MA1508.2	39503	0.856609138746668	0.0567904743522793
MA1992.2	39503	0.847053237119405	0.0534770828397978
MA0050.4	39503	0.786124011420947	0.0643614686415338
MA0051.2	39503	0.764544609663991	0.048200163305309
MA1418.2	39503	0.719894424181735	0.0498757551390127
MA1419.2	39503	0.701128666938714	0.0475231623118342
MA0772.2	39503	0.764563122254949	0.0567707404622476
MA0652.2	39503	0.716922198715812	0.048513232119392
MA1608.2	39503	0.838094758925746	0.0641158435861611
MA0914.2	39503	0.913878974642134	0.0568569246754746
MA0654.2	39503	0.86418779094919	0.0853687206191693
MA0656.2	39503	0.753741534008896	0.0647617425856373
MA1132.2	39503	0.84921033535992	0.0545461683217147
MA1133.2	39503	0.771501435015023	0.0560189107046927
MA0493.3	39503	0.927114412418704	0.0757551824442333
MA1512.2	39503	0.872990346438966	0.061952525959724
MA0657.2	39503	0.744140929783817	0.0452251475780152
MA1513.2	39503	0.887701498360059	0.0998003320456659
MA1514.2	39503	0.78785477650905	0.0514861231470344
MA1515.2	39503	0.917608511259639	0.0674655159764875
MA1516.2	39503	0.848346643290388	0.0670509551299715
MA0039.5	39503	0.898389128625516	0.0717665188497992
MA1517.2	39503	0.889733186577897	0.0591512442880638
MA1959.2	39503	0.916844131457839	0.078848654924533
MA1107.3	39503	0.817987801227077	0.0609361723751483
MA0618.2	39503	0.864479533380207	0.0641526032594487
MA0699.2	39503	0.88689838436404	0.07015432816949
MA0768.3	39503	0.821689570225831	0.0599610507623469
MA1518.3	39503	0.761095266361464	0.0610388869349322
MA0700.3	39503	0.851905304300169	0.0829810352558532
MA0135.2	39503	0.788080912522572	0.0765955306790644
MA0704.2	39503	0.883069920845323	0.0695162540645476
MA1519.2	39503	0.843883353135387	0.0787106191237227
MA0658.2	39503	0.824165688554489	0.0673491475277989
MA0705.2	39503	0.890507598257254	0.0725771149389854
MA0701.3	39503	0.843487937894957	0.0734333188645034
MA0702.3	39503	0.811740367442637	0.0896659124475582
MA0703.3	39503	0.774043958051847	0.0942256853798439
MA1520.2	39503	0.757948053874506	0.042087389204479
MA0501.2	39503	0.776035138921415	0.0493824746070929
MA0841.2	39503	0.757624814342851	0.0603979424250998
MA1521.2	39503	0.762693363536327	0.0427102537574137
MA0117.3	39503	0.81766174190729	0.0492502400109083
MA0495.4	39503	0.771282800765761	0.0546986960553902
MA0659.4	39503	0.752634627471226	0.0509427590991723
MA0089.3	39503	0.761775892528772	0.0512034215681145
MA0059.2	39503	0.799413966734096	0.0518986037890079
MA0147.4	39503	0.827058772477786	0.0628323867968768
MA1522.2	39503	0.895154682989081	0.0780853510118679
MA0029.2	39503	0.769859054428038	0.0583996878412793
MA0052.5	39503	0.791759035739896	0.0796730367403697
MA0497.2	39503	0.821152951056873	0.0680917745380018
MA0498.3	39503	0.95000000421631	0.0556938597999825
MA1639.2	39503	0.797662103249915	0.0652458970502226
MA1640.2	39503	0.790865500890735	0.0719187737360417
MA0775.2	39503	0.899874736330139	0.0544228367896398
MA0661.2	39503	0.861283693465499	0.0668007447511088
MA0706.2	39503	0.867411173674962	0.0629871727113919
MA1960.2	39503	0.787959801443633	0.0512442231148039
MA0620.4	39503	0.775829661609012	0.0588073011319206
MA0621.2	39503	0.79360226950713	0.102562094998869
MA0662.2	39503	0.887919933672149	0.0726879487753422
MA0622.2	39503	0.819553789163692	0.0898873897424829
MA0664.2	39503	0.83431926377424	0.0612045722801556
MA0825.2	39503	0.861074094515924	0.0652989203313904
MA0707.3	39503	0.904508820935775	0.0731453847260192
MA1523.2	39503	0.891988798287514	0.0528836291937812
MA1524.3	39503	0.80443912697608	0.050644407005144
MA0666.3	39503	0.874120180074164	0.0774801014393773
MA0708.3	39503	0.880088951327921	0.0732454277299965
MA0709.2	39503	0.863467846288195	0.083546726760175
MA1108.3	39503	0.87734980418012	0.0671278835750517
MA0100.4	39503	0.87509629402815	0.0625183314703257
MA0104.5	39503	0.809820602167718	0.061459274643974
MA1641.2	39503	0.828008094291107	0.0608837357263444
MA0499.3	39503	0.83950549089859	0.0529387157312904
MA0500.3	39503	0.84981116146747	0.0675787184713153
MA0056.3	39503	0.843936561672874	0.053103445274946
MA1109.2	39503	0.85322218650285	0.0550859758143165
MA1993.2	39503	0.873269835033784	0.078375855113178
MA0668.3	39503	0.85099868905038	0.0546615421165334
MA1642.2	39503	0.866019563556282	0.0594244470477326
MA0606.3	39503	0.848633290622083	0.0618498470082635
MA0624.3	39503	0.902011206886373	0.0725975980971124
MA0152.3	39503	0.840384140434036	0.0652086036787278
MA0625.3	39503	0.950356773284177	0.0435796729646678
MA1525.3	39503	0.869115498250853	0.0570904195965037
MA0150.3	39503	0.77427325557397	0.0503686921695351
MA0670.2	39503	0.860905078939152	0.0733732353722961
MA1643.2	39503	0.717681556086138	0.0481880211636181
MA0161.3	39503	0.85689961342792	0.0614646159916796
MA1527.2	39503	0.747394145219933	0.0519238291081212
MA0025.3	39503	0.793682866569368	0.0717437078318883
MA0671.2	39503	0.945004990766674	0.0384240648545791
MA1528.2	39503	0.765999884543565	0.0515919951093004
MA0778.2	39503	0.770277488865165	0.0604047263116489
MA0060.4	39503	0.84187443278032	0.0648417066298737
MA0502.3	39503	0.829991785003786	0.0602673503918358
MA1644.2	39503	0.855234839125296	0.0677404025098744
MA1529.2	39503	0.745762083531617	0.0503268469782629
MA1994.2	39503	0.840167939192562	0.0684064580615758
MA1645.2	39503	0.838012310476787	0.0507451237587774
MA0672.2	39503	0.877324350690515	0.0492105572122688
MA2003.2	39503	0.894683964001034	0.0419107623555867
MA0063.3	39503	0.854276710391815	0.0596855988034826
MA0673.2	39503	0.904408981194715	0.0402927539994399
MA0124.3	39503	0.869454638124342	0.0551940861606816
MA0122.4	39503	0.797174525478122	0.0600530249237658
MA0674.2	39503	0.873288215348748	0.069297465300514
MA0675.2	39503	0.904624385750465	0.0724887093330125
MA1530.2	39503	0.869852809149713	0.06133117077433
MA0125.2	39503	0.887196277538679	0.0726871908292823
MA0710.2	39503	0.877774085301199	0.0705146114343301
MA0626.2	39503	0.846485881280754	0.0582862099114993
MA1995.2	39503	0.83004783107661	0.0564945424868237
MA1531.2	39503	0.774918564848774	0.0409597486453643
MA1996.2	39503	0.885498176238703	0.0687015649032419
MA0494.2	39503	0.807372004992768	0.0374930845487976
MA1110.3	39503	0.894321979398317	0.0650470468422897
MA1146.2	39503	0.767271660115975	0.0385954103078228
MA1533.2	39503	0.793907591330079	0.0352540311594613
MA1534.2	39503	0.861730393888238	0.0542559358044985
MA1535.2	39503	0.934046929702862	0.0598429374128171
MA0504.2	39503	0.825833270681284	0.0386876264216707
MA1536.2	39503	0.959251507303988	0.0362660137293378
MA0164.2	39503	0.838582401017613	0.0760477829809345
MA0017.3	39503	0.823078403446064	0.053997614380265
MA1537.2	39503	0.757597756664288	0.0430332437804886
MA1111.2	39503	0.858695323034386	0.0624120196049063
MA0677.2	39503	0.7472339849742	0.0446480799723439
MA0113.4	39503	0.729663873269036	0.0487381974941504
MA0727.2	39503	0.730742863494706	0.0488357234884649
MA1112.3	39503	0.837353153746552	0.059138298011137
MA0160.3	39503	0.861931595319781	0.0513855959404901
MA1147.2	39503	0.782853504643771	0.0386126332179246
MA1540.3	39503	0.755624453586792	0.051518170557752
MA0505.3	39503	0.808192583541107	0.0552755632350848
MA1541.2	39503	0.764159696473352	0.0434825830452268
MA0506.3	39503	0.782998313764917	0.0774135808296995
MA0842.3	39503	0.792206343628379	0.0496090051833922
MA1997.2	39503	0.877061677779968	0.0763068085187716
MA0679.3	39503	0.77201229458362	0.0789470342882196
MA0757.2	39503	0.737480683958326	0.075498305374202
MA1542.2	39503	0.846731144868842	0.0472038834515538
MA1646.2	39503	0.851586092194945	0.0541086496765177
MA0711.2	39503	0.888596558309836	0.0674188690665585
MA0712.3	39503	0.86152761015751	0.0720208726109582
MA1544.2	39503	0.764543428430754	0.0530972334205678
MA1545.2	39503	0.816744973310775	0.0538851500280491
MA1961.2	39503	0.890803610218092	0.0802775943758716
MA0067.3	39503	0.772393879202483	0.0354614576049889
MA1546.2	39503	0.756178442150055	0.0385810056446037
MA0680.3	39503	0.738926533651022	0.0830539208700538
MA0070.2	39503	0.80961841621275	0.0555550427595896
MA1113.3	39503	0.78516441934727	0.0740032661172448
MA1114.2	39503	0.774155848421052	0.0519032611827702
MA0132.3	39503	0.882066661898139	0.0843099134357289
MA0681.3	39503	0.725674933319684	0.088150490334456
MA0714.2	39503	0.889780967840362	0.0662562636550789
MA0782.3	39503	0.788164961714871	0.0559938511042311
MA1615.2	39503	0.853720149199703	0.0626391845704162
MA1548.2	39503	0.860772080113116	0.0728045964222576
MA0784.3	39503	0.719112773443436	0.0685082935321891
MA0785.2	39503	0.810505222252684	0.0709087094087655
MA0507.3	39503	0.73193249508268	0.0712611006802638
MA0627.3	39503	0.791423816734456	0.0742796299523948
MA0786.2	39503	0.802219920403338	0.0753135721854147
MA0790.2	39503	0.753643981137374	0.0814314673123788
MA0683.2	39503	0.695883851287574	0.0684179948573356
MA0791.2	39503	0.74796412067387	0.082058488128333
MA1115.2	39503	0.852125336188125	0.0749813488550974
MA0628.2	39503	0.821728940392518	0.0934996523897681
MA1549.2	39503	0.85754257387499	0.063268506807412
MA0793.2	39503	0.806834205940603	0.0668795329493716
MA1148.2	39503	0.76308638457685	0.0365616765891928
MA1550.2	39503	0.759188315461853	0.0422462797791517
MA0066.2	39503	0.746484164429691	0.0344351992901195
MA0065.3	39503	0.830974542475966	0.0393898761358758
MA0508.4	39503	0.877940486856874	0.0629901225181835
MA1998.2	39503	0.824199925794196	0.0527986536661581
MA1616.2	39503	0.788128019658807	0.0476749500200597
MA1647.3	39503	0.796379208022293	0.0505251154111493
MA1999.2	39503	0.78702271421424	0.0463915871036181
MA1723.2	39503	0.823898969207388	0.0473055896067916
MA0716.2	39503	0.881549427124683	0.0815461154818793
MA0075.4	39503	0.82543579067951	0.0844161198959261
MA1618.2	39503	0.826705918503138	0.0557268540281322
MA1619.2	39503	0.838860176170528	0.0610641077485224
MA1620.2	39503	0.850818275676259	0.0584844967976397
MA1149.2	39503	0.794572226756431	0.038245024133846
MA1552.2	39503	0.763957404542504	0.0409539678429053
MA0859.2	39503	0.711169388637333	0.0485749918328487
MA1553.2	39503	0.750564310311276	0.0423257861576619
MA0718.2	39503	0.88536123763013	0.0806224831555306
MA0717.2	39503	0.886717086086339	0.0762450985638236
MA1116.2	39503	0.909544864644904	0.0711386411748746
MA1117.2	39503	0.863477455941851	0.0578563348541102
MA0138.3	39503	0.695148559446519	0.0409125971012809
MA0600.3	39503	0.72440163328929	0.0529064908314792
MA0799.3	39503	0.720888546667846	0.050562693814967
MA0510.3	39503	0.714973251880539	0.0523555883031465
MA1724.2	39503	0.809546669537171	0.0521672164867986
MA1554.2	39503	0.892259148686088	0.0386364334492304
MA0629.2	39503	0.846900833262687	0.0492918405454433
MA0719.2	39503	0.960049410822899	0.0357432205091736
MA0072.2	39503	0.781704083509881	0.0550783363973013
MA1150.2	39503	0.834765073240686	0.0479419030311147
MA1151.2	39503	0.8486468422864	0.0442435485979646
MA0073.2	39503	0.797478878886894	0.048210125495428
MA0002.3	39503	0.866828834517548	0.0456259240414901
MA0684.3	39503	0.844274222909667	0.0575178749535603
MA1963.2	39503	0.809572871200642	0.0833725451683345
MA0743.3	39503	0.794796437726741	0.0506578111498858
MA0744.3	39503	0.793814435278724	0.0501341328056091
MA0630.2	39503	0.886448940358133	0.0823699857422167
MA0720.2	39503	0.876969780006122	0.0833762530285402
MA1118.2	39503	0.814487913197516	0.0555848542124265
MA1119.2	39503	0.770852175595462	0.0534590852287996
MA0631.2	39503	0.7630682720326	0.0500592484883575
MA2001.2	39503	0.852350914665492	0.0622366907429534
MA1964.2	39503	0.901186822786336	0.0636140077584934
MA1153.2	39503	0.871468979525402	0.0622658954648019
MA1558.2	39503	0.897442736171306	0.0579138011736503
MA0745.3	39503	0.848663968290408	0.0591124526585265
MA1559.2	39503	0.848302808478005	0.054075968583588
MA1560.2	39503	0.814569660238214	0.0610044729129028
MA0442.3	39503	0.885857136374508	0.072912091162601
MA0869.3	39503	0.846657591930911	0.0562545318221855
MA1561.2	39503	0.770744899775587	0.0504729753280151
MA1120.2	39503	0.850559910096181	0.0661639153064692
MA1562.2	39503	0.791939211913314	0.0551639743845908
MA1152.2	39503	0.911693875299555	0.0618393948396622
MA0078.3	39503	0.790920262245961	0.0572548617730711
MA0514.3	39503	0.853724130980735	0.0634475272651677
MA0867.3	39503	0.88018129663145	0.0607899577936978
MA0087.3	39503	0.835365342936827	0.0562647814573589
MA0868.3	39503	0.875850799537362	0.0681074327376554
MA0077.2	39503	0.853658081177201	0.054779460524305
MA0746.3	39503	0.857815778943584	0.0681503790777823
MA1965.2	39503	0.948391970706762	0.076056688576542
MA0747.2	39503	0.879389397201653	0.0532103253188665
MA1564.2	39503	0.882248725026669	0.0686083687881636
MA0080.7	39503	0.780729407839563	0.050315460520294
MA0081.3	39503	0.792587034902854	0.0481617462517191
MA0687.2	39503	0.811016280042722	0.0447613844495009
MA0829.3	39503	0.785032672863207	0.0576039629559157
MA0084.2	39503	0.905697821297493	0.0628977235969424
MA0137.4	39503	0.848751635090777	0.0569013175080966
MA0517.2	39503	0.803174274175071	0.0549879871662135
MA1623.2	39503	0.808883363892475	0.0721214583615887
MA0144.3	39503	0.870851812872015	0.0515535331449199
MA0518.2	39503	0.855380287285055	0.0530648897633523
MA1624.2	39503	0.817416416530307	0.0596116957765098
MA0519.2	39503	0.866582035625665	0.0519298214143027
MA1625.2	39503	0.813104019312274	0.0621297509325733
MA0520.2	39503	0.836117166515385	0.0589196869408265
MA0091.2	39503	0.824644107507011	0.0501899552340978
MA0108.3	39503	0.876147388257663	0.0835008214720569
MA0802.2	39503	0.820249763251245	0.0506612579865308
MA1565.2	39503	0.83717814605663	0.0495631269793615
MA0804.2	39503	0.703167011599	0.0427806465473503
MA0688.2	39503	0.845330304475381	0.0474330851988805
MA1567.3	39503	0.828004612563102	0.0495193784840116
MA0521.3	39503	0.879294272927389	0.0747913478290399
MA1648.2	39503	0.887136351843003	0.0586072750557517
MA0832.2	39503	0.757933905964872	0.0543056076837005
MA1568.2	39503	0.824672147171413	0.0411186952445392
MA0830.3	39503	0.868625266585158	0.0576820973742889
MA0769.3	39503	0.857811039804689	0.0670522790541056
MA0523.2	39503	0.846553300374328	0.0556555874636249
MA0632.3	39503	0.858989778125109	0.0693767858090555
MA0090.4	39503	0.807237246549964	0.0574839668013453
MA1121.2	39503	0.85594083424394	0.0596500664555804
MA0809.3	39503	0.833513196679214	0.0579180322193575
MA0810.2	39503	0.888401545015977	0.0549383543194245
MA0003.5	39503	0.843796988589492	0.0632556914136416
MA0811.2	39503	0.871537758923077	0.0536253824844453
MA0812.2	39503	0.866832423043788	0.0627205777333494
MA0524.3	39503	0.868547964412265	0.0535004154047633
MA0814.3	39503	0.847938542755658	0.0620365274588692
MA1569.2	39503	0.891138569438449	0.0699677652835875
MA1966.2	39503	0.798142266012356	0.0458756406452715
MA1967.2	39503	0.731181612208242	0.0463016586889269
MA1968.2	39503	0.812227513734917	0.0485604805932526
MA1122.2	39503	0.861434953073614	0.0663280463183465
MA0692.2	39503	0.849010346946501	0.0559818701140981
MA0871.3	39503	0.808317477324139	0.0631095291445763
MA0597.3	39503	0.872432288168422	0.0560596204219643
MA1969.2	39503	0.739655219045503	0.0408258116679938
MA1574.2	39503	0.805118422360137	0.03809608550509
MA1575.2	39503	0.74759741939199	0.0425794280232878
MA1576.2	39503	0.741954553858273	0.0377124951181604
MA1577.2	39503	0.863323042091564	0.100043724868141
MA0861.2	39503	0.741999934073615	0.0426161086699128
MA1970.2	39503	0.812686906533823	0.066777493015674
MA1123.3	39503	0.84010775214445	0.0557098548846883
MA0633.3	39503	0.873713328246052	0.0780930206533882
MA0721.2	39503	0.882126585838969	0.0784707254280972
MA0093.4	39503	0.782905285168223	0.0564407969453629
MA0526.5	39503	0.761692753757197	0.0606538018301495
MA0722.2	39503	0.871094637811537	0.0678805720603877
MA0723.3	39503	0.9176827120547	0.0591269366293693
MA0693.4	39503	0.856879738398527	0.0626619958056368
MA1578.2	39503	0.914598544608533	0.0724243868061905
MA0725.2	39503	0.841916779706481	0.0790402599202248
MA0726.2	39503	0.832187266729804	0.079926800514171
MA1627.2	39503	0.848846084503232	0.0624227705817886
MA0844.2	39503	0.778331352466909	0.0479235012068491
MA0095.4	39503	0.834470556783792	0.0643627654419905
MA0748.3	39503	0.854486156193307	0.0590678011410017
MA0749.2	39503	0.707177221845092	0.0447330245865811
MA1971.2	39503	0.84383011375992	0.0541386171051759
MA1649.2	39503	0.868680823948222	0.0580744184280132
MA1650.2	39503	0.842553549997162	0.0718061209855711
MA0698.2	39503	0.79678146183671	0.0512360974592978
MA1579.2	39503	0.860264850381088	0.0585619804268907
MA0527.2	39503	0.785468884751995	0.0606456773555182
MA1581.2	39503	0.843069930038585	0.0555806139661358
MA0750.3	39503	0.842957525699597	0.0591626117851689
MA0694.2	39503	0.820256049318409	0.0529263776802715
MA0695.2	39503	0.875967116486524	0.0501886737321694
MA0103.4	39503	0.909242859422731	0.0677066893260322
MA2002.2	39503	0.900943808451566	0.0508423630709334
MA1651.2	39503	0.749734864294127	0.0510290145081343
MA1583.2	39503	0.848453158059815	0.0615709508981168
MA0146.3	39503	0.878389489581876	0.0651018344284678
MA1628.2	39503	0.891015965056213	0.0593534295480018
MA1629.2	39503	0.837874257558892	0.0558741784454556
MA0697.3	39503	0.881273306036557	0.0645379978680429
MA0751.2	39503	0.806608605715497	0.0469956496960837
MA1584.2	39503	0.773302468624811	0.0500960522485628
MA1709.2	39503	0.791962510820774	0.0594292090147221
MA1585.2	39503	0.798164302428091	0.0536464626831604
MA1973.2	39503	0.744251728100676	0.0463613627690298
MA1652.2	39503	0.850975408602232	0.0565534487841477
MA1589.2	39503	0.700970142218169	0.0386513730805114
MA1653.2	39503	0.861624863351349	0.0813171331885935
MA1654.2	39503	0.711012100312728	0.035915366308288
MA1725.2	39503	0.823454322446085	0.0527377450808615
MA1974.2	39503	0.751924373935048	0.0636009103602332
MA1975.2	39503	0.781062674534739	0.0423873670927519
MA1710.2	39503	0.889494805142603	0.0500240110977159
MA0528.3	39503	0.900912153936441	0.0684929505500721
MA1592.2	39503	0.790299898281606	0.0425297846937802
MA1630.3	39503	0.868291710728937	0.0785571234297794
MA1154.2	39503	0.751983056316574	0.0407772094041679
MA1593.2	39503	0.835243114203633	0.0577705906440978
MA1976.2	39503	0.761807889754995	0.0477418234450627
MA1977.2	39503	0.785226418192031	0.0393123799897924
MA1726.2	39503	0.815137057573436	0.0547348050246405
MA1655.2	39503	0.843337601644928	0.0538577830709602
MA1711.2	39503	0.746302557099477	0.0458179734926377
MA1978.2	39503	0.738839283790583	0.0606763411707844
MA1125.2	39503	0.839874162506775	0.113447783146326
MA0752.2	39503	0.685391851479307	0.0475376708517463
MA1979.2	39503	0.820643284600442	0.0501312738911841
MA1727.2	39503	0.849206396095578	0.069878605720887
MA1656.2	39503	0.815384968439034	0.0512412335544491
MA1712.2	39503	0.797450695615918	0.0570326923205975
MA1981.2	39503	0.813975749893182	0.0534092983876757
MA1728.2	39503	0.860708885519398	0.0579597813198425
MA1982.2	39503	0.793093044920347	0.0468630450310275
MA1983.2	39503	0.674941103197895	0.0395073555801763
MA1713.2	39503	0.816986229687984	0.0766540060151757
MA1657.2	39503	0.790453240468039	0.0640061009220016
MA1984.2	39503	0.804194254382279	0.0431206661277329
MA1714.2	39503	0.747364618447735	0.0365212763615604
MA1729.2	39503	0.787643480297854	0.0502442166176695
MA1599.2	39503	0.794874123659083	0.059781350955274
MA1600.2	39503	0.747102284833524	0.0409677010707459
MA1986.2	39503	0.869547977342104	0.0694559493903431
MA1987.2	39503	0.796110204582451	0.0408236994250147
MA1730.2	39503	0.829194219049543	0.0511836388283695
MA0753.3	39503	0.827580261181858	0.0667628353983779
MA1716.2	39503	0.753220100351079	0.042551334619095
MA1731.2	39503	0.867071652460931	0.051498409762479
MA1717.2	39503	0.824166045393113	0.0518391261790716
MA1719.2	39503	0.755173585895044	0.04851486836839
MA1720.2	39503	0.771591489955854	0.0507951115804315
MA1721.2	39503	0.784441597024315	0.0708783170716482
MA1602.2	39503	0.786004680031426	0.0450896765033388
MA1722.2	39503	0.70931816541289	0.0361446006748728
