[SHORT TFBS MATRIX]
MA0271.1	6544	0.900507721585006	0.0661635587993004
MA0274.1	6544	0.923313987580819	0.0386490020181832
MA0275.1	6544	0.863607625928888	0.067750677434939
MA0276.1	6544	0.803322714454195	0.045078529246889
MA0277.1	6544	0.892015944892281	0.0616996994687743
MA0283.1	6544	0.794083452387625	0.0638890234446568
MA0287.1	6544	0.847165273689452	0.0467426577188157
MA0288.1	6544	0.863230085664626	0.0455371887990779
MA0289.1	6544	0.845445959014668	0.0577113253202693
MA0290.1	6544	0.546744305752155	0.0463030847054861
MA0291.1	6544	0.813303465294837	0.0639300747233051
MA0297.1	6544	0.848204156993364	0.0631248414793082
MA0299.1	6544	0.770846070513542	0.0460734651270396
MA0304.1	6544	0.841478903977472	0.0508732998099301
MA0307.1	6544	0.971194061282714	0.0407227941893262
MA0311.1	6544	0.869913857860288	0.0930265438980171
MA0313.1	6544	0.953254687905383	0.0726009888037975
MA0318.1	6544	0.868418134380428	0.0529075527359716
MA0320.1	6544	0.735538354229223	0.068833350086764
MA0321.1	6544	0.799964259570229	0.0478774630458706
MA0322.1	6544	0.809750937179108	0.046743730936888
MA0323.1	6544	0.743544860962366	0.039523553955052
MA0324.1	6544	0.79187122675879	0.0589979732655693
MA0326.1	6544	0.834306926133123	0.0547719873693949
MA0327.1	6544	0.840205072089317	0.0716824024719827
MA0330.1	6544	0.823828783847298	0.0610790762066607
MA0331.1	6544	0.79082174090368	0.0471678442807664
MA0332.1	6544	0.800224123879381	0.0879919056940572
MA0340.1	6544	0.915690167094323	0.0794181767075134
MA0341.1	6544	0.843270539623238	0.0879451378197342
MA0342.1	6544	0.841757187904977	0.0849418604748175
MA0344.1	6544	0.718712659876429	0.0724117116368971
MA0353.1	6544	0.664788355745721	0.0749440484888459
MA0356.1	6544	0.982729223845478	0.022658398390606
MA0357.1	6544	0.798305006484463	0.0536707829390944
MA0364.1	6544	0.797395774575235	0.0635674305203259
MA0366.1	6544	0.877349998939735	0.0824833421948849
MA0368.1	6544	0.801914335335118	0.0816310260133228
MA0370.1	6544	0.874330839313052	0.0391045110185555
MA0371.1	6544	0.831674930801576	0.0429801979801364
MA0373.1	6544	0.803837359321644	0.066879336235882
MA0379.1	6544	0.943135257193669	0.0812448551419591
MA0387.1	6544	0.903975354676271	0.0446009169310688
MA0388.1	6544	0.921361992923591	0.0443234455743169
MA0391.1	6544	0.824923161138875	0.0648130880607408
MA0392.1	6544	0.819550640553941	0.0694863528341328
MA0393.1	6544	0.885613684523471	0.0546341188950081
MA0394.1	6544	0.819516711346124	0.0624008210470377
MA0399.1	6544	0.831447865813272	0.0559127845729498
MA0401.1	6544	0.795604362076162	0.0630668247101696
MA0404.1	6544	0.713327393877673	0.0697247984265407
MA0405.1	6544	0.834917707397068	0.0569205213069316
MA0407.1	6544	0.750581035430897	0.0424378217969042
MA0409.1	6544	0.771264880015762	0.0702393704097513
MA0417.1	6544	0.951994365517779	0.0388359815897553
MA0419.1	6544	0.8081639277849	0.0474379150941399
MA0421.1	6544	0.749009327407012	0.063586404094625
MA0426.1	6544	0.862342094539527	0.073968246571264
MA0429.1	6544	0.80646594142645	0.069452326503836
MA0432.1	6544	0.809949346564738	0.0553859329701933
MA0437.1	6544	0.862260885993715	0.0443098445159031
MA0440.1	6544	0.705361347345692	0.0449771660589702
MA0328.2	6544	0.879268342134359	0.0472258128936236
MA1434.1	6544	0.861287709170808	0.0597935078324193
MA0329.2	6544	0.86336420588034	0.0788084041468107
MA0333.2	6544	0.827492440919215	0.0698798145049926
MA0334.2	6544	0.852167811628639	0.0707028968895498
MA0336.2	6544	0.849460877797284	0.0489716775679727
MA0337.2	6544	0.822422640424462	0.0769551000675933
MA0338.2	6544	0.807843073450258	0.0779525021699273
MA0339.2	6544	0.825654580045981	0.07179485551694
MA1433.2	6544	0.860495832134846	0.0552974251046182
MA0929.2	6544	0.91323876567	0.0448318972797516
MA0343.2	6544	0.834008621301153	0.0490870768455205
MA1435.2	6544	0.747547959751746	0.0715107165239553
MA0347.3	6544	0.788216576251637	0.0625004227233679
MA1436.2	6544	0.755562085387116	0.0736193179234478
MA0348.2	6544	0.811773055587931	0.0588169866250066
MA0349.2	6544	0.853354855898708	0.0853471819695049
MA0352.3	6544	0.750446768078841	0.0522755542699192
MA0354.2	6544	0.806789158925765	0.0623436670895321
MA0355.2	6544	0.901256746700402	0.0718024387616597
MA0358.2	6544	0.742178423830684	0.0869776862044249
MA0359.3	6544	0.751190371318555	0.050837539359348
MA0360.2	6544	0.815781415534176	0.0671479515831258
MA0361.2	6544	0.778657844961028	0.0802463129374402
MA0362.2	6544	0.807078230426531	0.0690417972120872
MA0363.3	6544	0.777720576971232	0.0714963052882865
MA0365.2	6544	0.856192550493484	0.065270903478895
MA0367.2	6544	0.887700084985303	0.0476653071769063
MA0369.2	6544	0.778267920704563	0.0466837281555189
MA0372.2	6544	0.802914449036862	0.0678686858043058
MA0374.2	6544	0.829220848779991	0.084081391167246
MA0375.2	6544	0.774327733506503	0.0741306246884822
MA1431.2	6544	0.836192130913796	0.0651904382313867
MA0376.2	6544	0.747218725599677	0.0623623378107724
MA0377.2	6544	0.863848205861532	0.0453881222216585
MA0378.2	6544	0.832452731375105	0.0678624747553675
MA0380.2	6544	0.858651851801085	0.0697308523101944
MA0381.2	6544	0.874649100076642	0.086608183260846
MA0382.3	6544	0.784829940682412	0.0491559315935834
MA0384.2	6544	0.718435126235811	0.0562707626878623
MA0385.2	6544	0.886731557361588	0.0593486393710288
MA0386.2	6544	0.818213691137125	0.0656872885179418
MA0389.2	6544	0.878098663381134	0.0535434147868893
MA0390.2	6544	0.844827295354393	0.0555488782085585
MA0395.2	6544	0.787234482255269	0.0559862995678797
MA0396.2	6544	0.831916803436953	0.0700724892608791
MA0397.2	6544	0.82600668691395	0.0702668094719151
MA0398.2	6544	0.935042832143407	0.046440668138209
MA0400.2	6544	0.760006287849644	0.0545949874744905
MA0402.2	6544	0.810330936993385	0.0714419604268742
MA0403.3	6544	0.795554859704056	0.0557154271515369
MA0431.2	6544	0.819642113936282	0.0763541589764113
MA0406.2	6544	0.869199046555936	0.0563506342193356
MA0350.2	6544	0.789772955528403	0.0648632653110108
MA0265.3	6544	0.765928214895035	0.0578173874287412
MA0408.2	6544	0.883624840885523	0.0737445095434455
MA0410.2	6544	0.77871475105366	0.0729312263103066
MA0412.3	6544	0.727373797770613	0.0574995666641689
MA0411.2	6544	0.908541006037874	0.0625340549191502
MA0422.2	6544	0.835208513531875	0.053319111914139
MA0413.2	6544	0.748018957184681	0.0517610966774455
MA1437.2	6544	0.796906098180594	0.0632314664014906
MA0414.2	6544	0.861972906911946	0.0850233029115925
MA0415.2	6544	0.761476776409895	0.0529383561637847
MA0416.2	6544	0.818411415471978	0.0664311893967111
MA0418.2	6544	0.803822408698637	0.0473864789408718
MA0423.2	6544	0.848519833994108	0.0564674529753932
MA0424.2	6544	0.836751758934525	0.0700136680468879
MA0425.2	6544	0.827035769302233	0.075105436914231
MA0428.2	6544	0.82392712557845	0.060107159727525
MA0430.2	6544	0.819046593045532	0.0599048612026499
MA0433.2	6544	0.879082655882179	0.0647373853115562
MA0434.2	6544	0.870231453959144	0.0578862281625839
MA0435.2	6544	0.759848911615297	0.0500934710999661
MA0436.2	6544	0.819709099884798	0.070326742125391
MA0438.2	6544	0.832162864021386	0.0630510006436782
MA0439.2	6544	0.822657947607691	0.050408864031836
MA0441.2	6544	0.792242556045453	0.0748344516117735
MA0266.2	6544	0.823520040097892	0.0696189214853678
MA0272.2	6544	0.844945500035472	0.0606057785688897
MA0273.2	6544	0.832015516156923	0.0547759927688599
MA0267.2	6544	0.865625273060875	0.0785457631794216
MA0278.2	6544	0.748195687170217	0.0451487418079459
MA0279.3	6544	0.801303431351986	0.0441812247457243
MA0280.2	6544	0.82258444761476	0.0854445453069507
MA0281.3	6544	0.73082585468413	0.057604808606361
MA0282.2	6544	0.80877327722791	0.0663219305496015
MA0284.3	6544	0.794952865677275	0.0540851143375166
MA1432.2	6544	0.910838539429876	0.0654695164953979
MA0285.2	6544	0.87945467426726	0.069520754191888
MA0286.2	6544	0.840759391739966	0.0671659909950846
MA0351.2	6544	0.807143577339422	0.0621639999627449
MA0292.2	6544	0.822216926400048	0.0697138278804663
MA0293.2	6544	0.911148464470563	0.0617257549524004
MA0294.2	6544	0.904495750328267	0.0667757134723864
MA0420.2	6544	0.815187773111591	0.0649820809673329
MA0295.2	6544	0.824069723989932	0.0672843827208993
MA0296.2	6544	0.803054125264645	0.0480161168647607
MA0268.2	6544	0.853949277420446	0.0737592857420537
MA0300.2	6544	0.868581640304408	0.0639509517033397
MA0301.2	6544	0.881728222946398	0.0518921086576264
MA0302.2	6544	0.854379103799495	0.0648821460073726
MA0303.3	6544	0.819231353507891	0.0540489639119107
MA0305.2	6544	0.874059088319246	0.0687559538526913
MA0306.2	6544	0.8609066714043	0.0697925090588024
MA0308.2	6544	0.768864950710778	0.0527411633343394
MA0309.2	6544	0.895004641828424	0.0560205541541953
MA0269.2	6544	0.770827934019629	0.0507806030195587
MA0310.2	6544	0.81220381124823	0.0675228507155876
MA0312.3	6544	0.80039111756833	0.0617936576900879
MA0314.3	6544	0.817993289390498	0.0521220174743421
MA0316.2	6544	0.782837896239588	0.0420708214116442
MA0317.2	6544	0.92782221391226	0.045713851739395
MA0270.2	6544	0.81082588665392	0.0803281666982412
MA0319.2	6544	0.8769763839667	0.0562711121127204
MA0325.2	6544	0.82670998940502	0.0606023870077243
