[SHORT TFBS MATRIX]
MA0004.1	39591	0.887927509198576	0.0668489384978085
MA0069.1	39591	0.792651056797355	0.0359198497685312
MA0071.1	39591	0.85910953814635	0.0486724631656915
MA0074.1	39591	0.779171694333796	0.0366715126328952
MA0101.1	39591	0.893907849635789	0.0385210907857771
MA0107.1	39591	0.853825678478387	0.0473239178387981
MA0111.1	39591	0.885975387493664	0.0288040107186247
MA0115.1	39591	0.701038403200479	0.0414370862237871
MA0116.1	39591	0.847032313360876	0.0395668648724353
MA0119.1	39591	0.766516577489091	0.047637162536463
MA0130.1	39591	0.982269393585755	0.0244071483980791
MA0142.1	39591	0.785748064190932	0.0469116062474469
MA0149.1	39591	0.714309998045895	0.0539069940015687
MA0151.1	39591	0.945450321774127	0.0663505728875703
MA0155.1	39591	0.873997689306367	0.0379962001889949
MA0159.1	39591	0.815522675979737	0.0320165517463368
MA0163.1	39591	0.81947278748014	0.045780741781257
MA0145.2	39591	0.853466183565923	0.0362542811027139
MA0468.1	39591	0.839869375438801	0.0520503305530414
MA0515.1	39591	0.89500423265639	0.0446651415372687
MA0258.2	39591	0.821833113079064	0.0376068733916048
MA0595.1	39591	0.880081885587367	0.0428886066882519
MA0596.1	39591	0.864974097025233	0.0451095477954867
MA0599.1	39591	0.942569908511985	0.051046401946318
MA0604.1	39591	0.861218589302821	0.0519879626770781
MA0608.1	39591	0.855622097795159	0.0483754887830231
MA0613.1	39591	0.873187685076586	0.065497459030016
MA0614.1	39591	0.897582847133021	0.056771469973402
MA0636.1	39591	0.802561316678661	0.052661426768162
MA0641.1	39591	0.799373169980421	0.0469230630418598
MA0042.2	39591	0.892306996780017	0.0579642036962049
MA0033.2	39591	0.925714914636634	0.0555062068154107
MA0153.2	39591	0.76786141517362	0.059997997090169
MA0486.2	39591	0.771328588144499	0.0503133400712509
MA0653.1	39591	0.719702060137142	0.0459144931881664
MA0655.1	39591	0.809113461915823	0.0559438132860263
MA0660.1	39591	0.800056580439289	0.0666110550629065
MA0663.1	39591	0.80263263350147	0.0503268205474157
MA0665.1	39591	0.835722768802574	0.0429856942045751
MA0667.1	39591	0.821918194357721	0.0477133454586328
MA0669.1	39591	0.824242920999408	0.0458797712438164
MA0676.1	39591	0.870924825937666	0.0487334864909159
MA0678.1	39591	0.827451373379725	0.0475412585057753
MA0068.2	39591	0.860173596502149	0.0560500045635533
MA0512.2	39591	0.749088691103747	0.0433351535679341
MA0083.3	39591	0.714678616777043	0.0448355595913232
MA0009.2	39591	0.728353172926797	0.0398559580754334
MA0689.1	39591	0.831388214633152	0.0417285144449795
MA0691.1	39591	0.8289215186673	0.0504106864611817
MA0696.1	39591	0.789519226074502	0.0446731836093034
MA0713.1	39591	0.819494970525183	0.0631207432774428
MA0715.1	39591	0.797081062467892	0.0699089924286597
MA0724.1	39591	0.862830629315061	0.0532604375039245
MA0728.1	39591	0.748617391303846	0.0507373767968867
MA0729.1	39591	0.725432904616819	0.0418709296209123
MA0730.1	39591	0.734080075495476	0.0387042562859107
MA0731.1	39591	0.69567195821705	0.041464692778511
MA0472.2	39591	0.822923316530842	0.0488989650009196
MA0736.1	39591	0.803096836024496	0.0416854417319027
MA0737.1	39591	0.76142985126357	0.0383205018538446
MA0741.1	39591	0.886371767717942	0.0580445179775674
MA0088.2	39591	0.769792420355928	0.0392665813814934
MA0758.1	39591	0.71893349173026	0.0454078575377544
MA0770.1	39591	0.784577398952055	0.0490094185253053
MA0771.1	39591	0.809723123116646	0.0450749279032532
MA0773.1	39591	0.812236666296336	0.0689287285356512
MA0774.1	39591	0.892928983893886	0.049757122627062
MA0776.1	39591	0.769074837073261	0.0422756369999102
MA0777.1	39591	0.736014230164239	0.0398275956716809
MA0105.4	39591	0.751511870615312	0.0519663711218324
MA0780.1	39591	0.780200093087029	0.067222950978367
MA0783.1	39591	0.756398989038073	0.0483764753321661
MA0787.1	39591	0.813448745003319	0.0607640607378265
MA0788.1	39591	0.808602958739672	0.0599448680239839
MA0789.1	39591	0.836213711329688	0.0648063943083557
MA0792.1	39591	0.857411294852364	0.0594788892394855
MA0794.1	39591	0.784825201101061	0.0409074891062689
MA0795.1	39591	0.782560623344605	0.0462553634366238
MA0796.1	39591	0.731721298458133	0.0509407401467517
MA0797.1	39591	0.762713559137198	0.0466359409884708
MA0511.2	39591	0.857530124615086	0.0443964310884771
MA0801.1	39591	0.891023891075406	0.0484801833024568
MA0803.1	39591	0.8708921202086	0.0532492846507914
MA0805.1	39591	0.870848428662132	0.0535596906668657
MA0806.1	39591	0.895493492194755	0.045712191944465
MA0807.1	39591	0.902185639317096	0.0424658173413552
MA0808.1	39591	0.904556639536237	0.0490446110351767
MA0813.1	39591	0.835291664223268	0.0523254615812231
MA0815.1	39591	0.828473109391698	0.0547691444325015
MA0816.1	39591	0.862908990191632	0.0479167164114533
MA0822.1	39591	0.755669457218022	0.0536040421102861
MA0823.1	39591	0.82969064451784	0.0565452211207106
MA0826.1	39591	0.810034455720421	0.0506774730324988
MA0827.1	39591	0.849961792037425	0.0431635961654387
MA0838.1	39591	0.806533700782871	0.046229522052393
MA0845.1	39591	0.842031240031142	0.0583610275947621
MA0032.2	39591	0.870948129031103	0.0557708826934407
MA0848.1	39591	0.910527675049159	0.0531882759454434
MA0849.1	39591	0.895765789552515	0.057343345143746
MA0850.1	39591	0.939084222268928	0.0384607876528865
MA0855.1	39591	0.745978556934309	0.0434457481951856
MA0856.1	39591	0.756169351694966	0.0426699636293172
MA0857.1	39591	0.718946499776535	0.0468956976773306
MA0858.1	39591	0.727034967395283	0.0402839134632848
MA0860.1	39591	0.724488884492272	0.0441015744070521
MA0525.2	39591	0.722589539516263	0.0380537268047576
MA0106.3	39591	0.731587263211121	0.0362209419364146
MA0862.1	39591	0.838304494140351	0.0469680991151412
MA0863.1	39591	0.748483232837877	0.0378578815197658
MA0024.3	39591	0.788604059741269	0.0428104808687471
MA0866.1	39591	0.729061913257049	0.0511756846371549
MA0870.1	39591	0.729085117953838	0.0512996781768719
MA0872.1	39591	0.823553742202254	0.0560576340817578
MA1124.1	39591	0.750842699124419	0.0620892443659739
MA1155.1	39591	0.758322288280554	0.0426094510677785
MA1127.1	39591	0.783727886026763	0.052437269206196
MA1129.1	39591	0.795664058395378	0.0518989456470795
MA1136.1	39591	0.808740943940287	0.0503288334422309
MA1420.1	39591	0.770091493831331	0.0376476825729384
MA1421.1	39591	0.799815799508613	0.0454694052245176
MA1468.1	39591	0.875057466345472	0.0370755769956666
MA1485.1	39591	0.790489337744178	0.043088021913202
MA1489.1	39591	0.812091131822889	0.0751391275361932
MA1493.1	39591	0.824467321412842	0.0424148498481623
MA1509.1	39591	0.819952533256251	0.0443217772601533
MA1538.1	39591	0.758976890599119	0.0404933296005387
MA1539.1	39591	0.745310989976382	0.0414546237872504
MA1555.1	39591	0.786928520274671	0.038947341137434
MA1556.1	39591	0.783031183333213	0.0408140265594114
MA1557.1	39591	0.806741340653283	0.0419644471259131
MA1570.1	39591	0.890245643715072	0.0393406499655863
MA1571.1	39591	0.777363178683135	0.043005020055563
MA1572.1	39591	0.783914742386715	0.0422079526190627
MA1580.1	39591	0.819185650732975	0.0555337258496061
MA1587.1	39591	0.82245392692388	0.0630362579826772
MA1588.1	39591	0.758751162082465	0.0401041964757496
MA1594.1	39591	0.70118119900406	0.0307397719411189
MA1596.1	39591	0.820079729875306	0.0856566784724906
MA1597.1	39591	0.728503814371154	0.0395761394889782
MA0158.2	39591	0.901014267191744	0.0509066199533811
MA0912.2	39591	0.860401449450051	0.0577413695566031
MA0623.2	39591	0.825852845227891	0.0484292685882813
MA2093.1	39591	0.915886120389679	0.0470523397304661
MA2094.1	39591	0.801366369564861	0.0332474405054188
MA2095.1	39591	0.826782427567785	0.0487270980152803
MA2096.1	39591	0.866086481014827	0.0494533132923956
MA1715.1	39591	0.751115161189494	0.0402051786823526
MA2097.1	39591	0.801474208374298	0.0452565572799551
MA2098.1	39591	0.867576458475915	0.0499225010452589
MA2099.1	39591	0.916250533909732	0.0520509650773421
MA1718.1	39591	0.687958923969909	0.0439336538528088
MA2100.1	39591	0.667760507842499	0.039240334046774
MA2101.1	39591	0.80186749429881	0.0449101306613702
MA1684.1	39591	0.978032358579924	0.0395436475391487
MA2102.1	39591	0.819371460630023	0.0541912148179862
MA1931.1	39591	0.754338701958019	0.0410490850510169
MA1957.1	39591	0.766926379364941	0.0395481439474887
MA1962.1	39591	0.762239930093117	0.0481668056103694
MA1972.1	39591	0.848205068575922	0.0381635104749915
MA1980.1	39591	0.797029629351279	0.0362843883050987
MA1985.1	39591	0.768573141010769	0.0427786409739191
MA2117.1	39591	0.882415450836871	0.0600347062364192
MA2118.1	39591	0.862777278916907	0.0587161395046239
MA2119.1	39591	0.912187996504714	0.0573497778540442
MA2120.1	39591	0.84691800373046	0.0361363996570269
MA2121.1	39591	0.868363430532792	0.0670394124548521
MA2122.1	39591	0.813096140159763	0.0503672274121364
MA2123.1	39591	0.871396218989157	0.0456816435541325
MA2124.1	39591	0.890736427646923	0.0841108866217394
MA2125.1	39591	0.893878355068673	0.0526250010211041
MA2126.1	39591	0.862186988106286	0.06022120108694
MA0079.5	39591	0.916147803410268	0.0728700572214701
MA0509.3	39591	0.722518502541338	0.0478057174724336
MA0516.3	39591	0.923965248455763	0.0644167951877013
MA0607.2	39591	0.802967731242821	0.0473908543511886
MA0685.2	39591	0.926981359508236	0.0656112362063605
MA0740.2	39591	0.92910421677422	0.0617684179424407
MA0742.2	39591	0.911553565997943	0.0710343369659771
MA0798.3	39591	0.724471136704867	0.0468247669898189
MA0818.2	39591	0.819779553813127	0.0482703064489918
MA0821.2	39591	0.84046094077121	0.0505303971864788
MA0831.3	39591	0.790929333197362	0.0536302747236841
MA0878.3	39591	0.839456492002241	0.0547227293746993
MA0884.2	39591	0.799385146483648	0.0564245246212637
MA1511.2	39591	0.919252522391516	0.0667684295600483
MA1532.2	39591	0.772343979933923	0.0377877397401727
MA1547.2	39591	0.884616346706754	0.0583244771637414
MA1563.2	39591	0.934637520913954	0.0441893504619773
MA1573.2	39591	0.760984427981563	0.0544370195137283
MA1601.2	39591	0.804781696995832	0.0407905582894009
MA1633.2	39591	0.828175197144866	0.0537722047472023
MA2323.1	39591	0.716405098531772	0.0459013455886846
MA2324.1	39591	0.899347287477875	0.0530013055042456
MA2325.1	39591	0.836145931579008	0.049239273390076
MA2326.1	39591	0.956777566380337	0.0652665343933079
MA2327.1	39591	0.860893869640893	0.0642136774260925
MA2328.1	39591	0.855274373544294	0.0816580898197079
MA2329.1	39591	0.847368076428268	0.0550277437515906
MA2330.1	39591	0.833061801516173	0.057693732811527
MA2331.1	39591	0.693789318689322	0.0346577278868542
MA2332.1	39591	0.85706365743435	0.04957991172586
MA2333.1	39591	0.862238621943875	0.0711589015908256
MA2334.1	39591	0.765317957728558	0.0413151941254257
MA2335.1	39591	0.669240612326286	0.0422012760033398
MA2336.1	39591	0.901374809616649	0.0532664698043911
MA2337.1	39591	0.958307033948586	0.0628870257791898
MA2338.1	39591	0.894662345799764	0.0548477203845271
MA2339.1	39591	0.872957595891284	0.0526877473831719
MA2340.1	39591	0.815451633897884	0.0510137658732714
MA2341.1	39591	0.923219869208166	0.0484855906654375
MA0619.2	39591	0.924087221533268	0.068985353902861
MA0006.2	39591	0.958197238239176	0.0608718515897924
MA0854.2	39591	0.850274436309644	0.0672297867152728
MA0634.2	39591	0.925158801398323	0.0613596064505308
MA0853.2	39591	0.800832637369924	0.0543765954087006
MA0690.3	39591	0.828675926197086	0.0433257450430058
MA0007.4	39591	0.755403700345665	0.041148635945005
MA1463.2	39591	0.844562913024584	0.0705479611704175
MA0601.2	39591	0.910489814465979	0.0696623179272337
MA0602.2	39591	0.869567001062398	0.0684385876490483
MA0259.2	39591	0.952045439203146	0.0611347768960853
MA1464.2	39591	0.846797092668425	0.0575791164763843
MA0603.2	39591	0.851983773378305	0.054998580341901
MA0874.2	39591	0.831781629960225	0.0593351948139341
MA1100.3	39591	0.913842115914187	0.0442254409660034
MA1631.2	39591	0.883177678411943	0.051085354183728
MA1632.2	39591	0.829587678752121	0.0573229683541514
MA1988.2	39591	0.881446232518028	0.0587475152388836
MA0605.3	39591	0.780932966743147	0.0588950605723675
MA0833.3	39591	0.81761521365288	0.0527167007600996
MA1466.2	39591	0.75778738946065	0.041373463686726
MA0834.2	39591	0.769504153916941	0.0571876035707819
MA0461.3	39591	0.877284047198559	0.0478270133216727
MA1467.3	39591	0.896616470549212	0.056023580657333
MA0591.2	39591	0.802717836407466	0.0423730264743432
MA0496.4	39591	0.82130734293935	0.0565015612427235
MA1101.3	39591	0.796509950060629	0.0505635965750893
MA1470.2	39591	0.728165022475079	0.0389691124682879
MA0877.4	39591	0.906883345865133	0.0537447631829542
MA0635.2	39591	0.944505971580533	0.0451462338937373
MA0875.2	39591	0.940744449284827	0.0562389970176402
MA1471.2	39591	0.88369376456685	0.0582965699064839
MA1634.2	39591	0.879646715381976	0.0602652958774633
MA0462.3	39591	0.879738365851239	0.0600569878811849
MA0489.3	39591	0.85054182963343	0.0575122101127611
MA0488.2	39591	0.843130079478448	0.0504558151406519
MA0835.3	39591	0.882260153604905	0.0588107867358308
MA1989.2	39591	0.842044258653822	0.0533972973634334
MA0463.3	39591	0.778484047277718	0.0411574749056611
MA1472.3	39591	0.865564391958903	0.0525923453173536
MA1635.2	39591	0.904878187319142	0.0794323023195077
MA0817.2	39591	0.80907256233082	0.0516333900044489
MA0464.3	39591	0.85296548700207	0.0559888125634314
MA1928.2	39591	0.874608342135262	0.0612830155291385
MA0876.2	39591	0.95098423190348	0.0519727842055551
MA0465.3	39591	0.856106330970982	0.0612359131382089
MA1473.2	39591	0.862481570482476	0.0596198307309708
MA0102.5	39591	0.820590351176853	0.0513534543358107
MA0466.4	39591	0.773667386059338	0.0467576145147948
MA0836.3	39591	0.857562144253567	0.0548438280117404
MA0837.3	39591	0.777536114897118	0.0467881256174904
MA1636.2	39591	0.819337026106371	0.0516031830505333
MA0819.3	39591	0.890982011396592	0.050640846109212
MA0018.5	39591	0.85440913354751	0.0642489914756028
MA0638.2	39591	0.790655761892731	0.0423178053178703
MA0839.2	39591	0.762199519251038	0.0409369170103802
MA1474.2	39591	0.830453662870137	0.0434262649222673
MA1475.2	39591	0.835606382441893	0.0506266917092702
MA0840.2	39591	0.793667440412892	0.0566530904158409
MA0609.3	39591	0.779046568747156	0.0576492727359321
MA0467.3	39591	0.903763498072584	0.0768291924876094
MA0139.2	39591	0.822593394583321	0.0436927303920361
MA1929.2	39591	0.705253900893934	0.0366820716073486
MA1930.2	39591	0.697581118802888	0.0354861464198995
MA1102.3	39591	0.889034005453514	0.059066402983399
MA0754.3	39591	0.807955364540948	0.0546294362009685
MA0650.4	39591	0.869526168978062	0.0566937301220451
MA0901.3	39591	0.85079287463655	0.0611979982157759
MA0755.2	39591	0.81157657859947	0.059240381396896
MA0639.2	39591	0.822758163810046	0.0546417405073745
MA0019.2	39591	0.869836865704202	0.040545040559536
MA0879.3	39591	0.935257100347608	0.051703998698554
MA0885.3	39591	0.839237509325126	0.0542953112225702
MA0880.2	39591	0.924841893753944	0.0612736714294608
MA0881.2	39591	0.92585886964572	0.0599082909911721
MA1476.3	39591	0.841289219862829	0.0551996335591141
MA0882.2	39591	0.92753966640493	0.0604745328642534
MA0883.2	39591	0.859821705045011	0.050322149351763
MA1603.2	39591	0.844121311818126	0.0573705974535488
MA0610.2	39591	0.889555393325964	0.0598378160985679
MA1707.2	39591	0.857988159564149	0.0493374941734427
MA1478.2	39591	0.959954934366401	0.0375196471628105
MA1479.2	39591	0.823939532978638	0.048747338548661
MA1480.2	39591	0.847838446108483	0.0485772978717556
MA1481.2	39591	0.92677123639227	0.0627428499732306
MA0611.3	39591	0.78423977111082	0.0594664503056072
MA0864.3	39591	0.793225645421241	0.0447684279172024
MA0469.4	39591	0.724082169617981	0.0404587723119649
MA0756.3	39591	0.835691233807354	0.0531302830479201
MA0470.3	39591	0.774978277338035	0.0431121412534812
MA0471.3	39591	0.898144270730403	0.0508952668131972
MA0865.3	39591	0.864435745539609	0.0498410170394215
MA0154.5	39591	0.818703935100321	0.0515313517082209
MA1604.2	39591	0.848901556858035	0.0545044149644355
MA1637.2	39591	0.84938641074895	0.0567836290284321
MA0162.5	39591	0.854078444281155	0.0592370009815942
MA0732.2	39591	0.810198098464034	0.0613954604944633
MA0733.2	39591	0.829779650413871	0.0546486666697792
MA0598.4	39591	0.877642218443723	0.0481579618139049
MA0473.4	39591	0.862713552589101	0.0504951225453094
MA1483.3	39591	0.855924830555556	0.0452902501004387
MA0640.3	39591	0.8777078289781	0.0473088796728241
MA0136.4	39591	0.89834263600775	0.0471890265693245
MA0028.3	39591	0.830031527336696	0.0550529602005352
MA0800.2	39591	0.856259494734632	0.0463234119518296
MA1708.2	39591	0.897827273871318	0.0414879056818224
MA1495.2	39591	0.929061147542199	0.0529599044348148
MA1932.2	39591	0.753258421433525	0.0367840280300107
MA0779.2	39591	0.768247997007176	0.0325303702901185
MA0014.4	39591	0.856586781344121	0.0498117172586564
MA0781.2	39591	0.746042269294082	0.0353179574932361
MA0686.2	39591	0.829219515165661	0.0437116130466242
MA1933.2	39591	0.760655386724332	0.0405721069774879
MA0828.3	39591	0.77855791410358	0.0554983715307068
MA0843.2	39591	0.814723244742985	0.0549379775800452
MA0759.3	39591	0.834558240778166	0.0557112146917925
MA0076.3	39591	0.881973835221325	0.0504861170214798
MA0612.3	39591	0.906330148984343	0.069849404722934
MA0886.2	39591	0.908317319333333	0.066587402543178
MA0027.3	39591	0.933299262148105	0.0586087896866651
MA0642.3	39591	0.91340445557664	0.0546269354060154
MA0760.2	39591	0.858717498352141	0.0451438214229352
MA1934.2	39591	0.810426242988069	0.0428440870058897
MA0820.2	39591	0.962748253406247	0.0504068562801452
MA1935.2	39591	0.897411572429194	0.036616275429586
MA1936.2	39591	0.866733461222665	0.0346672416957135
MA0480.3	39591	0.886195798537091	0.0570236773111101
MA1937.2	39591	0.83086727835092	0.0383352931473653
MA0058.4	39591	0.886432724790984	0.0599150748366721
MA1938.2	39591	0.77776360587061	0.0371686210711647
MA0048.3	39591	0.869902016047501	0.0514568392306699
MA1939.2	39591	0.756693169492914	0.034335554406025
MA0474.4	39591	0.853708626846654	0.0460691324549849
MA0112.4	39591	0.747309049131161	0.0432277465785076
MA0592.4	39591	0.835459522072186	0.055189959442057
MA0141.4	39591	0.81393047708354	0.0532556600020562
MA0643.2	39591	0.862768967544464	0.0486824265572849
MA0644.3	39591	0.901661390283903	0.0613300254861337
MA0098.4	39591	0.874079586321794	0.0451263789117246
MA1484.2	39591	0.870997443044764	0.0468477702578053
MA0761.3	39591	0.86665745810441	0.0480257858240562
MA0762.2	39591	0.85022665593017	0.0459349677479638
MA1940.2	39591	0.79832670138023	0.0424671383405795
MA1941.2	39591	0.796173989447972	0.0419226168446431
MA1942.2	39591	0.855596919497107	0.0422950687777384
MA1943.2	39591	0.802996048432811	0.0386825445342415
MA0763.2	39591	0.863350001897898	0.0425148784659514
MA0764.4	39591	0.858378889461829	0.0506139376631545
MA0765.4	39591	0.829871404552048	0.0541834539373815
MA1944.2	39591	0.808738749182249	0.0392186483927675
MA1945.2	39591	0.803221321818379	0.0416493625015208
MA1946.2	39591	0.839709024217515	0.035914492301416
MA1947.2	39591	0.877006183370658	0.0379800439514291
MA1948.2	39591	0.813420561470698	0.03656468229606
MA0900.3	39591	0.90383592021564	0.0746404884558837
MA0645.2	39591	0.880039765484084	0.0477628225729133
MA0887.2	39591	0.937857923588555	0.0536923850148129
MA0888.2	39591	0.937040882181036	0.054458939365265
MA0156.4	39591	0.830737616092985	0.0523152956496911
MA0475.3	39591	0.857782495471187	0.0475889428616547
MA1949.2	39591	0.776909224115587	0.0365206261647959
MA1950.2	39591	0.840992246500697	0.0444464279712116
MA0476.2	39591	0.863427375845548	0.0593910909941447
MA1951.2	39591	0.749814343958471	0.0495187213144567
MA0099.4	39591	0.853756610206404	0.0503127709751134
MA1126.2	39591	0.806900922628041	0.0516114940466415
MA1134.2	39591	0.842326327220888	0.0535503694379397
MA1140.3	39591	0.75972600052734	0.05414533614053
MA0490.3	39591	0.815061303271309	0.0574818927124742
MA1141.2	39591	0.84618617177189	0.0527514305364957
MA0492.2	39591	0.840624371965128	0.049337610437064
MA0491.3	39591	0.815995727914062	0.0572230094750463
MA1135.2	39591	0.849400736247497	0.0533371421279449
MA0477.3	39591	0.827714659335018	0.0562517309227227
MA1128.2	39591	0.84948095654981	0.0517361543854004
MA1137.2	39591	0.850467076214792	0.0504097388080007
MA1142.2	39591	0.891490906092357	0.0454888003451346
MA1143.2	39591	0.848505149880143	0.0468000750303959
MA0478.2	39591	0.866292114100834	0.0522345813193639
MA1130.2	39591	0.854214882917449	0.0514050171061125
MA1131.2	39591	0.814509374579154	0.0528309211614712
MA1138.2	39591	0.845470932245598	0.054792358020898
MA1139.2	39591	0.78947283508171	0.0562403891513128
MA1144.2	39591	0.846382483257477	0.0528639587713365
MA1145.2	39591	0.810618708790751	0.0542797459370219
MA0148.5	39591	0.851903785314977	0.0595739281128451
MA0047.4	39591	0.879031779268651	0.060229692619266
MA1683.2	39591	0.881658557643523	0.0618788177109887
MA0846.2	39591	0.871674608914514	0.0552046434956558
MA0031.2	39591	0.886027669551619	0.058688342952529
MA0847.4	39591	0.858288325239055	0.0553280063514603
MA0041.3	39591	0.836003117150871	0.0576247255835455
MA1487.3	39591	0.845230583746854	0.0546565853692175
MA1606.2	39591	0.896312676158954	0.063941752125083
MA0030.2	39591	0.85589785141003	0.0562541811703732
MA0479.2	39591	0.875589514558718	0.0537219116488421
MA1952.2	39591	0.857679715717576	0.041000786013394
MA0682.3	39591	0.91838164452993	0.0701917346573492
MA0851.2	39591	0.868411013981298	0.0588474066579099
MA0852.3	39591	0.891380796522827	0.0572792395906757
MA1103.3	39591	0.883277330922658	0.0619387406228307
MA1607.2	39591	0.833813233656836	0.0579888856080725
MA1953.2	39591	0.825463367220664	0.0402118319306715
MA1954.2	39591	0.821541105938387	0.043149368991227
MA1955.2	39591	0.81553081395417	0.0422885763123408
MA1956.2	39591	0.80849087689079	0.0415946180408358
MA0157.4	39591	0.888209806371589	0.0584094593441138
MA0481.4	39591	0.885492797358158	0.061329280934902
MA0593.2	39591	0.886115225845104	0.0554455386312893
MA0040.2	39591	0.856831114962423	0.0556489848289599
MA0062.4	39591	0.843209176716746	0.0475703187719058
MA0035.5	39591	0.8832017880395	0.0538170597545801
MA0140.3	39591	0.802288575971212	0.0453766593494215
MA0036.4	39591	0.88273451398163	0.0600162202934733
MA0037.5	39591	0.857643330407012	0.0547356428997933
MA0482.3	39591	0.862857460944986	0.0516990499899215
MA0766.3	39591	0.898170684840442	0.0546320885950106
MA1104.3	39591	0.858502678833686	0.0554354057867281
MA0889.2	39591	0.895030996356631	0.0665508792470116
MA0890.2	39591	0.913964440715367	0.0699513611052109
MA0646.2	39591	0.831882798680745	0.0389193602196214
MA0143.5	39591	0.892189922499483	0.0548843982596795
MA0767.2	39591	0.873680952458562	0.04113106660852
MA0038.3	39591	0.833196539789691	0.0457191198243253
MA0483.2	39591	0.875947132402488	0.0446577605519929
MA1990.2	39591	0.826231998062325	0.0453934203315675
MA0734.4	39591	0.851001560248862	0.0473815131380346
MA1491.3	39591	0.748715476442258	0.0399156155376982
MA0735.2	39591	0.723489007914856	0.0414827314116192
MA0615.2	39591	0.910213600879309	0.0488199028087676
MA0647.2	39591	0.796244183992112	0.0499248674473087
MA1105.3	39591	0.8514058968867	0.052356403055669
MA0648.2	39591	0.927913270837643	0.0650285732104192
MA0891.2	39591	0.935071191178961	0.0566410120554562
MA0892.2	39591	0.945540323462559	0.0472549020431768
MA0893.3	39591	0.940128299496945	0.0454279909724414
MA0092.2	39591	0.911932436081277	0.0347934883838373
MA0522.4	39591	0.912737216516678	0.0531677812614483
MA1638.2	39591	0.923567147730077	0.0698510296780059
MA1099.3	39591	0.889495909443323	0.0605046187154731
MA0616.3	39591	0.847824023100929	0.0586378263399748
MA0894.2	39591	0.915583069319944	0.0715247121106644
MA0649.2	39591	0.854385570022222	0.051545180842816
MA0739.2	39591	0.904171386109626	0.0392619905199968
MA0738.2	39591	0.977322718406516	0.0303385216529956
MA1106.2	39591	0.886871106089488	0.0627994779436798
MA0131.3	39591	0.874551349185103	0.0558222315445541
MA0043.4	39591	0.830424161015166	0.0586455879011409
MA0895.2	39591	0.903609860214244	0.0523603174146827
MA0896.2	39591	0.838766005590673	0.0539503671145646
MA0897.2	39591	0.785149682156715	0.0502689721439941
MA0898.2	39591	0.841920172171824	0.0545407473171378
MA1991.2	39591	0.83501164701999	0.0458760279092218
MA0046.3	39591	0.783135987926748	0.0601848227562225
MA1494.2	39591	0.756063854640486	0.0410846440243064
MA0114.5	39591	0.832986711757437	0.0496213193188075
MA0484.3	39591	0.836391594998648	0.0488302743164682
MA0899.2	39591	0.883120661145553	0.0564634564308558
MA0911.2	39591	0.859134698609648	0.0460090411710407
MA1496.2	39591	0.934702053284822	0.043439316806112
MA1497.2	39591	0.917131020956144	0.047979661180164
MA1498.3	39591	0.953139217220608	0.0485642334454262
MA0594.3	39591	0.911001715143276	0.0415983154474347
MA0902.3	39591	0.944757304045468	0.0580096939520788
MA1566.3	39591	0.853808738247997	0.0464062810899689
MA0903.2	39591	0.947624978437723	0.052216035186218
MA1499.2	39591	0.924470204352465	0.0710920596050857
MA0904.3	39591	0.920282503208082	0.0619543191701344
MA1500.2	39591	0.931095599990902	0.0451530558030259
MA1501.2	39591	0.903079658062269	0.0518048212733849
MA1502.2	39591	0.92102202712361	0.0558272581468261
MA1503.2	39591	0.83363972288698	0.0519740251652876
MA0905.2	39591	0.871333333095266	0.0507811310870438
MA0651.3	39591	0.772835948169562	0.0483143306287231
MA0906.2	39591	0.811826587550646	0.0484883242205612
MA0907.2	39591	0.82456036128726	0.0515103183964219
MA1504.2	39591	0.939867043446885	0.0599816586323199
MA1505.2	39591	0.940030427850961	0.0479331737176401
MA0485.3	39591	0.821458866525014	0.0532598302152609
MA1506.2	39591	0.810202289591062	0.0488231933280546
MA0908.2	39591	0.856372348819297	0.0503641814004752
MA0873.2	39591	0.820264507881348	0.0476649538109803
MA1958.2	39591	0.754566582804906	0.0412654446482569
MA0909.4	39591	0.880131778621397	0.0710505464550616
MA1507.2	39591	0.936042278355568	0.0653784585945882
MA0910.3	39591	0.921258186543223	0.0558126595946402
MA0913.3	39591	0.865055117828819	0.0583328219685603
MA1508.2	39591	0.888500249624361	0.0494054754244655
MA1992.2	39591	0.873006635388408	0.0476814233928056
MA0050.4	39591	0.82429467264044	0.0535608277525658
MA0051.2	39591	0.792691588942397	0.0430421623097728
MA1418.2	39591	0.748785481878726	0.0440439994437709
MA1419.2	39591	0.728479793244249	0.043412480721023
MA0772.2	39591	0.798098992072397	0.048461015079597
MA0652.2	39591	0.744802446127776	0.0445925793880562
MA1608.2	39591	0.875620311736942	0.0558105917452488
MA0914.2	39591	0.94847012728148	0.0448465873287463
MA0654.2	39591	0.909856513509744	0.0737786429960655
MA0656.2	39591	0.785283620394209	0.0573115482964497
MA1132.2	39591	0.879180986079626	0.0477062072716664
MA1133.2	39591	0.798864851358269	0.0495755629573682
MA0493.3	39591	0.947753959196217	0.0619009892198078
MA1512.2	39591	0.89036255879157	0.0534741236032454
MA0657.2	39591	0.760725597833114	0.0410139411182267
MA1513.2	39591	0.90803978718936	0.0864387166384792
MA1514.2	39591	0.807846776771861	0.0464660333667483
MA1515.2	39591	0.938206555459042	0.0558012171359673
MA1516.2	39591	0.870127398836037	0.0598702561525228
MA0039.5	39591	0.920474656455232	0.061866002679274
MA1517.2	39591	0.909604530921282	0.0513037433277581
MA1959.2	39591	0.936809229726713	0.0649185479069937
MA1107.3	39591	0.839930265829608	0.0529571231700565
MA0618.2	39591	0.902060959592716	0.0553253390769375
MA0699.2	39591	0.924642019261694	0.0605056557020653
MA0768.3	39591	0.855770604982938	0.0529607724142115
MA1518.3	39591	0.796301090816542	0.0525958058906873
MA0700.3	39591	0.896807021857023	0.0710755884419868
MA0135.2	39591	0.83226309381062	0.0627995518829248
MA0704.2	39591	0.922123913856809	0.054668751992481
MA1519.2	39591	0.887698467693001	0.0690534567303679
MA0658.2	39591	0.862616556593685	0.0588563001964702
MA0705.2	39591	0.930938655333122	0.0594544135929724
MA0701.3	39591	0.885289643842228	0.0634007100696849
MA0702.3	39591	0.862565635302809	0.0759998293089689
MA0703.3	39591	0.828166906146525	0.078650257083147
MA1520.2	39591	0.782567298413552	0.0378266467207006
MA0501.2	39591	0.804166591476365	0.0452072575349224
MA0841.2	39591	0.793378569471134	0.0539857702081423
MA1521.2	39591	0.787460886253206	0.0384102718513319
MA0117.3	39591	0.847710871332646	0.0432286486267542
MA0495.4	39591	0.80574839380661	0.0481379981772868
MA0659.4	39591	0.782329400962313	0.0463808991045793
MA0089.3	39591	0.790851765682398	0.0465761322081474
MA0059.2	39591	0.826385992604395	0.0471682189620748
MA0147.4	39591	0.856226896724423	0.0558903282234676
MA1522.2	39591	0.918233627548545	0.0681307457200981
MA0029.2	39591	0.805991055991341	0.0504043334383744
MA0052.5	39591	0.842157223055362	0.067620230022103
MA0497.2	39591	0.864461598551226	0.05776974654779
MA0498.3	39591	0.978996067129457	0.0409041804796414
MA1639.2	39591	0.836007596060474	0.056207215747841
MA1640.2	39591	0.833179537125027	0.0606318116839182
MA0775.2	39591	0.932218152857172	0.0461155041644137
MA0661.2	39591	0.899882102205133	0.057228969505546
MA0706.2	39591	0.903781628737792	0.0527448720205497
MA1960.2	39591	0.818647488089522	0.0458724316881844
MA0620.4	39591	0.806497914307154	0.0523002581901277
MA0621.2	39591	0.851738323800633	0.0847894027325546
MA0662.2	39591	0.92864561317789	0.0581865791030371
MA0622.2	39591	0.854861795189142	0.0738424687673907
MA0664.2	39591	0.864583192390084	0.0513956405217647
MA0825.2	39591	0.8904727656977	0.0558266880888371
MA0707.3	39591	0.945739373980692	0.0582666415633963
MA1523.2	39591	0.922630308234628	0.0452281096759515
MA1524.3	39591	0.834491368343995	0.0462568049782083
MA0666.3	39591	0.917119141077468	0.0649823522080522
MA0708.3	39591	0.92058487332635	0.0618058858248233
MA0709.2	39591	0.909709804625071	0.0698132633388849
MA1108.3	39591	0.912745091464188	0.0658236126492946
MA0100.4	39591	0.906177561066046	0.0675814296302429
MA0104.5	39591	0.837348910054242	0.0558218249956773
MA1641.2	39591	0.862240351648252	0.0551155687509884
MA0499.3	39591	0.869259809463795	0.0477281406523996
MA0500.3	39591	0.883822145888411	0.0622117387036636
MA0056.3	39591	0.872461037031397	0.0490012325223567
MA1109.2	39591	0.884577677726079	0.047949434820475
MA1993.2	39591	0.907480761433461	0.0775247268064139
MA0668.3	39591	0.882452655653307	0.0480370958528932
MA1642.2	39591	0.899606477404658	0.0535397032909447
MA0606.3	39591	0.884941234282627	0.0526533286557488
MA0624.3	39591	0.941220612247412	0.0677415395397763
MA0152.3	39591	0.878211947967194	0.0563830414444826
MA0625.3	39591	0.974449516188846	0.034057358110845
MA1525.3	39591	0.901702418513689	0.0510985925551174
MA0150.3	39591	0.803219776594324	0.0460602230694044
MA0670.2	39591	0.892201931415389	0.0801802627707644
MA1643.2	39591	0.742157012407256	0.0447428551133998
MA0161.3	39591	0.889433645998225	0.0514043901806435
MA1527.2	39591	0.773967856329342	0.0476053319563777
MA0025.3	39591	0.834558088353193	0.0614318062544088
MA0671.2	39591	0.96557639219737	0.0297491172228504
MA1528.2	39591	0.790988880224913	0.046676692553333
MA0778.2	39591	0.800416863434245	0.056255809359643
MA0060.4	39591	0.869473018760711	0.0563296848209402
MA0502.3	39591	0.855889181033879	0.0531100566120888
MA1644.2	39591	0.885289344046497	0.0571669280669582
MA1529.2	39591	0.767662440227885	0.0460309508533841
MA1994.2	39591	0.883168757071797	0.0614474984211767
MA1645.2	39591	0.868067217129253	0.0460969573766728
MA0672.2	39591	0.907822989833241	0.0433065392751817
MA2003.2	39591	0.921041680476556	0.0358860709627174
MA0063.3	39591	0.889942009392719	0.049789653389913
MA0673.2	39591	0.930425105901521	0.0332792989336892
MA0124.3	39591	0.903349151409664	0.0467879809265845
MA0122.4	39591	0.833780651368623	0.0532473942231777
MA0674.2	39591	0.913273169666626	0.0583624907651339
MA0675.2	39591	0.945103286285023	0.054656422530404
MA1530.2	39591	0.905844408601667	0.0526684770398757
MA0125.2	39591	0.92772913464894	0.0594457709012793
MA0710.2	39591	0.919264509635913	0.0544121429512038
MA0626.2	39591	0.877357050133717	0.0513294537459986
MA1995.2	39591	0.858817086294961	0.0509316660573307
MA1531.2	39591	0.79907144705575	0.0389681485412536
MA1996.2	39591	0.92382671345802	0.0706851929960926
MA0494.2	39591	0.831916190341734	0.0372356846138136
MA1110.3	39591	0.932495238887021	0.0637888455171421
MA1146.2	39591	0.78941784012106	0.0355808820913529
MA1533.2	39591	0.812991443053679	0.0327129416260507
MA1534.2	39591	0.895911428761941	0.0478740996183745
MA1535.2	39591	0.965991258704647	0.0496294322101074
MA0504.2	39591	0.843096514696168	0.0353971084501234
MA1536.2	39591	0.979825216616829	0.0267241306854995
MA0164.2	39591	0.878162998837414	0.0695367591789609
MA0017.3	39591	0.856573398071281	0.0512402837477661
MA1537.2	39591	0.780595013153688	0.0409283133267033
MA1111.2	39591	0.896531222104644	0.0547776571582871
MA0677.2	39591	0.771676792458504	0.0424085537940118
MA0113.4	39591	0.75783089357878	0.044842823395689
MA0727.2	39591	0.758756249135905	0.0449450957794203
MA1112.3	39591	0.872177571056841	0.0520623771445484
MA0160.3	39591	0.891813140902248	0.0458478456497975
MA1147.2	39591	0.80371451166914	0.0358312537286629
MA1540.3	39591	0.788668449412438	0.0491800339891633
MA0505.3	39591	0.841173943514264	0.0514689291300477
MA1541.2	39591	0.791159082949719	0.0406210190577693
MA0506.3	39591	0.803857708086542	0.0717808093702556
MA0842.3	39591	0.822013310902561	0.0442392948083009
MA1997.2	39591	0.910674872869517	0.075156167215273
MA0679.3	39591	0.819516443511977	0.0678650706473257
MA0757.2	39591	0.783268295786779	0.0641751236295274
MA1542.2	39591	0.873435239108404	0.0435278567443696
MA1646.2	39591	0.881194231068941	0.0488483887805414
MA0711.2	39591	0.932540853159303	0.060786041492984
MA0712.3	39591	0.907952308101397	0.0676752719676061
MA1544.2	39591	0.794582522753967	0.0490984529901861
MA1545.2	39591	0.843709091877706	0.0489454299627223
MA1961.2	39591	0.909001307524784	0.068017406274454
MA0067.3	39591	0.789424397011702	0.0325294736509579
MA1546.2	39591	0.779428839698835	0.0351050173627522
MA0680.3	39591	0.787229574409883	0.0695250045439973
MA0070.2	39591	0.841690411452409	0.048511748378428
MA1113.3	39591	0.828831088289985	0.0622541065275242
MA1114.2	39591	0.802951276877519	0.0485041347116791
MA0132.3	39591	0.930416578336017	0.0670707211454982
MA0681.3	39591	0.776635746992886	0.0717025263548804
MA0714.2	39591	0.932881432855493	0.0585929818275478
MA0782.3	39591	0.820718980328082	0.0522441558272229
MA1615.2	39591	0.880423116139839	0.0568382502061244
MA1548.2	39591	0.884252927754602	0.0644674010703925
MA0784.3	39591	0.758776078823343	0.0579258104801424
MA0785.2	39591	0.850611664362224	0.0598399530437158
MA0507.3	39591	0.772740615467745	0.0608716555572119
MA0627.3	39591	0.833661827148718	0.0628356660642366
MA0786.2	39591	0.845278263174546	0.0619537839876081
MA0790.2	39591	0.801646042700762	0.0666588608930675
MA0683.2	39591	0.736487380500887	0.057916978462183
MA0791.2	39591	0.796190688988538	0.067281425382745
MA1115.2	39591	0.896144207242025	0.0611977800073624
MA0628.2	39591	0.875253689916018	0.0782105643968745
MA1549.2	39591	0.894605760168608	0.0544466782791837
MA0793.2	39591	0.847192935354014	0.0572643635960613
MA1148.2	39591	0.783834179731195	0.0339602344657127
MA1550.2	39591	0.782573695281074	0.0395798746916345
MA0066.2	39591	0.766899439456396	0.0318091552386408
MA0065.3	39591	0.851111421450387	0.0360301900168441
MA0508.4	39591	0.910502287136078	0.0576402158091023
MA1998.2	39591	0.857355215875358	0.0516066865938688
MA1616.2	39591	0.815668818363881	0.0435965861870642
MA1647.3	39591	0.826851421511711	0.0446290034292132
MA1999.2	39591	0.814933886367289	0.0424989181308652
MA1723.2	39591	0.842426695705269	0.0408373275779364
MA0716.2	39591	0.927579571234632	0.0640389934478823
MA0075.4	39591	0.87310246583012	0.0723085955443902
MA1618.2	39591	0.860717429068723	0.0494540890395192
MA1619.2	39591	0.873148090672561	0.0553163535834362
MA1620.2	39591	0.887252853866354	0.053971437369661
MA1149.2	39591	0.813034621135642	0.0358103748030882
MA1552.2	39591	0.786596632741534	0.0380876546457375
MA0859.2	39591	0.744589725023719	0.0491868067214627
MA1553.2	39591	0.775199367268008	0.0396077297444106
MA0718.2	39591	0.930664456870044	0.0631331676287994
MA0717.2	39591	0.929106985884204	0.0619277168862632
MA1116.2	39591	0.946505040333208	0.065740858624946
MA1117.2	39591	0.891515137709461	0.047498733319888
MA0138.3	39591	0.715777035496872	0.0394686548945426
MA0600.3	39591	0.75172431782027	0.0485093405450692
MA0799.3	39591	0.745275583200939	0.0478913029700081
MA0510.3	39591	0.740813143780259	0.0489227786123974
MA1724.2	39591	0.838458944658917	0.0465709836086833
MA1554.2	39591	0.912732812069518	0.0338823245666694
MA0629.2	39591	0.876291911619806	0.0428264060670277
MA0719.2	39591	0.981521851272623	0.0231037129690572
MA0072.2	39591	0.815183422355541	0.0486667310706263
MA1150.2	39591	0.863904726399365	0.0417216744247703
MA1151.2	39591	0.875249340525077	0.0393687276621514
MA0073.2	39591	0.820074525552646	0.0439488479741927
MA0002.3	39591	0.89334212044738	0.0406876452316573
MA0684.3	39591	0.879874596164156	0.051186167597742
MA1963.2	39591	0.858062005143295	0.0689183858848655
MA0743.3	39591	0.825134607580212	0.0460574636223708
MA0744.3	39591	0.823363466256629	0.0459061735720059
MA0630.2	39591	0.932990626204556	0.0635393653274155
MA0720.2	39591	0.923335877314356	0.0672706345894276
MA1118.2	39591	0.846894838364546	0.0486197947288744
MA1119.2	39591	0.802823548185666	0.0473784581122441
MA0631.2	39591	0.796004758806608	0.0457427828798347
MA2001.2	39591	0.888746667769483	0.0524361406575737
MA1964.2	39591	0.933541896093854	0.062758469465685
MA1153.2	39591	0.905592709374986	0.0624381324764887
MA1558.2	39591	0.930748301296463	0.0546189152968933
MA0745.3	39591	0.884258451358749	0.0555256965881695
MA1559.2	39591	0.880168516566478	0.0518779166578926
MA1560.2	39591	0.841478460449011	0.055026202044241
MA0442.3	39591	0.924913755167654	0.0699838390371525
MA0869.3	39591	0.879255243232644	0.0491591661095055
MA1561.2	39591	0.801176217770328	0.0445479371781988
MA1120.2	39591	0.888582550636599	0.0587822193045781
MA1562.2	39591	0.824516353489468	0.0486707953197555
MA1152.2	39591	0.948444508584377	0.0443380641135434
MA0078.3	39591	0.824926697682681	0.0496092430154452
MA0514.3	39591	0.890520686513977	0.0557261390825539
MA0867.3	39591	0.916235754964472	0.0500455329053729
MA0087.3	39591	0.868322161063837	0.0496697630922896
MA0868.3	39591	0.915626180066861	0.0546205461273779
MA0077.2	39591	0.885282949784786	0.0473146652154662
MA0746.3	39591	0.874352910131976	0.059267832901853
MA1965.2	39591	0.974674655877494	0.0573596886545376
MA0747.2	39591	0.895743949815179	0.0458594952543175
MA1564.2	39591	0.898991007097018	0.0590890609135437
MA0080.7	39591	0.807121960382659	0.0450866287731617
MA0081.3	39591	0.817578118678739	0.0434809055744773
MA0687.2	39591	0.836496296379993	0.0398679923365728
MA0829.3	39591	0.820769753141633	0.0550691077148031
MA0084.2	39591	0.941982972044014	0.0455347867903894
MA0137.4	39591	0.879687554624008	0.0502205262175694
MA0517.2	39591	0.835438047136563	0.0459921720365126
MA1623.2	39591	0.852031497724994	0.0590427605773214
MA0144.3	39591	0.899406939499649	0.0437568516625204
MA0518.2	39591	0.88469670846611	0.0464501425565226
MA1624.2	39591	0.851255089486076	0.053070970060179
MA0519.2	39591	0.895901587584051	0.0447501050833523
MA1625.2	39591	0.848110433283918	0.0554057108611629
MA0520.2	39591	0.870541201674337	0.0496314506945987
MA0091.2	39591	0.85472860816863	0.0447785009303442
MA0108.3	39591	0.922065141295175	0.0630494946608814
MA0802.2	39591	0.852957701229317	0.0461213480047311
MA1565.2	39591	0.869237217302267	0.0456802243381688
MA0804.2	39591	0.730080348488692	0.03969091092658
MA0688.2	39591	0.876331221524103	0.0427772125441918
MA1567.3	39591	0.858702301563347	0.0460426078292
MA0521.3	39591	0.914461939394671	0.071885783173711
MA1648.2	39591	0.914018414303181	0.0529885666155811
MA0832.2	39591	0.789846973943886	0.0501378114009626
MA1568.2	39591	0.849577693169393	0.038352014905883
MA0830.3	39591	0.897816640680598	0.0520361253005267
MA0769.3	39591	0.895643430522052	0.0600572242486798
MA0523.2	39591	0.879239403559889	0.0472252866204606
MA0632.3	39591	0.880559487468032	0.0626662870225459
MA0090.4	39591	0.842361762667556	0.0510012736219659
MA1121.2	39591	0.889762674056442	0.0517520268256388
MA0809.3	39591	0.868149710657159	0.0515136079030641
MA0810.2	39591	0.905754818154672	0.0472094279840371
MA0003.5	39591	0.872124330615661	0.0550998214404538
MA0811.2	39591	0.8901270998435	0.0467602639793467
MA0812.2	39591	0.890169532730557	0.0542080737684968
MA0524.3	39591	0.887213868788016	0.0467798417080215
MA0814.3	39591	0.875901526608423	0.053897015628923
MA1569.2	39591	0.914122743387076	0.0593128490970519
MA1966.2	39591	0.818635845018236	0.04196386625969
MA1967.2	39591	0.755222933760358	0.0430726977101784
MA1968.2	39591	0.840078477912709	0.0440727014176042
MA1122.2	39591	0.882075325906203	0.059461892786044
MA0692.2	39591	0.876495278088977	0.0495775096867542
MA0871.3	39591	0.83743401171162	0.0572772153612613
MA0597.3	39591	0.89837753979184	0.052354907722252
MA1969.2	39591	0.764635945006486	0.0421967838428782
MA1574.2	39591	0.825204799109196	0.0355994689532529
MA1575.2	39591	0.768756370202277	0.040257767564979
MA1576.2	39591	0.763604909319609	0.0360539926669352
MA1577.2	39591	0.919996338006732	0.0805418331784629
MA0861.2	39591	0.766589790771639	0.04012081323315
MA1970.2	39591	0.852468448454254	0.0573519984401558
MA1123.3	39591	0.872639923428753	0.0495701772007541
MA0633.3	39591	0.907763797571171	0.0772389662591027
MA0721.2	39591	0.926349207715301	0.0626076631771874
MA0093.4	39591	0.812536333688263	0.0506379918539961
MA0526.5	39591	0.791833606099085	0.054866111402381
MA0722.2	39591	0.910252068312269	0.0556483253041718
MA0723.3	39591	0.950524372334119	0.043355129356083
MA0693.4	39591	0.896600512975412	0.0564270018149154
MA1578.2	39591	0.937235774175482	0.0631369906973362
MA0725.2	39591	0.888304646717288	0.0644119952351175
MA0726.2	39591	0.879376378423322	0.0660344332690379
MA1627.2	39591	0.870694771288402	0.055510372572258
MA0844.2	39591	0.800968900632021	0.0436935668052991
MA0095.4	39591	0.877581154068357	0.0563807570587276
MA0748.3	39591	0.882968469845319	0.0542225902771419
MA0749.2	39591	0.7318533753558	0.0407100876193885
MA1971.2	39591	0.871951007898731	0.0475770339469841
MA1649.2	39591	0.897367397761864	0.0542128855511441
MA1650.2	39591	0.863375544154396	0.0650091050829216
MA0698.2	39591	0.828684405977157	0.0467570147135997
MA1579.2	39591	0.894951674820053	0.053650324935744
MA0527.2	39591	0.805567634558367	0.0554826869242693
MA1581.2	39591	0.873785849490103	0.0513125353824907
MA0750.3	39591	0.864764286150982	0.053738463525487
MA0694.2	39591	0.842189002491968	0.0469947795092391
MA0695.2	39591	0.898472172098477	0.0427673127952301
MA0103.4	39591	0.945643213525014	0.0643914633627127
MA2002.2	39591	0.929921570490429	0.0447228518145089
MA1651.2	39591	0.780650027536389	0.0502870402004461
MA1583.2	39591	0.874989150844891	0.0536350411569891
MA0146.3	39591	0.906433960561033	0.0578146952056652
MA1628.2	39591	0.91688352938978	0.0551958570732808
MA1629.2	39591	0.86562056570813	0.0510008160504469
MA0697.3	39591	0.909008096539773	0.0593687258295534
MA0751.2	39591	0.822918282031635	0.0419471060298398
MA1584.2	39591	0.789270616778743	0.0448335418830568
MA1709.2	39591	0.82770535968882	0.0507177342917967
MA1585.2	39591	0.830353757428467	0.0528904177786624
MA1973.2	39591	0.765855464274658	0.0425996450014864
MA1652.2	39591	0.87807666960286	0.0505006617991427
MA1589.2	39591	0.724142423984661	0.0371507305948794
MA1653.2	39591	0.882544125065023	0.0704380388620939
MA1654.2	39591	0.729024024806278	0.0345001055753021
MA1725.2	39591	0.852521352112323	0.048743950690447
MA1974.2	39591	0.791060640399192	0.0583611870383604
MA1975.2	39591	0.806844288951281	0.0380647662104267
MA1710.2	39591	0.915461325029019	0.0430983336952115
MA0528.3	39591	0.927492894349952	0.0636389189213037
MA1592.2	39591	0.81509479975999	0.0392760248210302
MA1630.3	39591	0.889294332403634	0.0683367099725702
MA1154.2	39591	0.773970237462857	0.0382183292782227
MA1593.2	39591	0.868951435290328	0.0524265177167581
MA1976.2	39591	0.777852748572654	0.0432457150915246
MA1977.2	39591	0.808767405682648	0.0361750511429398
MA1726.2	39591	0.841162942411337	0.0511256429528351
MA1655.2	39591	0.873294646685743	0.0482904451176744
MA1711.2	39591	0.76481218528227	0.0414398532329443
MA1978.2	39591	0.775920182999566	0.049607198477159
MA1125.2	39591	0.906933729798378	0.0902855810496293
MA0752.2	39591	0.714285067491083	0.0433253267447959
MA1979.2	39591	0.849633756457109	0.044977622170672
MA1727.2	39591	0.874889697147209	0.0634274718841874
MA1656.2	39591	0.839599694271946	0.0461072037569496
MA1712.2	39591	0.814599992166025	0.0517922971488379
MA1981.2	39591	0.83321414477014	0.0478496245900715
MA1728.2	39591	0.887355332310864	0.0523294613868385
MA1982.2	39591	0.811777786291823	0.0430248577077327
MA1983.2	39591	0.698640337502125	0.0367840242077853
MA1713.2	39591	0.837991094284732	0.0694442868304432
MA1657.2	39591	0.827995585983928	0.0571544826133468
MA1984.2	39591	0.829979340990673	0.0392290688824986
MA1714.2	39591	0.768341970651603	0.0335747744055498
MA1729.2	39591	0.817590762083231	0.0442022829056831
MA1599.2	39591	0.815304641822455	0.0539020908904866
MA1600.2	39591	0.766989027639281	0.0385169846323795
MA1986.2	39591	0.897205474569404	0.0631848328234284
MA1987.2	39591	0.81346947117264	0.0358273888625907
MA1730.2	39591	0.855021142207889	0.0486798587040889
MA0753.3	39591	0.848197412177083	0.0579026304757981
MA1716.2	39591	0.772988459713204	0.0395772826570673
MA1731.2	39591	0.893895231884393	0.0466970716684778
MA1717.2	39591	0.85379822726356	0.0471481533742999
MA1719.2	39591	0.77562091915422	0.0453238150061027
MA1720.2	39591	0.804530921610071	0.0452995189143521
MA1721.2	39591	0.809526055699766	0.0678626533653695
MA1602.2	39591	0.811188219159274	0.0418515044962069
MA1722.2	39591	0.729369989744624	0.0342604343540385
