[SHORT TFBS MATRIX]
MA0265.1	6544	0.805969199109928	0.0567741635803182
MA0266.1	6544	0.813795670161078	0.0662932150546556
MA0267.1	6544	0.837975689107378	0.0689277433558803
MA0268.1	6544	0.841363802992592	0.0699217287912908
MA0269.1	6544	0.709161836343028	0.0404419921845618
MA0270.1	6544	0.785919256937479	0.0690504708556407
MA0271.1	6544	0.900507721585006	0.0661635587993004
MA0272.1	6544	0.837597075740151	0.057488187066275
MA0273.1	6544	0.758195209168351	0.0401387132306491
MA0274.1	6544	0.923313987580819	0.0386490020181832
MA0275.1	6544	0.863607625928888	0.067750677434939
MA0276.1	6544	0.803322714454195	0.045078529246889
MA0277.1	6544	0.892015944892281	0.0616996994687743
MA0278.1	6544	0.70968082259405	0.0371034016109014
MA0279.1	6544	0.804102627921601	0.0490260475823575
MA0280.1	6544	0.821871813049216	0.0819194841598343
MA0281.1	6544	0.748070911403729	0.0679362960093015
MA0282.1	6544	0.800415791580578	0.0645715927509997
MA0283.1	6544	0.794083452387625	0.0638890234446568
MA0284.1	6544	0.827347243101628	0.0512939571272972
MA0285.1	6544	0.836874649379381	0.0631496860054511
MA0286.1	6544	0.800270630472259	0.0592853760367759
MA0287.1	6544	0.847165273689452	0.0467426577188157
MA0288.1	6544	0.863230085664626	0.0455371887990779
MA0289.1	6544	0.845445959014668	0.0577113253202693
MA0290.1	6544	0.546744305752155	0.0463030847054861
MA0291.1	6544	0.813303465294837	0.0639300747233051
MA0292.1	6544	0.821960471798577	0.0652854582754235
MA0293.1	6544	0.846065582613329	0.0544774429665735
MA0294.1	6544	0.857183419061245	0.0572449170453494
MA0295.1	6544	0.79993669134682	0.0617981837775295
MA0296.1	6544	0.768883240402615	0.0435140374060013
MA0297.1	6544	0.848204156993364	0.0631248414793082
MA0298.1	6544	0.843087815810921	0.0733871358421261
MA0299.1	6544	0.770846070513542	0.0460734651270396
MA0300.1	6544	0.843347623934932	0.0565574948455056
MA0301.1	6544	0.849297387721356	0.0493124268002944
MA0302.1	6544	0.822893120776441	0.0597964925132069
MA0303.1	6544	0.749094709485403	0.0457513393042503
MA0304.1	6544	0.841478903977472	0.0508732998099301
MA0305.1	6544	0.87586810978729	0.0635766736661317
MA0306.1	6544	0.833786325519361	0.0617775574509858
MA0307.1	6544	0.971194061282714	0.0407227941893262
MA0308.1	6544	0.72552945479121	0.0433479034803706
MA0309.1	6544	0.8850445113832	0.054082538591536
MA0310.1	6544	0.799201254328557	0.0648540741136416
MA0311.1	6544	0.869913857860288	0.0930265438980171
MA0312.1	6544	0.811070773504458	0.0612703066993371
MA0313.1	6544	0.953254687905383	0.0726009888037975
MA0314.1	6544	0.770561707021061	0.0436601034081786
MA0316.1	6544	0.777338605585118	0.0413271597732215
MA0317.1	6544	0.909946907074099	0.0461476487031599
MA0318.1	6544	0.868418134380428	0.0529075527359716
MA0319.1	6544	0.864327974997765	0.0534487875339757
MA0320.1	6544	0.735538354229223	0.068833350086764
MA0321.1	6544	0.799964259570229	0.0478774630458706
MA0322.1	6544	0.809750937179108	0.046743730936888
MA0323.1	6544	0.743544860962366	0.039523553955052
MA0324.1	6544	0.79187122675879	0.0589979732655693
MA0325.1	6544	0.808966874681472	0.057824192922525
MA0326.1	6544	0.834306926133123	0.0547719873693949
MA0327.1	6544	0.840205072089317	0.0716824024719827
MA0329.1	6544	0.846224839770166	0.0722749115896886
MA0330.1	6544	0.823828783847298	0.0610790762066607
MA0331.1	6544	0.79082174090368	0.0471678442807664
MA0332.1	6544	0.800224123879381	0.0879919056940572
MA0333.1	6544	0.799065632606324	0.0635108617618754
MA0334.1	6544	0.832313793524163	0.0673394415237
MA0335.1	6544	0.796859761482618	0.0622036566632671
MA0336.1	6544	0.791660476793196	0.0384620286415241
MA0337.1	6544	0.813189288844857	0.0749519224470728
MA0338.1	6544	0.799014884520046	0.0754658176354411
MA0339.1	6544	0.812918620044244	0.0693498001765284
MA0340.1	6544	0.915690167094323	0.0794181767075134
MA0341.1	6544	0.843270539623238	0.0879451378197342
MA0342.1	6544	0.841757187904977	0.0849418604748175
MA0343.1	6544	0.741029063082512	0.0381149547346691
MA0344.1	6544	0.718712659876429	0.0724117116368971
MA0345.1	6544	0.819747127104301	0.0447957546588119
MA0346.1	6544	0.827595126550988	0.0444711450029557
MA0347.1	6544	0.74089749602894	0.0465791582211041
MA0348.1	6544	0.796479991996793	0.0567370584914633
MA0349.1	6544	0.827279249777757	0.0684080578101423
MA0350.1	6544	0.745366324081624	0.0523054927862228
MA0351.1	6544	0.75009256539825	0.0500421811893881
MA0352.1	6544	0.758339088275083	0.0634707698305875
MA0353.1	6544	0.664788355745721	0.0749440484888459
MA0354.1	6544	0.803405855955611	0.0590535721729527
MA0355.1	6544	0.845767005058565	0.0625029873892698
MA0356.1	6544	0.982729223845478	0.022658398390606
MA0357.1	6544	0.798305006484463	0.0536707829390944
MA0358.1	6544	0.726535511985202	0.0771187486468338
MA0359.1	6544	0.803417357907629	0.0470191909822079
MA0360.1	6544	0.800017558159417	0.0639035691403234
MA0361.1	6544	0.779883251226194	0.077602151966187
MA0362.1	6544	0.796260933452793	0.0648186651845625
MA0363.1	6544	0.780066112733406	0.0754906526305764
MA0364.1	6544	0.797395774575235	0.0635674305203259
MA0365.1	6544	0.841030719414	0.0621878002994322
MA0366.1	6544	0.877349998939735	0.0824833421948849
MA0367.1	6544	0.864139029007068	0.0442401214490711
MA0368.1	6544	0.801914335335118	0.0816310260133228
MA0369.1	6544	0.771492617227802	0.043874991909643
MA0370.1	6544	0.874330839313052	0.0391045110185555
MA0371.1	6544	0.831674930801576	0.0429801979801364
MA0372.1	6544	0.787429719204433	0.0642169007593287
MA0373.1	6544	0.803837359321644	0.066879336235882
MA0374.1	6544	0.802189458321896	0.0799806700226094
MA0375.1	6544	0.755057278683589	0.0725765593256154
MA0376.1	6544	0.713486747439742	0.0430161363125587
MA0377.1	6544	0.809443407202549	0.0385438145706778
MA0378.1	6544	0.777773698779203	0.0545780103447245
MA0379.1	6544	0.943135257193669	0.0812448551419591
MA0380.1	6544	0.84654867617182	0.062827205781961
MA0381.1	6544	0.869264522650227	0.082985857237432
MA0382.1	6544	0.801208423933902	0.0600796941089062
MA0383.1	6544	0.755683669977	0.0348263227476029
MA0384.1	6544	0.713618278115304	0.054327478188654
MA0385.1	6544	0.808498197236684	0.0532807141782299
MA0386.1	6544	0.768573521061974	0.054345280736321
MA0387.1	6544	0.903975354676271	0.0446009169310688
MA0388.1	6544	0.921361992923591	0.0443234455743169
MA0389.1	6544	0.844180896144255	0.0525506181466566
MA0390.1	6544	0.787649913465874	0.0479261729774101
MA0391.1	6544	0.824923161138875	0.0648130880607408
MA0392.1	6544	0.819550640553941	0.0694863528341328
MA0393.1	6544	0.885613684523471	0.0546341188950081
MA0394.1	6544	0.819516711346124	0.0624008210470377
MA0395.1	6544	0.728721400202362	0.0453778737997062
MA0396.1	6544	0.792800517063082	0.0606508254602989
MA0397.1	6544	0.783170310454964	0.0609720188511105
MA0398.1	6544	0.91407354972456	0.0483454224088826
MA0399.1	6544	0.831447865813272	0.0559127845729498
MA0400.1	6544	0.741769016302719	0.0463350783431632
MA0401.1	6544	0.795604362076162	0.0630668247101696
MA0402.1	6544	0.804425838997818	0.0673211536640677
MA0403.1	6544	0.83086260249783	0.0586281016160942
MA0404.1	6544	0.713327393877673	0.0697247984265407
MA0405.1	6544	0.834917707397068	0.0569205213069316
MA0406.1	6544	0.853633975709151	0.053781031235537
MA0407.1	6544	0.750581035430897	0.0424378217969042
MA0408.1	6544	0.84764478201942	0.0627812143487076
MA0409.1	6544	0.771264880015762	0.0702393704097513
MA0410.1	6544	0.764174840236231	0.0708950889850279
MA0411.1	6544	0.892521665758622	0.0600346877887677
MA0412.1	6544	0.732896132384463	0.0503210428050145
MA0413.1	6544	0.712215600755331	0.043514843567323
MA0414.1	6544	0.861333948495664	0.0819594275058337
MA0415.1	6544	0.733182616695496	0.0457311916731637
MA0416.1	6544	0.803825440613684	0.0641604836274327
MA0417.1	6544	0.951994365517779	0.0388359815897553
MA0418.1	6544	0.720622612466874	0.0362965198784501
MA0419.1	6544	0.8081639277849	0.0474379150941399
MA0420.1	6544	0.80332410222153	0.0611521201485898
MA0421.1	6544	0.749009327407012	0.063586404094625
MA0422.1	6544	0.823624117035462	0.050602588614675
MA0423.1	6544	0.840596286020083	0.0528077254087609
MA0424.1	6544	0.822582752797474	0.0631684768991959
MA0425.1	6544	0.807411637139562	0.0677056494739382
MA0426.1	6544	0.862342094539527	0.073968246571264
MA0428.1	6544	0.812145240168389	0.0577784511604298
MA0429.1	6544	0.80646594142645	0.069452326503836
MA0430.1	6544	0.803762026141941	0.0589104812326528
MA0431.1	6544	0.809686393942621	0.0715564158129679
MA0432.1	6544	0.809949346564738	0.0553859329701933
MA0433.1	6544	0.857431811657827	0.0616646377998561
MA0434.1	6544	0.851316543353446	0.0542923992533218
MA0435.1	6544	0.73402252361566	0.0405998341628196
MA0436.1	6544	0.811942315141887	0.0682915747495703
MA0437.1	6544	0.862260885993715	0.0443098445159031
MA0438.1	6544	0.818643337235025	0.0600116864623379
MA0439.1	6544	0.808670824390678	0.0491395845868327
MA0440.1	6544	0.705361347345692	0.0449771660589702
MA0441.1	6544	0.770931583294319	0.0668226033039446
MA0328.2	6544	0.879268342134359	0.0472258128936236
MA0929.1	6544	0.873936402428473	0.0423442244891673
MA1431.1	6544	0.800200147501043	0.057391437988667
MA1432.1	6544	0.882191381591179	0.0618876776063864
MA1433.1	6544	0.841188406930213	0.0529682226654245
MA1434.1	6544	0.861287709170808	0.0597935078324193
MA1435.1	6544	0.732626837348811	0.0679755715066726
MA1436.1	6544	0.757999991704818	0.0693251636787879
MA1437.1	6544	0.792035110561054	0.0601859071773498
