[SHORT TFBS MATRIX]
MA0004.1	33312	0.857414515164015	0.0663872061946763
MA0069.1	33312	0.772378778818992	0.0384674445080705
MA0071.1	33312	0.833687597287455	0.0541399280427926
MA0074.1	33312	0.75874812463399	0.03986151371716
MA0101.1	33312	0.867191610907763	0.0440956357288259
MA0107.1	33312	0.822276384887684	0.0525487272370129
MA0111.1	33312	0.866277596770009	0.031493282600556
MA0115.1	33312	0.682506236449979	0.0454318598876597
MA0116.1	33312	0.822401199832687	0.0438339074582221
MA0119.1	33312	0.735506344846587	0.0504755344108781
MA0130.1	33312	0.962862582828365	0.0382121612020638
MA0142.1	33312	0.761994783905876	0.0514259306656884
MA0149.1	33312	0.688665482352162	0.0577976714414705
MA0151.1	33312	0.912061516516573	0.0787348340539459
MA0155.1	33312	0.85027673094429	0.0414536014460278
MA0159.1	33312	0.798080268547316	0.0345615458353287
MA0163.1	33312	0.790629627447891	0.0504759078930987
MA0145.2	33312	0.832365933893386	0.0408997599659636
MA0468.1	33312	0.810126125540031	0.0546043652707441
MA0515.1	33312	0.872900965361626	0.0497411476657759
MA0258.2	33312	0.802389020060239	0.0413724375900986
MA0595.1	33312	0.849848061669015	0.0457427535362222
MA0596.1	33312	0.833654007434304	0.0467951039788192
MA0599.1	33312	0.922103793265945	0.0632737440761846
MA0604.1	33312	0.837162161990903	0.0549100002057558
MA0608.1	33312	0.828690554114278	0.0542067092805008
MA0613.1	33312	0.842400430650521	0.0705045836840394
MA0614.1	33312	0.868533194042076	0.0629878724319979
MA0636.1	33312	0.770708631730856	0.0568849894752376
MA0641.1	33312	0.776220706982539	0.0520807524750899
MA0042.2	33312	0.86288753308883	0.0628123746236196
MA0033.2	33312	0.896666759640624	0.0614052755893298
MA0153.2	33312	0.736760513264473	0.0630746164681262
MA0486.2	33312	0.748011364215319	0.0534078721898149
MA0653.1	33312	0.696097277008228	0.0475567385082897
MA0655.1	33312	0.778797572662189	0.0599839546810948
MA0660.1	33312	0.758357448987839	0.0624335206620037
MA0663.1	33312	0.771090452229401	0.0548581103293969
MA0665.1	33312	0.811547189677621	0.0471833237524839
MA0667.1	33312	0.797231032827395	0.0514924617052489
MA0669.1	33312	0.800985137923749	0.0488659390143524
MA0676.1	33312	0.846675526286561	0.0527440421718723
MA0678.1	33312	0.803348917113467	0.0506458130734773
MA0068.2	33312	0.825880526989193	0.0634152645095647
MA0512.2	33312	0.728703878481167	0.0468683977153292
MA0083.3	33312	0.691866075981265	0.0484524618716109
MA0009.2	33312	0.705708301485724	0.0427891873166949
MA0689.1	33312	0.806307708622333	0.0449557040390581
MA0691.1	33312	0.797297675988337	0.05606679750487
MA0696.1	33312	0.764147777583556	0.0481688886779823
MA0713.1	33312	0.786464946027549	0.0659009264276059
MA0715.1	33312	0.758893559300562	0.0734362273907372
MA0724.1	33312	0.832574112614265	0.0586232843121031
MA0728.1	33312	0.715200640225768	0.0451101903219245
MA0729.1	33312	0.698657066732022	0.0415782451005119
MA0730.1	33312	0.713668895042331	0.0418411096356791
MA0731.1	33312	0.67724387195136	0.0448298293759099
MA0472.2	33312	0.799062226371276	0.0539725488626349
MA0736.1	33312	0.77929336167442	0.045460513814153
MA0737.1	33312	0.738226770336777	0.0412009502025406
MA0741.1	33312	0.867565863984982	0.0679706663534404
MA0088.2	33312	0.74904945375136	0.042599328697778
MA0758.1	33312	0.691370731427584	0.0487944058487593
MA0770.1	33312	0.761898918004011	0.0521154034924338
MA0771.1	33312	0.789197607303638	0.0481681325463543
MA0773.1	33312	0.769325589319334	0.0649289358593809
MA0774.1	33312	0.868741397775666	0.0551633921375626
MA0776.1	33312	0.747182507135719	0.0446457017574238
MA0777.1	33312	0.71455749830237	0.041518213825176
MA0105.4	33312	0.710903533792217	0.0536548157992533
MA0780.1	33312	0.744296582933862	0.0703077874048373
MA0783.1	33312	0.72776305777741	0.0511762140294943
MA0787.1	33312	0.782710518178303	0.0653326966417578
MA0788.1	33312	0.776972102529759	0.0639063887015112
MA0789.1	33312	0.805905875028376	0.0692707571535322
MA0792.1	33312	0.828331880856834	0.0648330937082785
MA0794.1	33312	0.760786435439354	0.0434618177582706
MA0795.1	33312	0.761547997228477	0.052114914925579
MA0796.1	33312	0.70244109209377	0.0541705324347662
MA0797.1	33312	0.735473218818239	0.0503599448635712
MA0511.2	33312	0.832516714956937	0.0484602621942445
MA0801.1	33312	0.857565220922342	0.0490792269706106
MA0803.1	33312	0.836125102127576	0.0532576986862393
MA0805.1	33312	0.835594380731843	0.0542466448438936
MA0806.1	33312	0.864559091299799	0.0477075231530775
MA0807.1	33312	0.873996709203834	0.0452639365146582
MA0808.1	33312	0.876279988627721	0.0531741878671237
MA0813.1	33312	0.803591845163356	0.0574169872760925
MA0815.1	33312	0.795209696550354	0.0599305331456478
MA0816.1	33312	0.833267063754891	0.0524508186930313
MA0822.1	33312	0.719486327286855	0.0540401291651758
MA0823.1	33312	0.797935030009416	0.0621929755148286
MA0826.1	33312	0.785339973162286	0.0535786731986772
MA0827.1	33312	0.827454183760738	0.0460214823314078
MA0838.1	33312	0.778233697126104	0.0488177930241056
MA0845.1	33312	0.812809630372097	0.0631363601338206
MA0032.2	33312	0.841746707580003	0.0617556026656001
MA0848.1	33312	0.882335746625473	0.058810491710477
MA0849.1	33312	0.867211032544549	0.061469233129733
MA0850.1	33312	0.919268038329788	0.0438453480974522
MA0855.1	33312	0.725455856285541	0.0470019168422653
MA0856.1	33312	0.735991833603176	0.0462816591455943
MA0857.1	33312	0.689475209797416	0.0464268269597876
MA0858.1	33312	0.706823702892303	0.0435135602073161
MA0860.1	33312	0.697291584291757	0.0433611362861514
MA0525.2	33312	0.702525497129244	0.0397438589152831
MA0106.3	33312	0.71186197504369	0.038803127082776
MA0862.1	33312	0.814111557958941	0.0509252222312589
MA0863.1	33312	0.726222256016845	0.0409463131506543
MA0024.3	33312	0.761366506263173	0.0470245197184132
MA0866.1	33312	0.703223379293056	0.0530535189912507
MA0870.1	33312	0.704395938927153	0.0528893300103248
MA0872.1	33312	0.789367328139849	0.0614211091355396
MA1124.1	33312	0.717754843262336	0.0569128895497546
MA1155.1	33312	0.739425913890918	0.0465287416958057
MA1127.1	33312	0.757321881570246	0.0591403001127246
MA1129.1	33312	0.767530250069125	0.0585752404019532
MA1136.1	33312	0.78248204671919	0.0567518884652615
MA1420.1	33312	0.74951196121583	0.04055624802562
MA1421.1	33312	0.779084059654324	0.048328435150026
MA1468.1	33312	0.85486812877078	0.0412050894014303
MA1485.1	33312	0.763386708110819	0.0458346417688825
MA1489.1	33312	0.78192167987512	0.076488051633261
MA1493.1	33312	0.799267632344896	0.0448431583592661
MA1509.1	33312	0.793770203988803	0.046562223526127
MA1538.1	33312	0.735637516575825	0.0433081407179193
MA1539.1	33312	0.721183301138919	0.0442103055086284
MA1555.1	33312	0.761321037005898	0.0419821678025791
MA1556.1	33312	0.756556109928709	0.0440574489532497
MA1557.1	33312	0.785405912632057	0.0473077373047384
MA1570.1	33312	0.866340888549449	0.0476827218608216
MA1571.1	33312	0.751448643530631	0.0470919291576794
MA1572.1	33312	0.759381026549002	0.0466154339746435
MA1580.1	33312	0.792366711323366	0.0577156418704389
MA1587.1	33312	0.772813137891205	0.0464294695049587
MA1588.1	33312	0.73567607729553	0.0435706598258816
MA1594.1	33312	0.685146542170344	0.0324399800337961
MA1596.1	33312	0.757897461730194	0.0622061347543055
MA1597.1	33312	0.706868369429872	0.0415105799994461
MA0158.2	33312	0.872501291329917	0.0567935973720938
MA0912.2	33312	0.830705792596167	0.0619934014260445
MA0623.2	33312	0.801110645656336	0.051505954700754
MA2093.1	33312	0.8898142430085	0.0524925000169247
MA2094.1	33312	0.780077767318095	0.036178342297758
MA2095.1	33312	0.801477470482189	0.0524240551355915
MA2096.1	33312	0.832990984842908	0.0508909794744654
MA1715.1	33312	0.728776311409369	0.0428874705437199
MA2097.1	33312	0.773138776491195	0.0486140471885539
MA2098.1	33312	0.841934212494318	0.0565884709645434
MA2099.1	33312	0.870776404381123	0.0572446953847174
MA1718.1	33312	0.66688227148552	0.0427066505605822
MA2100.1	33312	0.647293601922706	0.0419378464050186
MA2101.1	33312	0.778725811241817	0.0488498291165352
MA1684.1	33312	0.950026522534517	0.0640101043444669
MA2102.1	33312	0.788184843937148	0.0581367971795232
MA1931.1	33312	0.735351528803297	0.0444517328218368
MA1957.1	33312	0.747762263950683	0.0427913287886428
MA1962.1	33312	0.738560727294293	0.0511680414217915
MA1972.1	33312	0.822884943510545	0.0435244554191821
MA1980.1	33312	0.778451311539045	0.0388225460913212
MA1985.1	33312	0.74426927710656	0.0456225774124956
MA2117.1	33312	0.852752280015833	0.0652696004140004
MA2118.1	33312	0.833935243590654	0.0637939966951478
MA2119.1	33312	0.880250823660063	0.0631814014349953
MA2120.1	33312	0.825823524068898	0.0400340434080106
MA2121.1	33312	0.813830928593296	0.0623888847741733
MA2122.1	33312	0.782843447522212	0.0532161850261653
MA2123.1	33312	0.841854918207122	0.0510436188075109
MA2124.1	33312	0.837062402514434	0.0897177032081494
MA2125.1	33312	0.853598256756873	0.0573563322005599
MA2126.1	33312	0.823576701663617	0.0656036078449077
MA0079.5	33312	0.886358644754518	0.0860187825170882
MA0509.3	33312	0.701778521894827	0.0506898521985882
MA0516.3	33312	0.896404489705089	0.0772585117710172
MA0607.2	33312	0.778861361835376	0.0511931885867607
MA0685.2	33312	0.900382361762339	0.0787328284036141
MA0740.2	33312	0.904222960712127	0.073856519575338
MA0742.2	33312	0.88257662132088	0.0834464008013765
MA0798.3	33312	0.704318247595618	0.0491772341996699
MA0818.2	33312	0.796016649094298	0.0513025535109713
MA0821.2	33312	0.810324606152797	0.0554235708823566
MA0831.3	33312	0.759516723737401	0.0589804755197125
MA0878.3	33312	0.810888543859702	0.0583231185678102
MA0884.2	33312	0.771127557516222	0.0582157642821291
MA1511.2	33312	0.893365045017601	0.0786997894344624
MA1532.2	33312	0.748903106561416	0.039862228703191
MA1547.2	33312	0.846666436528359	0.0618877315306535
MA1563.2	33312	0.910598107730458	0.049787465030676
MA1573.2	33312	0.735139279363734	0.0595903927802252
MA1601.2	33312	0.781669500731254	0.0437200669818546
MA1633.2	33312	0.799506603916087	0.0581083564745465
MA2323.1	33312	0.695387237078917	0.0489936148141042
MA2324.1	33312	0.867799182367699	0.0585403968860574
MA2325.1	33312	0.80922919986422	0.0527169439460365
MA2326.1	33312	0.924530116767386	0.0737017564551544
MA2327.1	33312	0.831833184366573	0.0695890770837761
MA2328.1	33312	0.820806981592302	0.087545279138559
MA2329.1	33312	0.820604635163667	0.0600312797444614
MA2330.1	33312	0.801603366474621	0.0607622419316413
MA2331.1	33312	0.676575316526437	0.0363492506705861
MA2332.1	33312	0.831572573593771	0.0558480943257553
MA2333.1	33312	0.828997434675628	0.0767050676025639
MA2334.1	33312	0.742731793582013	0.0439600000352719
MA2335.1	33312	0.648473617394885	0.0441273651538334
MA2336.1	33312	0.869876977531213	0.0588657750680123
MA2337.1	33312	0.919762656707908	0.0730271352612816
MA2338.1	33312	0.865799189293459	0.059529595050139
MA2339.1	33312	0.84504183924467	0.0567557537813312
MA2340.1	33312	0.79150618054631	0.0557689076313438
MA2341.1	33312	0.884733826076244	0.0547415643742281
MA0619.2	33312	0.887820137865602	0.077612779394959
MA0006.2	33312	0.92578833194697	0.0695280671672275
MA0854.2	33312	0.816058631255345	0.0718698559591244
MA0634.2	33312	0.890271837701202	0.0685483316980214
MA0853.2	33312	0.772462507832817	0.0574536841786286
MA0690.3	33312	0.801434336015355	0.0467408307991885
MA0007.4	33312	0.733756859217317	0.0445819536960609
MA1463.2	33312	0.805606346283793	0.0768705179378014
MA0601.2	33312	0.871714396072077	0.0811939901866556
MA0602.2	33312	0.827243733614456	0.0739164953458963
MA0259.2	33312	0.912755900019954	0.0760888684967427
MA1464.2	33312	0.814829104668797	0.0654542828845933
MA0603.2	33312	0.821874527843514	0.0612978612088376
MA0874.2	33312	0.801098425788138	0.0631472691054938
MA1100.3	33312	0.883031328516788	0.0506386190810942
MA1631.2	33312	0.848670524650498	0.0564370679592595
MA1632.2	33312	0.796493361990844	0.062554379875433
MA1988.2	33312	0.851551632064839	0.0651791054233271
MA0605.3	33312	0.751994121074697	0.0659324812639611
MA0833.3	33312	0.785960518156632	0.0546744665651601
MA1466.2	33312	0.732977013655663	0.0453924911187694
MA0834.2	33312	0.740572926564525	0.0636456953509411
MA0461.3	33312	0.85222135457055	0.0525631962196655
MA1467.3	33312	0.866053671091942	0.0606231784796249
MA0591.2	33312	0.777395494645719	0.0466141171970928
MA0496.4	33312	0.783790797225055	0.0561346105999283
MA1101.3	33312	0.765059046117252	0.0531390240812198
MA1470.2	33312	0.706965283685363	0.0418283300276326
MA0877.4	33312	0.876292812698248	0.0574895250636913
MA0635.2	33312	0.917641648422809	0.0525119499182654
MA0875.2	33312	0.907011008388834	0.0671551636796097
MA1471.2	33312	0.849477304439742	0.0634666572666884
MA1634.2	33312	0.848960596143834	0.0668005198000616
MA0462.3	33312	0.84915258218909	0.066616885528199
MA0489.3	33312	0.818104663848055	0.0631136812141422
MA0488.2	33312	0.814702629523762	0.0566593560430025
MA0835.3	33312	0.852553401830066	0.0651064884933248
MA1989.2	33312	0.816257174350335	0.0583556704656012
MA0463.3	33312	0.761083201999913	0.0454059985462962
MA1472.3	33312	0.833838461300083	0.0578147238147168
MA1635.2	33312	0.86658910040262	0.079462005184126
MA0817.2	33312	0.783967087158251	0.054182872448791
MA0464.3	33312	0.819196953509079	0.0643195618694796
MA1928.2	33312	0.842184237305443	0.0696797433786146
MA0876.2	33312	0.920213814161758	0.0643244775696985
MA0465.3	33312	0.822937362983107	0.0653354467323509
MA1473.2	33312	0.830759444460579	0.0645484858604618
MA0102.5	33312	0.788881738947805	0.0544298245072455
MA0466.4	33312	0.744354371427339	0.0488675694492506
MA0836.3	33312	0.827015404583328	0.0602619098512519
MA0837.3	33312	0.747791464577385	0.0486267181261079
MA1636.2	33312	0.787900248762449	0.0535712213189263
MA0819.3	33312	0.863662493489667	0.0567489289394333
MA0018.5	33312	0.820459245181058	0.0697550674561518
MA0638.2	33312	0.766495261672021	0.0466938848338419
MA0839.2	33312	0.737631309577606	0.0442744081437849
MA1474.2	33312	0.805935742441879	0.0479865790141623
MA1475.2	33312	0.809457036709068	0.058069567035432
MA0840.2	33312	0.765292514989228	0.0638162727571533
MA0609.3	33312	0.750800565070606	0.064515280324737
MA0467.3	33312	0.857221205570084	0.0700579405468203
MA0139.2	33312	0.800383023967296	0.0478714868538006
MA1929.2	33312	0.686381692224378	0.0396158877538174
MA1930.2	33312	0.677753124840822	0.0378731707568383
MA1102.3	33312	0.854755798324887	0.0650759119746078
MA0754.3	33312	0.780740654016188	0.056932271416023
MA0650.4	33312	0.838791602409041	0.0629706527004713
MA0901.3	33312	0.815945662569647	0.0693178066073199
MA0755.2	33312	0.782389708083087	0.0618777691082897
MA0639.2	33312	0.796657197731054	0.0571632157029317
MA0019.2	33312	0.838165036108426	0.0424545838773459
MA0879.3	33312	0.907078464764157	0.0582183503250155
MA0885.3	33312	0.809644231894185	0.0584132847001044
MA0880.2	33312	0.892110560456396	0.0668896953662768
MA0881.2	33312	0.894663810303186	0.0649104698999918
MA1476.3	33312	0.810795390617861	0.0595503065849108
MA0882.2	33312	0.895683070102198	0.066151573289518
MA0883.2	33312	0.825314063587976	0.0518879308305426
MA1603.2	33312	0.816832561516943	0.0642852902891269
MA0610.2	33312	0.863056108605899	0.0632292559600832
MA1707.2	33312	0.834793566924193	0.0524985191785478
MA1478.2	33312	0.940001807103994	0.0474028959360122
MA1479.2	33312	0.801423967904307	0.050956703063617
MA1480.2	33312	0.817442003586412	0.0531695562769271
MA1481.2	33312	0.889825618495987	0.0723819021878876
MA0611.3	33312	0.752196343688662	0.0611261041290192
MA0864.3	33312	0.763909982591341	0.0457477798492315
MA0469.4	33312	0.69890972217891	0.0433690988802105
MA0756.3	33312	0.8084416538378	0.0557101253054258
MA0470.3	33312	0.747104515763882	0.0455656978306148
MA0471.3	33312	0.867443636035295	0.0588262939117708
MA0865.3	33312	0.833233014767824	0.0553642520277033
MA0154.5	33312	0.788001750806627	0.0545966335866369
MA1604.2	33312	0.817330696298288	0.0593171498193553
MA1637.2	33312	0.81663846722758	0.0617241574816064
MA0162.5	33312	0.827470014777694	0.0670461518390267
MA0732.2	33312	0.783137298162117	0.0665910434628999
MA0733.2	33312	0.805747988222146	0.0608825692168619
MA0598.4	33312	0.851545310566929	0.054738399304784
MA0473.4	33312	0.835558233170505	0.0560923421851482
MA1483.3	33312	0.834499571329051	0.0511547826707242
MA0640.3	33312	0.851515409876947	0.0538374041013237
MA0136.4	33312	0.873234885254122	0.0540093662941027
MA0028.3	33312	0.805689479629858	0.0600093478311281
MA0800.2	33312	0.825500945343484	0.0493893626624282
MA1708.2	33312	0.875069422644957	0.0484956251158733
MA1495.2	33312	0.899218447541483	0.0620309546564474
MA1932.2	33312	0.733802753156278	0.0399720704538019
MA0779.2	33312	0.74911623925741	0.0355876769106747
MA0014.4	33312	0.825420461285936	0.0545103635022938
MA0781.2	33312	0.723844971981351	0.038055961228641
MA0686.2	33312	0.808734187736551	0.0479267618335288
MA1933.2	33312	0.739567610417812	0.0435704357008507
MA0828.3	33312	0.742931060182116	0.057607731341389
MA0843.2	33312	0.788804250961682	0.0559999317808572
MA0759.3	33312	0.809226583767455	0.0608302691306648
MA0076.3	33312	0.857264536324383	0.0564919890526965
MA0612.3	33312	0.86900080664714	0.0758996546351163
MA0886.2	33312	0.871175732973948	0.0751249259772825
MA0027.3	33312	0.901083139553186	0.066829534959256
MA0642.3	33312	0.883773664085796	0.0609227282679074
MA0760.2	33312	0.83841732574446	0.0503654508026986
MA1934.2	33312	0.786887440606207	0.0456927487822143
MA0820.2	33312	0.926410348763905	0.0601806544545985
MA1935.2	33312	0.878802545226176	0.0416496521717068
MA1936.2	33312	0.848758029478085	0.0378931703045984
MA0480.3	33312	0.857539182381601	0.0627840378968028
MA1937.2	33312	0.811557418661755	0.0405110235664851
MA0058.4	33312	0.854818998685132	0.0701802824906625
MA1938.2	33312	0.754960806144585	0.0393320721276812
MA0048.3	33312	0.835928083357097	0.0566348574477604
MA1939.2	33312	0.736730065921893	0.0373146664961093
MA0474.4	33312	0.829490379951044	0.0522826817091706
MA0112.4	33312	0.720551851061733	0.0455647875679779
MA0592.4	33312	0.807981250750957	0.0579980003677354
MA0141.4	33312	0.788135950564557	0.0564184015448674
MA0643.2	33312	0.836360349053458	0.0527222291459821
MA0644.3	33312	0.868664180834659	0.066875672041698
MA0098.4	33312	0.852873590049059	0.0511874619194608
MA1484.2	33312	0.849677042216744	0.0522289838229152
MA0761.3	33312	0.841960161474599	0.0546239035789147
MA0762.2	33312	0.828785084864419	0.0512755859566522
MA1940.2	33312	0.777589548885812	0.0450084896818288
MA1941.2	33312	0.772278178088339	0.0453167931376655
MA1942.2	33312	0.834869993861911	0.0471286342626578
MA1943.2	33312	0.783904825348857	0.0408841665214559
MA0763.2	33312	0.843901996239868	0.0470219893343693
MA0764.4	33312	0.835877987735191	0.0556913941532308
MA0765.4	33312	0.805877046770221	0.0592536244609632
MA1944.2	33312	0.788849622925358	0.0419382730278172
MA1945.2	33312	0.778628526229873	0.045243609412129
MA1946.2	33312	0.82162412748337	0.0390437264079589
MA1947.2	33312	0.856755774864957	0.0415934180153659
MA1948.2	33312	0.794251568921699	0.0394464303443277
MA0900.3	33312	0.866114705698222	0.0786658713929355
MA0645.2	33312	0.855210551953823	0.0541521073043477
MA0887.2	33312	0.90633909431679	0.0642385428999656
MA0888.2	33312	0.90561460809099	0.0642498325692283
MA0156.4	33312	0.807620403338027	0.057430181688123
MA0475.3	33312	0.836449089771925	0.052975804976041
MA1949.2	33312	0.759549029765591	0.0397438695298363
MA1950.2	33312	0.819422891924334	0.0484283311134203
MA0476.2	33312	0.831500156130182	0.0648518820203073
MA1951.2	33312	0.724871824462116	0.0559216389416082
MA0099.4	33312	0.825433992564459	0.0553224145557348
MA1126.2	33312	0.780303766182618	0.0578813293531484
MA1134.2	33312	0.812007484190404	0.0583523827706943
MA1140.3	33312	0.73174936677657	0.0607114199165958
MA0490.3	33312	0.78473790401906	0.0617775965564775
MA1141.2	33312	0.81676560368717	0.0575748251643134
MA0492.2	33312	0.813357818703826	0.0552921390903467
MA0491.3	33312	0.785104463149434	0.0614870253050255
MA1135.2	33312	0.819307638925106	0.0581942823764756
MA0477.3	33312	0.796783454020764	0.0611450567276964
MA1128.2	33312	0.821170141497703	0.0563534874710915
MA1137.2	33312	0.823322860795089	0.0547363186433946
MA1142.2	33312	0.865981894519199	0.051100235797436
MA1143.2	33312	0.825234231335414	0.0533524343037834
MA0478.2	33312	0.833775496496393	0.0552003382227398
MA1130.2	33312	0.825220729454191	0.0565618182724121
MA1131.2	33312	0.787478921548294	0.0600345859212749
MA1138.2	33312	0.814644891351847	0.0595094886634529
MA1139.2	33312	0.760709706988949	0.0636399917147107
MA1144.2	33312	0.816262340382656	0.05787339710752
MA1145.2	33312	0.783907231153295	0.0614364827805243
MA0148.5	33312	0.820450471793662	0.0637543124081671
MA0047.4	33312	0.849872911224404	0.0652906258490737
MA1683.2	33312	0.851410589836683	0.0669291465762689
MA0846.2	33312	0.843581939754667	0.0616028079295475
MA0031.2	33312	0.857167895254095	0.0636070672907013
MA0847.4	33312	0.830774746085557	0.0614795271705728
MA0041.3	33312	0.806367676265746	0.0638017735018184
MA1487.3	33312	0.81485792790403	0.0599574472669258
MA1606.2	33312	0.865277353035984	0.0684949363629167
MA0030.2	33312	0.827143883704321	0.060883189490305
MA0479.2	33312	0.846941892028233	0.0587584152928975
MA1952.2	33312	0.837943236240691	0.0458773729769073
MA0682.3	33312	0.872720159429363	0.0665953538479723
MA0851.2	33312	0.839171667144511	0.0648215852337779
MA0852.3	33312	0.861943302270732	0.0630964703151832
MA1103.3	33312	0.852969359985669	0.0672328511344883
MA1607.2	33312	0.805161782890346	0.0635299745627659
MA1953.2	33312	0.80583801489866	0.0432616492239485
MA1954.2	33312	0.800458817991561	0.0463840758053348
MA1955.2	33312	0.794713580298671	0.045113434562366
MA1956.2	33312	0.788463592649606	0.0442447511815339
MA0157.4	33312	0.858286649358521	0.064395569812418
MA0481.4	33312	0.855385121629182	0.0665097211118452
MA0593.2	33312	0.857910699614842	0.0614828091610158
MA0040.2	33312	0.829201918606355	0.0597429012327841
MA0062.4	33312	0.818311002187055	0.0530059783067885
MA0035.5	33312	0.855597575816176	0.059026336790976
MA0140.3	33312	0.779085506113689	0.0486272929988286
MA0036.4	33312	0.852260829312386	0.0641491181091736
MA0037.5	33312	0.829748998899682	0.0590130867238017
MA0482.3	33312	0.834960580442718	0.0558686293344575
MA0766.3	33312	0.872200762040151	0.0556162825044197
MA1104.3	33312	0.830281425192792	0.0596568086272403
MA0889.2	33312	0.861515339727761	0.070323300264762
MA0890.2	33312	0.878040969406302	0.0742250706759771
MA0646.2	33312	0.808371242623376	0.0432773078561318
MA0143.5	33312	0.86459939304315	0.0598160807081779
MA0767.2	33312	0.849272209299425	0.0459402105988898
MA0038.3	33312	0.805996108601472	0.0493988065785307
MA0483.2	33312	0.849091209465795	0.047913347086103
MA1990.2	33312	0.799437297053486	0.0493612337357794
MA0734.4	33312	0.820095580330567	0.0509618107236855
MA1491.3	33312	0.724079842669866	0.0430016060198132
MA0735.2	33312	0.699666406658244	0.0444104118072162
MA0615.2	33312	0.880845881022045	0.0589171486328078
MA0647.2	33312	0.77192020299648	0.0528913663020485
MA1105.3	33312	0.82725177990897	0.0551546883274311
MA0648.2	33312	0.881939911565097	0.0677282869017898
MA0891.2	33312	0.895685254315268	0.0582225140055656
MA0892.2	33312	0.918615597246845	0.0552381417801368
MA0893.3	33312	0.913449455551857	0.0532050073485985
MA0092.2	33312	0.892325274720697	0.0395363005050583
MA0522.4	33312	0.881162134859384	0.0589964307648615
MA1638.2	33312	0.889925207603818	0.0685573232872699
MA1099.3	33312	0.858038897951825	0.0672670095114388
MA0616.3	33312	0.815300657489845	0.0654295079277355
MA0894.2	33312	0.877620613246856	0.0772264358174111
MA0649.2	33312	0.824625350362344	0.0564573981498801
MA0739.2	33312	0.877463302545578	0.0457017322797326
MA0738.2	33312	0.951793320520883	0.0435594832116338
MA1106.2	33312	0.853874242606597	0.0644565658155435
MA0131.3	33312	0.844928254484567	0.0586678611257471
MA0043.4	33312	0.801926841237569	0.0616301117984474
MA0895.2	33312	0.88055407166312	0.0564211542756316
MA0896.2	33312	0.811653118482582	0.0572048256264925
MA0897.2	33312	0.759981050772104	0.0523628794894558
MA0898.2	33312	0.813576161775961	0.0581143401835187
MA1991.2	33312	0.815122045925823	0.0501927231614193
MA0046.3	33312	0.750509486713276	0.0634521739310391
MA1494.2	33312	0.735068872204181	0.0451555280679443
MA0114.5	33312	0.804023617588207	0.05537432047682
MA0484.3	33312	0.807681463322111	0.0544088383033943
MA0899.2	33312	0.852103118025178	0.0637612973384801
MA0911.2	33312	0.833578702837723	0.0502605422692119
MA1496.2	33312	0.910242253349765	0.048253191371567
MA1497.2	33312	0.891219046265968	0.0528144127089392
MA1498.3	33312	0.924214601659326	0.0585708904443841
MA0594.3	33312	0.887012072904208	0.0454746586581745
MA0902.3	33312	0.910349820024379	0.0709591333565361
MA1566.3	33312	0.822229584440106	0.0492152806719882
MA0903.2	33312	0.916124655345004	0.0636437606057807
MA1499.2	33312	0.888542009612503	0.0751723532092266
MA0904.3	33312	0.885623160114225	0.0699264696470877
MA1500.2	33312	0.905962290972824	0.0502796059943503
MA1501.2	33312	0.875206663939706	0.0546788728973249
MA1502.2	33312	0.889433986661381	0.0632684557007858
MA1503.2	33312	0.805725590241636	0.0555148381576951
MA0905.2	33312	0.844092420016365	0.0556261636213116
MA0651.3	33312	0.747051362545987	0.0508280080406006
MA0906.2	33312	0.786084932147303	0.0510928919003017
MA0907.2	33312	0.793962780267682	0.0565387156014619
MA1504.2	33312	0.907128910553296	0.0679772488038476
MA1505.2	33312	0.912626617923609	0.0570407369678097
MA0485.3	33312	0.792631558864345	0.0569550492954107
MA1506.2	33312	0.784088472457098	0.0515953508544252
MA0908.2	33312	0.828477630596458	0.0553200993237227
MA0873.2	33312	0.794707464639724	0.0501680628671943
MA1958.2	33312	0.733586978458615	0.0433488132505878
MA0909.4	33312	0.84349193395331	0.0743119175446828
MA1507.2	33312	0.901937519103429	0.07188089000331
MA0910.3	33312	0.889515806632398	0.0632267004500525
MA0913.3	33312	0.833746691024932	0.0643424860344242
MA1508.2	33312	0.86277068015683	0.0555264900040698
MA1992.2	33312	0.846665239763232	0.0532004277023932
MA0050.4	33312	0.794601757311452	0.0579189816969902
MA0051.2	33312	0.769840945444351	0.045566544258303
MA1418.2	33312	0.72456044686437	0.0477283037374022
MA1419.2	33312	0.705276461389407	0.0461306944468198
MA0772.2	33312	0.770615096230066	0.0518998453131796
MA0652.2	33312	0.720380212436827	0.0467422361970353
MA1608.2	33312	0.846033984437327	0.0606146180790402
MA0914.2	33312	0.92032255863172	0.0523733150597646
MA0654.2	33312	0.874625798934161	0.076824394869932
MA0656.2	33312	0.756303938897977	0.0644591596785748
MA1132.2	33312	0.853558561303027	0.0530015641975679
MA1133.2	33312	0.774128489810352	0.0555160511703971
MA0493.3	33312	0.920393664457119	0.0772329650660792
MA1512.2	33312	0.870534478153276	0.0627870625183166
MA0657.2	33312	0.743312358811452	0.0473128165134717
MA1513.2	33312	0.874448739231629	0.10063292156613
MA1514.2	33312	0.785504682744231	0.0512344416936006
MA1515.2	33312	0.911344541553333	0.0679191289517002
MA1516.2	33312	0.838349513243736	0.0680656085379165
MA0039.5	33312	0.89238005897898	0.0732291230552795
MA1517.2	33312	0.886306205385921	0.0600944402548381
MA1959.2	33312	0.908247503380872	0.0803253938366545
MA1107.3	33312	0.819711391167795	0.0625126046222868
MA0618.2	33312	0.873577132045283	0.0598015904843495
MA0699.2	33312	0.89547856261075	0.0633653252120493
MA0768.3	33312	0.833794213160121	0.058200860954337
MA1518.3	33312	0.767668385789547	0.0569529085855139
MA0700.3	33312	0.862856655470764	0.0736513662942041
MA0135.2	33312	0.797881385946735	0.0668378227661012
MA0704.2	33312	0.891593370699331	0.0626583457934481
MA1519.2	33312	0.853671921086128	0.071612638909182
MA0658.2	33312	0.834242086119454	0.0620758355858362
MA0705.2	33312	0.898805032414402	0.0677689720293452
MA0701.3	33312	0.851971300787695	0.0679660054405287
MA0702.3	33312	0.824973902005485	0.0813309635748078
MA0703.3	33312	0.787949859983601	0.0851373802728559
MA1520.2	33312	0.758449746125208	0.0425782577781817
MA0501.2	33312	0.780710734109076	0.0487345965495975
MA0841.2	33312	0.762999491071286	0.0579430976062388
MA1521.2	33312	0.760416717078139	0.0428332498192844
MA0117.3	33312	0.82184400722468	0.0469399799079824
MA0495.4	33312	0.775349442409224	0.0505032775486021
MA0659.4	33312	0.754040889540952	0.0510387682113057
MA0089.3	33312	0.767395440084658	0.0505366742943124
MA0059.2	33312	0.799002879368256	0.0525525458637989
MA0147.4	33312	0.82457817915355	0.0614809524918942
MA1522.2	33312	0.885012186111701	0.0790728347419991
MA0029.2	33312	0.780222083064062	0.053566317223447
MA0052.5	33312	0.797407425500231	0.0668193853411252
MA0497.2	33312	0.826550750166596	0.0579265511663081
MA0498.3	33312	0.958331435970672	0.052726290549286
MA1639.2	33312	0.80991394611588	0.0601649432138446
MA1640.2	33312	0.802800658095339	0.0655591643674053
MA0775.2	33312	0.907696712319972	0.0524965003566966
MA0661.2	33312	0.869319124360279	0.0620642518207985
MA0706.2	33312	0.874739427060877	0.0582671375831819
MA1960.2	33312	0.793590369650343	0.048290187198766
MA0620.4	33312	0.776847720074728	0.058027938363023
MA0621.2	33312	0.807440423013606	0.0925845648503894
MA0662.2	33312	0.895730532880943	0.0654214563799413
MA0622.2	33312	0.818799031380083	0.0889007940126729
MA0664.2	33312	0.833800292344015	0.0605886885782802
MA0825.2	33312	0.860129056740928	0.0644736874747918
MA0707.3	33312	0.913146713815639	0.067679181009484
MA1523.2	33312	0.896508720786899	0.0511306413514549
MA1524.3	33312	0.809789681505604	0.0497056442582902
MA0666.3	33312	0.882466325173162	0.070102431440344
MA0708.3	33312	0.888255285346301	0.0666338054361849
MA0709.2	33312	0.872606382940162	0.0747337679851093
MA1108.3	33312	0.885367325639106	0.0674488668751046
MA0100.4	33312	0.880312238014536	0.0645331406712935
MA0104.5	33312	0.805840994829849	0.0609932541347674
MA1641.2	33312	0.828748260191764	0.0604117789123481
MA0499.3	33312	0.838016189396812	0.0523790403186572
MA0500.3	33312	0.845559037091106	0.0672011613113218
MA0056.3	33312	0.841963706775992	0.0536948718800813
MA1109.2	33312	0.855311690604868	0.0547348765318413
MA1993.2	33312	0.8687363941789	0.0781430198187596
MA0668.3	33312	0.853594809212719	0.0542096083047543
MA1642.2	33312	0.869866047644991	0.0588013118894569
MA0606.3	33312	0.853074191847349	0.0574890202612707
MA0624.3	33312	0.90629845688233	0.0706033589978219
MA0152.3	33312	0.846364672366925	0.0609729801108283
MA0625.3	33312	0.952847248832351	0.0419877269628624
MA1525.3	33312	0.872031149914086	0.0541047497268197
MA0150.3	33312	0.778717053876872	0.0493929216157639
MA0670.2	33312	0.865714056996478	0.074212643700196
MA1643.2	33312	0.711977892081606	0.047929917513881
MA0161.3	33312	0.860949674043078	0.0620902703841522
MA1527.2	33312	0.744538344055767	0.0525785732457691
MA0025.3	33312	0.804580937497324	0.0645053751973441
MA0671.2	33312	0.946389106266802	0.0395910474701843
MA1528.2	33312	0.760766148925621	0.052572318300875
MA0778.2	33312	0.757281599013448	0.057920391097953
MA0060.4	33312	0.84700505433023	0.0638184501789677
MA0502.3	33312	0.831033707264244	0.0598769752066692
MA1644.2	33312	0.862379169082549	0.0660735252848865
MA1529.2	33312	0.738969377147406	0.0488275899969041
MA1994.2	33312	0.846863971579589	0.0636312113386397
MA1645.2	33312	0.840174032588934	0.0507210456614355
MA0672.2	33312	0.88218672548548	0.0494553443179906
MA2003.2	33312	0.895862378424389	0.0417705119770769
MA0063.3	33312	0.862004100324365	0.0562351194110277
MA0673.2	33312	0.907005009218751	0.0397808668574178
MA0124.3	33312	0.873825979913168	0.0529286760649014
MA0122.4	33312	0.805996772919783	0.0556793779990475
MA0674.2	33312	0.883101842751392	0.0632523210903807
MA0675.2	33312	0.914269689452665	0.0656008856640946
MA1530.2	33312	0.876914248045463	0.0571295069239944
MA0125.2	33312	0.896825724930719	0.0650253272632982
MA0710.2	33312	0.885105586661155	0.0639562109415649
MA0626.2	33312	0.850225238707218	0.0571852255411062
MA1995.2	33312	0.828783856050812	0.0568055189185777
MA1531.2	33312	0.771917521273695	0.0398799740530717
MA1996.2	33312	0.888467375795807	0.0676981982376839
MA0494.2	33312	0.808029757426311	0.0346888045908013
MA1110.3	33312	0.897184770508079	0.0642081607491261
MA1146.2	33312	0.76736117969879	0.0391144538447434
MA1533.2	33312	0.792490061223428	0.0361778668544879
MA1534.2	33312	0.871381761699832	0.0533423327144389
MA1535.2	33312	0.932375198550082	0.0610993750326377
MA0504.2	33312	0.823977849884041	0.0384630832542426
MA1536.2	33312	0.959483527848535	0.0362524405829772
MA0164.2	33312	0.851890940924755	0.0719910685757465
MA0017.3	33312	0.822727549400434	0.0523544615171795
MA1537.2	33312	0.760183840838983	0.0441919115431435
MA1111.2	33312	0.865045233011012	0.0603987045930662
MA0677.2	33312	0.751626447101473	0.0456322922925425
MA0113.4	33312	0.736030768482802	0.0480135851296613
MA0727.2	33312	0.736870918528482	0.0479120454990594
MA1112.3	33312	0.84488878185554	0.0570822437772224
MA0160.3	33312	0.867306326929238	0.0502741974443034
MA1147.2	33312	0.781709502713177	0.0387381672048007
MA1540.3	33312	0.765520187205213	0.0575993980964115
MA0505.3	33312	0.816910364981396	0.0576143402502217
MA1541.2	33312	0.769764911504988	0.0448623937891378
MA0506.3	33312	0.774176035657346	0.0765717165665287
MA0842.3	33312	0.795851985853081	0.047114154722039
MA1997.2	33312	0.872178039961966	0.0763179892105144
MA0679.3	33312	0.785783240059846	0.0709299410058239
MA0757.2	33312	0.74937616962074	0.0677937984997611
MA1542.2	33312	0.849353071816602	0.0494113912752524
MA1646.2	33312	0.857931955237375	0.0544894676382072
MA0711.2	33312	0.89083830095468	0.0608450233311422
MA0712.3	33312	0.86273782581746	0.0629535348377297
MA1544.2	33312	0.770555731516646	0.0505536560802364
MA1545.2	33312	0.819864390205797	0.0531480824574248
MA1961.2	33312	0.880842142086571	0.0821856721234511
MA0067.3	33312	0.76860945393391	0.0353157355388425
MA1546.2	33312	0.758086887904257	0.0380129944403362
MA0680.3	33312	0.75024602324272	0.0733128530077467
MA0070.2	33312	0.819965329390749	0.0523828244561793
MA1113.3	33312	0.796858216597497	0.0669842844622301
MA1114.2	33312	0.777374897547235	0.0520565305373692
MA0132.3	33312	0.891641769789738	0.0780959046801687
MA0681.3	33312	0.738086586107215	0.0759790308229373
MA0714.2	33312	0.892437447470933	0.0591891642781808
MA0782.3	33312	0.793164159786259	0.0551134812543542
MA1615.2	33312	0.843699215652722	0.0617536775907313
MA1548.2	33312	0.84426524806771	0.0695293044457472
MA0784.3	33312	0.72918979891647	0.061967589332291
MA0785.2	33312	0.821914434718734	0.0645619555106384
MA0507.3	33312	0.743024798815469	0.0652491843946669
MA0627.3	33312	0.801655040764332	0.0679053959604645
MA0786.2	33312	0.814164663006483	0.0676119418740296
MA0790.2	33312	0.764354505906543	0.0718347368498721
MA0683.2	33312	0.704524082589944	0.0609238807756273
MA0791.2	33312	0.758857011738307	0.0724490495326208
MA1115.2	33312	0.861825418451286	0.0680511611748351
MA0628.2	33312	0.834275108143131	0.0844200013640396
MA1549.2	33312	0.865854337657789	0.0592129163692817
MA0793.2	33312	0.814324116182546	0.0626296921234043
MA1148.2	33312	0.765532103271995	0.0366320027202675
MA1550.2	33312	0.762703284244938	0.0432307899400809
MA0066.2	33312	0.749677216958643	0.0340817785239933
MA0065.3	33312	0.830620500973037	0.0390271866448974
MA0508.4	33312	0.884051705839026	0.0622560714961518
MA1998.2	33312	0.828295756955004	0.051769794911884
MA1616.2	33312	0.790367903457301	0.0470118438554502
MA1647.3	33312	0.802459863361454	0.0499323109349933
MA1999.2	33312	0.786740395306127	0.046595042219987
MA1723.2	33312	0.819700314006252	0.050244708643328
MA0716.2	33312	0.890157661314763	0.0728789291899093
MA0075.4	33312	0.835663633544069	0.0766555187050594
MA1618.2	33312	0.832244490730654	0.0547146459704248
MA1619.2	33312	0.838474030942231	0.0605712217622155
MA1620.2	33312	0.851171337479334	0.0568579275936948
MA1149.2	33312	0.793246657650835	0.0385763010248897
MA1552.2	33312	0.76190543944215	0.0413804242493273
MA0859.2	33312	0.712456033989506	0.0461717184365199
MA1553.2	33312	0.750254602286316	0.0425992282895127
MA0718.2	33312	0.893925969726486	0.0710581278103457
MA0717.2	33312	0.894942391799403	0.0684945791972518
MA1116.2	33312	0.91250213181342	0.0702101514474318
MA1117.2	33312	0.858836732488928	0.0598007912128751
MA0138.3	33312	0.694055916942828	0.0409033379295632
MA0600.3	33312	0.730046921256764	0.0525746814153313
MA0799.3	33312	0.724082272315893	0.0521222998844416
MA0510.3	33312	0.720227899009038	0.0522691184873389
MA1724.2	33312	0.81349959673697	0.0544986313175637
MA1554.2	33312	0.893463463246103	0.0392547254731276
MA0629.2	33312	0.852541751754486	0.0462992330266948
MA0719.2	33312	0.961678518399861	0.0324369581157708
MA0072.2	33312	0.789572698779302	0.0528376289791192
MA1150.2	33312	0.840506643874167	0.0463610770005747
MA1151.2	33312	0.853276875030701	0.0433455803332204
MA0073.2	33312	0.802581322859083	0.0523328147179153
MA0002.3	33312	0.872467410432789	0.0449465684804738
MA0684.3	33312	0.848993633519599	0.0553175493019691
MA1963.2	33312	0.819062958199685	0.0752801954509171
MA0743.3	33312	0.798254834354243	0.0498443438059578
MA0744.3	33312	0.796582493067817	0.0498322838545817
MA0630.2	33312	0.8953216593039	0.0732970945717009
MA0720.2	33312	0.886254989819405	0.0743914056294019
MA1118.2	33312	0.822519002161195	0.0532809148696649
MA1119.2	33312	0.779037353010338	0.0508613739820438
MA0631.2	33312	0.768060008985974	0.0486457630718715
MA2001.2	33312	0.861899945892683	0.059698156163021
MA1964.2	33312	0.900897506160292	0.0643175973056465
MA1153.2	33312	0.87886611853735	0.0631660299648341
MA1558.2	33312	0.89586813497237	0.0567436809911355
MA0745.3	33312	0.846496589742506	0.0570773046183127
MA1559.2	33312	0.847040344429669	0.0529415687507848
MA1560.2	33312	0.811476742968063	0.0607837069635488
MA0442.3	33312	0.898100522129378	0.0715278190893588
MA0869.3	33312	0.855243696533183	0.0535586216520133
MA1561.2	33312	0.779469431394822	0.0486511338515689
MA1120.2	33312	0.859794894635095	0.0627875642081153
MA1562.2	33312	0.798680174901898	0.0524689404453258
MA1152.2	33312	0.921049452093671	0.056693857663268
MA0078.3	33312	0.798416548991586	0.0534632445281831
MA0514.3	33312	0.862589926462591	0.0603545634115163
MA0867.3	33312	0.89062922547649	0.0576268711700397
MA0087.3	33312	0.843655154144243	0.0532547473720876
MA0868.3	33312	0.887753247163086	0.0616455485862922
MA0077.2	33312	0.862967665770852	0.0505371828151483
MA0746.3	33312	0.853808642781312	0.0694904767597294
MA1965.2	33312	0.933575512633814	0.08018450458249
MA0747.2	33312	0.878139183485226	0.05509170491666
MA1564.2	33312	0.877770439544377	0.0699170754224607
MA0080.7	33312	0.782376501332125	0.0492738247772993
MA0081.3	33312	0.793835356039477	0.0472428615244403
MA0687.2	33312	0.814428193104244	0.0425327541855871
MA0829.3	33312	0.783935940225469	0.0534178981637392
MA0084.2	33312	0.917011490169346	0.054696446011879
MA0137.4	33312	0.854655050332209	0.0560471767666795
MA0517.2	33312	0.809439296768676	0.0517699979161219
MA1623.2	33312	0.81932696977283	0.0651501869924834
MA0144.3	33312	0.875620056132745	0.0506364214183035
MA0518.2	33312	0.861386645702338	0.0514884922018464
MA1624.2	33312	0.824853493110449	0.0582816343643134
MA0519.2	33312	0.87271016270703	0.0508626325401363
MA1625.2	33312	0.821400584905827	0.0618597006675765
MA0520.2	33312	0.844937467112774	0.054898228231639
MA0091.2	33312	0.830786676689655	0.04960474581051
MA0108.3	33312	0.889057944484909	0.073107947925517
MA0802.2	33312	0.823146016491118	0.0494123772118533
MA1565.2	33312	0.835886006367834	0.0479680241271711
MA0804.2	33312	0.707644910409512	0.0423165099054393
MA0688.2	33312	0.847564424699772	0.0461288997548324
MA1567.3	33312	0.828878086269788	0.0487175151901674
MA0521.3	33312	0.875988948469517	0.0739924164134162
MA1648.2	33312	0.881696604888947	0.0598138691396964
MA0832.2	33312	0.762849893528519	0.0540373473639073
MA1568.2	33312	0.829801618848422	0.0419846892778851
MA0830.3	33312	0.862256353004984	0.0571200747596479
MA0769.3	33312	0.871308564248959	0.0630350826529026
MA0523.2	33312	0.8587350624527	0.0511284824379404
MA0632.3	33312	0.85003883909402	0.0690836857801777
MA0090.4	33312	0.811908334795054	0.056060195822185
MA1121.2	33312	0.860596521444014	0.0585804650442369
MA0809.3	33312	0.839049377837286	0.0562937171690859
MA0810.2	33312	0.877636650690887	0.053999132061871
MA0003.5	33312	0.833204752428161	0.062897516386386
MA0811.2	33312	0.862084803039468	0.0529470865851992
MA0812.2	33312	0.853210813672862	0.0629981054853612
MA0524.3	33312	0.858990421159016	0.0527918260895737
MA0814.3	33312	0.836058351557681	0.0613671253123733
MA1569.2	33312	0.875854096628301	0.070125384468303
MA1966.2	33312	0.793857505134727	0.0459804245355406
MA1967.2	33312	0.730098511787758	0.0465307328985105
MA1968.2	33312	0.81940629825783	0.0473257650194235
MA1122.2	33312	0.850230322677469	0.0658931754557447
MA0692.2	33312	0.850447670626983	0.0558498046111037
MA0871.3	33312	0.80668094078401	0.0631200406156715
MA0597.3	33312	0.867770400327132	0.0557237182198656
MA1969.2	33312	0.737130396714348	0.0379662764112083
MA1574.2	33312	0.806029894219951	0.0389271592776312
MA1575.2	33312	0.7454482885241	0.0430086335161004
MA1576.2	33312	0.743342935280644	0.0372112007319573
MA1577.2	33312	0.871954984454508	0.0901761328605288
MA0861.2	33312	0.745488952741256	0.0429390946157373
MA1970.2	33312	0.823405745673148	0.0612827627083576
MA1123.3	33312	0.844318751858015	0.0548097218330222
MA0633.3	33312	0.869270547263666	0.077846628051907
MA0721.2	33312	0.890615998410026	0.0701703298806026
MA0093.4	33312	0.785102920484426	0.0560211625835832
MA0526.5	33312	0.758353026913193	0.0600299072414641
MA0722.2	33312	0.879604739717925	0.0621807242650458
MA0723.3	33312	0.925669379381038	0.0524339921294084
MA0693.4	33312	0.867064652146877	0.0622829805171076
MA1578.2	33312	0.907295408029351	0.0755949308618664
MA0725.2	33312	0.850440550502786	0.0712657483317235
MA0726.2	33312	0.840780762073078	0.0720097100991543
MA1627.2	33312	0.841934456425755	0.0633943619906904
MA0844.2	33312	0.775607498986418	0.0481598800520548
MA0095.4	33312	0.836476265838231	0.0599642373179482
MA0748.3	33312	0.846603149089601	0.0590182304721622
MA0749.2	33312	0.709032734394981	0.0440426560148273
MA1971.2	33312	0.841216951823302	0.0519294553635946
MA1649.2	33312	0.876491463224133	0.0613857722685818
MA1650.2	33312	0.830605383032301	0.0698446371179446
MA0698.2	33312	0.801053432960757	0.0502429999568248
MA1579.2	33312	0.867274654475059	0.058279385324933
MA0527.2	33312	0.776273301776797	0.0593204074612021
MA1581.2	33312	0.837036372054234	0.0534769908418425
MA0750.3	33312	0.838809051231216	0.0593711521342402
MA0694.2	33312	0.81432087945967	0.0523631611283207
MA0695.2	33312	0.871157504167445	0.0498358152028002
MA0103.4	33312	0.905863148244612	0.0664920732253565
MA2002.2	33312	0.899445079216734	0.0522683681685752
MA1651.2	33312	0.752160890542649	0.0505821455011865
MA1583.2	33312	0.837060284738411	0.0614944239084392
MA0146.3	33312	0.862957192482511	0.061368075650834
MA1628.2	33312	0.887432263808624	0.059805759123482
MA1629.2	33312	0.835073924646104	0.0565047533269168
MA0697.3	33312	0.878183161100423	0.0648415361837838
MA0751.2	33312	0.798652162596065	0.0457202032642898
MA1584.2	33312	0.764595527567737	0.0489377389537927
MA1709.2	33312	0.803316955803756	0.0555692127228497
MA1585.2	33312	0.805096445630509	0.0536508374386753
MA1973.2	33312	0.745010928570535	0.0490615381385604
MA1652.2	33312	0.848183155406649	0.0562604917164349
MA1589.2	33312	0.699144876335512	0.0372451456912154
MA1653.2	33312	0.852778813719672	0.0826948108128737
MA1654.2	33312	0.710248342801164	0.0353336934647736
MA1725.2	33312	0.827625742925711	0.0531631913028393
MA1974.2	33312	0.763926307395886	0.0597831645459724
MA1975.2	33312	0.786679936734814	0.0409411414304348
MA1710.2	33312	0.882574593385712	0.0489896792809731
MA0528.3	33312	0.892783091030643	0.0683133733803509
MA1592.2	33312	0.796382894534302	0.0424584697858391
MA1630.3	33312	0.861028004641146	0.0813816381781567
MA1154.2	33312	0.752520841673775	0.0397502438546057
MA1593.2	33312	0.842867441792474	0.0574664347812596
MA1976.2	33312	0.753680401391758	0.0453994263619543
MA1977.2	33312	0.789022508299212	0.0396875227149388
MA1726.2	33312	0.815941692220437	0.0553003841213301
MA1655.2	33312	0.845399433502533	0.0539067122136353
MA1711.2	33312	0.738651559728524	0.0447743907848585
MA1978.2	33312	0.747589026280611	0.0524870095379955
MA1125.2	33312	0.851514867547425	0.1018118631344
MA0752.2	33312	0.691453745603013	0.0458116638510773
MA1979.2	33312	0.816792699059022	0.0504437646562022
MA1727.2	33312	0.836918576399761	0.0693958998232739
MA1656.2	33312	0.810925381608786	0.0518564686767657
MA1712.2	33312	0.78648311225665	0.0522178237843478
MA1981.2	33312	0.807222616350996	0.051665244598807
MA1728.2	33312	0.855883624367279	0.0577572201849635
MA1982.2	33312	0.789297466065171	0.045434139975473
MA1983.2	33312	0.678756225584113	0.0383909786811612
MA1713.2	33312	0.80337233091718	0.0729882428326887
MA1657.2	33312	0.800352763326811	0.0602330421512614
MA1984.2	33312	0.808573299748079	0.0430236770720853
MA1714.2	33312	0.748086117300556	0.0359341668818334
MA1729.2	33312	0.794215969846288	0.0476274927592719
MA1599.2	33312	0.785939931588768	0.0593324479017166
MA1600.2	33312	0.747480282486579	0.0412308161974189
MA1986.2	33312	0.855402782389351	0.0666141199215189
MA1987.2	33312	0.792735434497684	0.0422093556536983
MA1730.2	33312	0.828622118798767	0.0516156356868196
MA0753.3	33312	0.827120917947429	0.0749267813358442
MA1716.2	33312	0.751520986698116	0.0434875038029882
MA1731.2	33312	0.86934372172773	0.0509878923263236
MA1717.2	33312	0.827355680585212	0.051070829584043
MA1719.2	33312	0.74991555174326	0.0470294353619214
MA1720.2	33312	0.772637419095997	0.0475831537874767
MA1721.2	33312	0.770954536010568	0.0677669518880707
MA1602.2	33312	0.79159999930516	0.0479121272966101
MA1722.2	33312	0.708005953955947	0.0366240337988894
