[SHORT TFBS MATRIX]
MA0004.1	39591	0.887013130169768	0.0670210221145253
MA0069.1	39591	0.793197648617226	0.0357771722967236
MA0071.1	39591	0.860273703330852	0.0486116090106714
MA0074.1	39591	0.779442122188112	0.0366773047732712
MA0101.1	39591	0.894033955139845	0.0384106913862226
MA0107.1	39591	0.853869622069418	0.0472644712242704
MA0111.1	39591	0.88627621608746	0.0288568546475593
MA0115.1	39591	0.70175563558847	0.0413487615292633
MA0116.1	39591	0.846881247950679	0.0396735459140457
MA0119.1	39591	0.766694584937402	0.0479605270638854
MA0130.1	39591	0.982265412437896	0.0246014860443325
MA0142.1	39591	0.78732731575955	0.0465091432639018
MA0149.1	39591	0.714088310845718	0.0542803975526122
MA0151.1	39591	0.947888169613587	0.0653070150375374
MA0155.1	39591	0.873552996222258	0.0382828555736499
MA0159.1	39591	0.815466078541648	0.0321105738703173
MA0163.1	39591	0.81927896031038	0.0462730097561535
MA0145.2	39591	0.852333301155369	0.0364733869870086
MA0468.1	39591	0.841645156851246	0.0514758619582514
MA0515.1	39591	0.895868396655659	0.0443536234388151
MA0258.2	39591	0.821718887657334	0.0376734225953184
MA0595.1	39591	0.880402239838429	0.0430148775478775
MA0596.1	39591	0.865557969415768	0.0452389523864824
MA0599.1	39591	0.941979519335135	0.0514129576831791
MA0604.1	39591	0.860366283106636	0.0516604419939589
MA0608.1	39591	0.855005816527323	0.0483842437294683
MA0613.1	39591	0.874994090865441	0.0650510097830823
MA0614.1	39591	0.899171866385939	0.0563340761012227
MA0636.1	39591	0.802401817099403	0.052554510524775
MA0641.1	39591	0.797548919563952	0.0457282395832923
MA0042.2	39591	0.893825204220759	0.0574822082519874
MA0033.2	39591	0.927301692809658	0.0550532672351907
MA0153.2	39591	0.770049791002669	0.0596387236336029
MA0486.2	39591	0.772254640846489	0.0503167558298237
MA0653.1	39591	0.720240422272188	0.0456296966434463
MA0655.1	39591	0.81009817639477	0.0556274883475305
MA0660.1	39591	0.802904664104648	0.066295857264911
MA0663.1	39591	0.802906292960489	0.0501476675451811
MA0665.1	39591	0.835599743992808	0.0431499101921499
MA0667.1	39591	0.822210213126125	0.0477468930794284
MA0669.1	39591	0.825236019227573	0.0459667340314541
MA0676.1	39591	0.872073309132886	0.0486396290390995
MA0678.1	39591	0.828694355287426	0.0474427705111907
MA0068.2	39591	0.8623088210826	0.0554835973960997
MA0512.2	39591	0.749526809386741	0.043209150841362
MA0083.3	39591	0.715755163383637	0.044772425839039
MA0009.2	39591	0.728934654427685	0.0398491227958813
MA0689.1	39591	0.832206644020878	0.0414985221177965
MA0691.1	39591	0.828717301876755	0.050406197603354
MA0696.1	39591	0.788098555409439	0.0449506967647271
MA0713.1	39591	0.821927156892994	0.0625913638892293
MA0715.1	39591	0.799896171687941	0.0692754716599836
MA0724.1	39591	0.864640548398564	0.052846241767168
MA0728.1	39591	0.750276844911303	0.051382190384918
MA0729.1	39591	0.726879064061795	0.0421578235734095
MA0730.1	39591	0.73439121852224	0.0387695211994017
MA0731.1	39591	0.696414886070135	0.0413011094880116
MA0472.2	39591	0.821542501372222	0.048943518335871
MA0736.1	39591	0.802275885788909	0.0419144554342149
MA0737.1	39591	0.761099474133743	0.0384799469340514
MA0741.1	39591	0.885721133338948	0.0582830646421041
MA0088.2	39591	0.769853331149939	0.0388065842341063
MA0758.1	39591	0.719331566839881	0.0453535417322606
MA0770.1	39591	0.785544949797993	0.0489806970188111
MA0771.1	39591	0.81019411250612	0.0451668110474099
MA0773.1	39591	0.815214382023536	0.068624866133126
MA0774.1	39591	0.892967217643091	0.0496790425647525
MA0776.1	39591	0.769368629924335	0.042194357276866
MA0777.1	39591	0.736087646619663	0.0396736992327092
MA0105.4	39591	0.751859393299086	0.0523987578350123
MA0780.1	39591	0.782576231154416	0.0669029784475668
MA0783.1	39591	0.757023316962233	0.0485120784444454
MA0787.1	39591	0.815588286012927	0.0603078793156805
MA0788.1	39591	0.810841086216556	0.0594233430940684
MA0789.1	39591	0.838321241007094	0.0644749692002526
MA0792.1	39591	0.859356085906833	0.0591322562843509
MA0794.1	39591	0.78482802587158	0.0409945787787825
MA0795.1	39591	0.782704557398474	0.0461951043293373
MA0796.1	39591	0.732199814854373	0.0510575004132605
MA0797.1	39591	0.763081485241848	0.0467700396614506
MA0511.2	39591	0.857349894657009	0.0444021517461733
MA0801.1	39591	0.891715322776388	0.0486741862368951
MA0803.1	39591	0.871753772989891	0.0533837809194283
MA0805.1	39591	0.871734733752624	0.0535853043987342
MA0806.1	39591	0.896201982085311	0.0458305936617511
MA0807.1	39591	0.902831194457774	0.0425230099873286
MA0808.1	39591	0.90547040166415	0.0489024302379119
MA0813.1	39591	0.833887565847949	0.0529777660454555
MA0815.1	39591	0.826917290807647	0.0554669216671315
MA0816.1	39591	0.86093871282331	0.048094251879257
MA0822.1	39591	0.754858572856039	0.0543135544224909
MA0823.1	39591	0.828517926999872	0.0569333133756735
MA0826.1	39591	0.811415653003495	0.0505694176593129
MA0827.1	39591	0.850964228394855	0.0431968090845841
MA0838.1	39591	0.807438237942007	0.0462022238332136
MA0845.1	39591	0.844208025742282	0.0579113056114743
MA0032.2	39591	0.873031097634833	0.0552928003924061
MA0848.1	39591	0.911937719320391	0.0527675416834321
MA0849.1	39591	0.897165211986276	0.0569913033365677
MA0850.1	39591	0.940050561029596	0.0381251983425705
MA0855.1	39591	0.746410005428832	0.0433134312313649
MA0856.1	39591	0.756663578900073	0.0425158929973818
MA0857.1	39591	0.720546131095046	0.0472237038271169
MA0858.1	39591	0.727552663312089	0.0402370188015784
MA0860.1	39591	0.725363428624028	0.044400057338306
MA0525.2	39591	0.723147739673133	0.0379722527505075
MA0106.3	39591	0.731986661492021	0.0362208644100584
MA0862.1	39591	0.838175510717427	0.0467975615386629
MA0863.1	39591	0.747868439500689	0.0379211727282497
MA0024.3	39591	0.787458203121491	0.0428484082268773
MA0866.1	39591	0.730535626438735	0.0509860549755137
MA0870.1	39591	0.730542477952502	0.0510373170499141
MA0872.1	39591	0.821934356727129	0.0567625572137095
MA1124.1	39591	0.752392133164469	0.0620708528117477
MA1155.1	39591	0.758668956896524	0.0425516739742056
MA1127.1	39591	0.783758210778967	0.0519188239411664
MA1129.1	39591	0.795848226118609	0.0514114261321712
MA1136.1	39591	0.808731509525462	0.0498516425076608
MA1420.1	39591	0.770327944524567	0.0374232696119164
MA1421.1	39591	0.800834730326719	0.0452791482260419
MA1468.1	39591	0.87546805464	0.0372750972639255
MA1485.1	39591	0.788306092224116	0.0432101483601711
MA1489.1	39591	0.813635043317926	0.0750317921572206
MA1493.1	39591	0.824397407469962	0.0426815643087556
MA1509.1	39591	0.820106770035347	0.0442348717703384
MA1538.1	39591	0.758713362467005	0.0407007823518844
MA1539.1	39591	0.745181181873437	0.0416554123027403
MA1555.1	39591	0.787268975236404	0.0390367039666923
MA1556.1	39591	0.783247340491533	0.0409278611197399
MA1557.1	39591	0.806465993339938	0.0420059957194289
MA1570.1	39591	0.89090469759129	0.0392428516117047
MA1571.1	39591	0.777438424063931	0.0432010701901139
MA1572.1	39591	0.784026203874183	0.0423379923630938
MA1580.1	39591	0.820651494145599	0.055475838540436
MA1587.1	39591	0.823571342371305	0.0642803628772504
MA1588.1	39591	0.759995355369538	0.0397875256452256
MA1594.1	39591	0.701534501315265	0.0307264884810564
MA1596.1	39591	0.820890980521988	0.0879338036991801
MA1597.1	39591	0.728310071759087	0.039623070537794
MA0158.2	39591	0.902224556972166	0.0505122908154902
MA0912.2	39591	0.862110439280257	0.0574739117886164
MA0623.2	39591	0.826969160814925	0.0484092844997803
MA2093.1	39591	0.917278692050767	0.0467600291208144
MA2094.1	39591	0.800653162829915	0.0333795480794383
MA2095.1	39591	0.827713963065246	0.0483328472167375
MA2096.1	39591	0.865892661039897	0.0498486127111541
MA1715.1	39591	0.75046200264388	0.0402864054824948
MA2097.1	39591	0.801820454554285	0.0452631092556775
MA2098.1	39591	0.868691773975942	0.0496236791681276
MA2099.1	39591	0.915387491990458	0.0528477726662558
MA1718.1	39591	0.689525633145479	0.044140303723574
MA2100.1	39591	0.668127374861599	0.0391864281636347
MA2101.1	39591	0.802699552802108	0.04463032281871
MA1684.1	39591	0.97647642764924	0.0412880056684072
MA2102.1	39591	0.82090313977858	0.0538506471623795
MA1931.1	39591	0.753096974964193	0.0405708376606705
MA1957.1	39591	0.765883655948425	0.0390710077593418
MA1962.1	39591	0.76404485771512	0.0477852156322114
MA1972.1	39591	0.847696894856788	0.0382503837895394
MA1980.1	39591	0.797388142343753	0.0361239849258488
MA1985.1	39591	0.766979790706378	0.043033368804834
MA2117.1	39591	0.883912209748293	0.0594903832227388
MA2118.1	39591	0.864430355732922	0.0581839929667832
MA2119.1	39591	0.913880322716503	0.0570830479036622
MA2120.1	39591	0.847168563577332	0.0360575989640446
MA2121.1	39591	0.867816655507808	0.0686389240053664
MA2122.1	39591	0.81267297209397	0.0508715111289297
MA2123.1	39591	0.871075374572809	0.0459315653767124
MA2124.1	39591	0.894212440734273	0.0831962922477102
MA2125.1	39591	0.894293370606477	0.0530641652129909
MA2126.1	39591	0.86017003903293	0.0603927160185902
MA0079.5	39591	0.915196671599142	0.0732623762175876
MA0509.3	39591	0.721634080984877	0.0468314960180519
MA0516.3	39591	0.923262864206884	0.0646824713869035
MA0607.2	39591	0.803903004595712	0.0473332947031152
MA0685.2	39591	0.926099990929907	0.0660413900428807
MA0740.2	39591	0.92841683980744	0.0621240913508572
MA0742.2	39591	0.910675888295949	0.0714253999616427
MA0798.3	39591	0.723305514136238	0.0458501295195259
MA0818.2	39591	0.820808553871466	0.0482440440158505
MA0821.2	39591	0.839406242757592	0.0510456563879414
MA0831.3	39591	0.790995781806388	0.0532070363856138
MA0878.3	39591	0.841116459225024	0.0545373927942345
MA0884.2	39591	0.801417067944711	0.0560145131335752
MA1511.2	39591	0.918513991100014	0.0671227735163791
MA1532.2	39591	0.773020319284897	0.0377164998194553
MA1547.2	39591	0.886565451033887	0.0581683469406471
MA1563.2	39591	0.935830916345559	0.0438313798200054
MA1573.2	39591	0.761268005624135	0.0541443654527358
MA1601.2	39591	0.804948653780005	0.0408125694134456
MA1633.2	39591	0.828936737733617	0.0535241393461789
MA2323.1	39591	0.717346550033498	0.0457260655609358
MA2324.1	39591	0.899777920438878	0.0531939826135606
MA2325.1	39591	0.834797869568724	0.0493179982302088
MA2326.1	39591	0.956107849568047	0.0656888204617943
MA2327.1	39591	0.861944259775246	0.0641326069027985
MA2328.1	39591	0.852779755425396	0.0819678254356716
MA2329.1	39591	0.844698472742785	0.0540325604388228
MA2330.1	39591	0.831795415367178	0.0582568228249308
MA2331.1	39591	0.694623593756091	0.0344680716755487
MA2332.1	39591	0.856507867187577	0.0493884585005991
MA2333.1	39591	0.864436090399031	0.0707173705594331
MA2334.1	39591	0.765447850798864	0.0412896353289926
MA2335.1	39591	0.671008354291728	0.041943667322845
MA2336.1	39591	0.902254393913058	0.0529589225190076
MA2337.1	39591	0.959215585093447	0.0625043381670494
MA2338.1	39591	0.895767297291439	0.0548546687133759
MA2339.1	39591	0.873607874001909	0.0524887977639232
MA2340.1	39591	0.812854586493762	0.0500735272896631
MA2341.1	39591	0.922900025873104	0.0489685675625224
MA0619.2	39591	0.926337093571167	0.0683332971424241
MA0006.2	39591	0.957314208930078	0.0612200404813805
MA0854.2	39591	0.852760606254581	0.0669224801443435
MA0634.2	39591	0.927376553705616	0.0608568699763978
MA0853.2	39591	0.802762667532146	0.0542308891650032
MA0690.3	39591	0.8293533654593	0.0433109003766551
MA0007.4	39591	0.755470912313479	0.0411349832477576
MA1463.2	39591	0.84721937716804	0.0700110042145598
MA0601.2	39591	0.913132915594004	0.0689465857391124
MA0602.2	39591	0.872273438415612	0.0678133994543041
MA0259.2	39591	0.951358798524305	0.0616592038443293
MA1464.2	39591	0.84624699027472	0.0575235821452153
MA0603.2	39591	0.851555126484988	0.0547968615097038
MA0874.2	39591	0.83402823191149	0.0590287016803029
MA1100.3	39591	0.912204972280267	0.0444083198307623
MA1631.2	39591	0.88221016851465	0.0516028062020258
MA1632.2	39591	0.830479634147432	0.0570231065703493
MA1988.2	39591	0.881972429538207	0.0584522877047415
MA0605.3	39591	0.780773692921609	0.0582743347559702
MA0833.3	39591	0.818900629939335	0.0524348447490437
MA1466.2	39591	0.756964749004091	0.0412551726077091
MA0834.2	39591	0.769526545206557	0.0566570516821623
MA0461.3	39591	0.878342679247363	0.0478042486628612
MA1467.3	39591	0.896860476651437	0.0562859960663341
MA0591.2	39591	0.802358088589624	0.0423671484130666
MA0496.4	39591	0.821608189173768	0.0568077812930834
MA1101.3	39591	0.797187670743162	0.0505090674079231
MA1470.2	39591	0.729027647171451	0.038723898285572
MA0877.4	39591	0.908071114102573	0.0534817540538286
MA0635.2	39591	0.945681495913839	0.0447809010596801
MA0875.2	39591	0.942694908988983	0.0553068074957131
MA1471.2	39591	0.885964748550986	0.0577081360837236
MA1634.2	39591	0.880268377951337	0.0599568535592499
MA0462.3	39591	0.880364099045457	0.0597503818795835
MA0489.3	39591	0.85128522189729	0.057153818064189
MA0488.2	39591	0.843817284533604	0.0500509484964733
MA0835.3	39591	0.882895214509427	0.0585196253755553
MA1989.2	39591	0.843124142037852	0.0529808438651696
MA0463.3	39591	0.778842436287383	0.0411036158284463
MA1472.3	39591	0.864417970575056	0.0529011131583583
MA1635.2	39591	0.902290178514646	0.0793035022386178
MA0817.2	39591	0.810475710401484	0.0515078035142415
MA0464.3	39591	0.852425821826147	0.0559254131098212
MA1928.2	39591	0.875131455986652	0.0608784590979004
MA0876.2	39591	0.952760667849125	0.0509558814113412
MA0465.3	39591	0.858003670534094	0.0609651961702849
MA1473.2	39591	0.864402562601953	0.0593797808717005
MA0102.5	39591	0.822324270400022	0.051025387458248
MA0466.4	39591	0.77445920358054	0.0467947873634786
MA0836.3	39591	0.85889458306629	0.0544335668994542
MA0837.3	39591	0.778441394400276	0.0468032009049842
MA1636.2	39591	0.820768354779232	0.0513846993319994
MA0819.3	39591	0.89102147791197	0.0506808676609895
MA0018.5	39591	0.855234274039415	0.0639228338138134
MA0638.2	39591	0.789993460822997	0.0421416845687641
MA0839.2	39591	0.761297638019683	0.040815946993537
MA1474.2	39591	0.829431617071904	0.0433953990227727
MA1475.2	39591	0.834943071442343	0.0500702674461356
MA0840.2	39591	0.793771551771678	0.0560285470849027
MA0609.3	39591	0.778559068104878	0.0570956994676083
MA0467.3	39591	0.906202264506497	0.0769524078424569
MA0139.2	39591	0.821329801457645	0.0441412633363343
MA1929.2	39591	0.703843099507404	0.0368432067681158
MA1930.2	39591	0.696339384294897	0.0356413968804943
MA1102.3	39591	0.88796180376583	0.0595854104512163
MA0754.3	39591	0.809615560180923	0.0545359801108803
MA0650.4	39591	0.871383293101934	0.0562712694918065
MA0901.3	39591	0.852954424232778	0.0606591049572872
MA0755.2	39591	0.813381465522375	0.0590234174491082
MA0639.2	39591	0.823945260761768	0.0544878970691362
MA0019.2	39591	0.870868591049855	0.0405983440077481
MA0879.3	39591	0.936923839427479	0.0513588271413226
MA0885.3	39591	0.840620007775369	0.0539932903138461
MA0880.2	39591	0.926884036798162	0.0609195104848278
MA0881.2	39591	0.927802758040329	0.0596239029290185
MA1476.3	39591	0.842734393334819	0.0548398985801678
MA0882.2	39591	0.929520520644498	0.0601612565480257
MA0883.2	39591	0.861545608038524	0.04997025474595
MA1603.2	39591	0.845940577562945	0.0570839171195288
MA0610.2	39591	0.890884024701477	0.0597462099420367
MA1707.2	39591	0.859305748749555	0.0492458734659585
MA1478.2	39591	0.960644209692881	0.0372383678122652
MA1479.2	39591	0.825491024322431	0.0486366948547064
MA1480.2	39591	0.849208581452014	0.0483006125935245
MA1481.2	39591	0.929070764786648	0.0620159491043286
MA0611.3	39591	0.785995516537046	0.0590815092645868
MA0864.3	39591	0.792435397468724	0.0450842821262197
MA0469.4	39591	0.724416600654904	0.0402803022532042
MA0756.3	39591	0.837016979438731	0.0529077885480549
MA0470.3	39591	0.77417326147931	0.0432587227473139
MA0471.3	39591	0.897061275775035	0.0509038924696428
MA0865.3	39591	0.862980220623039	0.0499386277587817
MA0154.5	39591	0.818174889755592	0.052124471804529
MA1604.2	39591	0.848429659006712	0.0551203179491335
MA1637.2	39591	0.848797276323997	0.0574927191848497
MA0162.5	39591	0.852699601030384	0.0593994852693562
MA0732.2	39591	0.808477607799197	0.0614787347041039
MA0733.2	39591	0.828533633253438	0.0547423113248934
MA0598.4	39591	0.876718359282641	0.0480261069755379
MA0473.4	39591	0.861510529556315	0.0504077725169806
MA1483.3	39591	0.854268710385163	0.0445286817367284
MA0640.3	39591	0.876978420594538	0.0472565610197612
MA0136.4	39591	0.898352846317699	0.0471977118880822
MA0028.3	39591	0.827612329676585	0.0541218497207536
MA0800.2	39591	0.857079743382091	0.0462630344089218
MA1708.2	39591	0.896379811657511	0.041035483663684
MA1495.2	39591	0.93079915127892	0.0525911127285465
MA1932.2	39591	0.752765234917709	0.0364262762385593
MA0779.2	39591	0.767781726948943	0.0325860287018437
MA0014.4	39591	0.855925094322606	0.0500345863144424
MA0781.2	39591	0.745663026315319	0.0354432163059249
MA0686.2	39591	0.827727895810322	0.0432950099651328
MA1933.2	39591	0.758938884543297	0.039814245040255
MA0828.3	39591	0.779348814088028	0.0553351771967934
MA0843.2	39591	0.816147224535338	0.054802954156005
MA0759.3	39591	0.831996181927975	0.0547592198229371
MA0076.3	39591	0.879528458848398	0.0497538270641695
MA0612.3	39591	0.908692215948738	0.0694273365359476
MA0886.2	39591	0.910627951872062	0.0660615191779598
MA0027.3	39591	0.935246299048586	0.0580670206390149
MA0642.3	39591	0.915151003245479	0.0541466409792786
MA0760.2	39591	0.857197449014379	0.0444925087242941
MA1934.2	39591	0.808648582779528	0.0430722413785404
MA0820.2	39591	0.962473727037993	0.0508617969456767
MA1935.2	39591	0.897072313924835	0.0365231574369487
MA1936.2	39591	0.866837552405559	0.0345374086800588
MA0480.3	39591	0.887508544099044	0.0565127310322185
MA1937.2	39591	0.83114420562152	0.0383547466737287
MA0058.4	39591	0.885938092314925	0.0600362682917447
MA1938.2	39591	0.775539476862832	0.0370063062044986
MA0048.3	39591	0.8673046249872	0.0513783830625732
MA1939.2	39591	0.7565822055214	0.0341807758503337
MA0474.4	39591	0.85287836411758	0.0459297771603392
MA0112.4	39591	0.747430132083168	0.0432628375320669
MA0592.4	39591	0.836358673614849	0.0553924849213228
MA0141.4	39591	0.814882369444772	0.0533465170844909
MA0643.2	39591	0.863490515643917	0.0487778671073113
MA0644.3	39591	0.903771607081819	0.0610340902655767
MA0098.4	39591	0.872546122772017	0.0445740376397543
MA1484.2	39591	0.868906984845629	0.0463605104720189
MA0761.3	39591	0.866043698995227	0.0478865804281987
MA0762.2	39591	0.849201403499235	0.0454101157760062
MA1940.2	39591	0.798727557536311	0.0424525265002385
MA1941.2	39591	0.794371047653118	0.0420101506697025
MA1942.2	39591	0.855222738211447	0.0420379777458745
MA1943.2	39591	0.803294571294373	0.0386373134943781
MA0763.2	39591	0.861954867912813	0.0417315790182113
MA0764.4	39591	0.85607208884611	0.0498902877644543
MA0765.4	39591	0.827473187944885	0.0533180047942581
MA1944.2	39591	0.808737214946697	0.0392897912173677
MA1945.2	39591	0.80187790527244	0.0417665805306874
MA1946.2	39591	0.83948739731768	0.0358400718331471
MA1947.2	39591	0.877136836178155	0.0379452078726907
MA1948.2	39591	0.813332359375954	0.0365011456938891
MA0900.3	39591	0.906249559717208	0.0743061896624254
MA0645.2	39591	0.878113715075625	0.0470756557523606
MA0887.2	39591	0.939777054460021	0.0529405425474375
MA0888.2	39591	0.938987259058708	0.0537214244102165
MA0156.4	39591	0.828657275512564	0.0514074540612432
MA0475.3	39591	0.856176042261002	0.0469205388407372
MA1949.2	39591	0.776633078222486	0.0363873754554627
MA1950.2	39591	0.841175018846226	0.0442569710278191
MA0476.2	39591	0.864348563401594	0.0589955340097318
MA1951.2	39591	0.749490956878173	0.0490143932132579
MA0099.4	39591	0.854435493760208	0.0499259996131567
MA1126.2	39591	0.807054393372338	0.0511815595931612
MA1134.2	39591	0.843210875900179	0.0531649772543261
MA1140.3	39591	0.759512427010933	0.053663440856703
MA0490.3	39591	0.816029807914194	0.0571500646495153
MA1141.2	39591	0.846883415534191	0.0524128906968749
MA0492.2	39591	0.84118974997898	0.0489563756478771
MA0491.3	39591	0.816941848446969	0.0568550114039912
MA1135.2	39591	0.850290510811829	0.052952333999037
MA0477.3	39591	0.828523696848286	0.0558947185372738
MA1128.2	39591	0.850115590851115	0.0514162253210583
MA1137.2	39591	0.85130513246214	0.0500658217917338
MA1142.2	39591	0.892177420887532	0.0451312547778284
MA1143.2	39591	0.848448300594672	0.0463160130753289
MA0478.2	39591	0.866931216200866	0.0520999245247858
MA1130.2	39591	0.854889876943859	0.0510197354566095
MA1131.2	39591	0.814640198416593	0.052273120114625
MA1138.2	39591	0.846437427255908	0.0543889163153515
MA1139.2	39591	0.78966780130995	0.0556787898039694
MA1144.2	39591	0.847217293353658	0.0524681772151009
MA1145.2	39591	0.810777771291512	0.0537060202488556
MA0148.5	39591	0.853499648087721	0.0591940436949976
MA0047.4	39591	0.880749727802924	0.0597614284343997
MA1683.2	39591	0.883257351301039	0.0612872322040259
MA0846.2	39591	0.873713653894263	0.0547657459703202
MA0031.2	39591	0.887442985435818	0.0582653192473823
MA0847.4	39591	0.860244548533006	0.0550099560370655
MA0041.3	39591	0.838247012544879	0.0572098774874014
MA1487.3	39591	0.847392843292093	0.054302486486051
MA1606.2	39591	0.898063277301161	0.0634749205159962
MA0030.2	39591	0.857349828712392	0.0557994787235841
MA0479.2	39591	0.877134795517009	0.0532495057584955
MA1952.2	39591	0.857539894583888	0.0406042215412104
MA0682.3	39591	0.92082178556044	0.0699198958550165
MA0851.2	39591	0.87038422943922	0.0583471244902046
MA0852.3	39591	0.892781062360164	0.0567782035325113
MA1103.3	39591	0.884864367534448	0.061384413870129
MA1607.2	39591	0.835803379336528	0.0574960770033956
MA1953.2	39591	0.825739977872379	0.0400449865117269
MA1954.2	39591	0.821393421120746	0.0429813351782226
MA1955.2	39591	0.81561710307317	0.0420749191597261
MA1956.2	39591	0.808968764366594	0.0412397238998496
MA0157.4	39591	0.889646696835564	0.0578752217636772
MA0481.4	39591	0.887116773826063	0.0607092031600944
MA0593.2	39591	0.887742326135615	0.0549488544778386
MA0040.2	39591	0.858753780245427	0.0553389554099896
MA0062.4	39591	0.842306802635896	0.047408885425495
MA0035.5	39591	0.884672263526202	0.0536601786445479
MA0140.3	39591	0.803273239769272	0.0452888262243476
MA0036.4	39591	0.884501018513955	0.0597880217433369
MA0037.5	39591	0.859143761346189	0.0544585512751932
MA0482.3	39591	0.864025051253077	0.0515151325136521
MA0766.3	39591	0.899464047517386	0.0546898037007117
MA1104.3	39591	0.860092969115258	0.0552228922661939
MA0889.2	39591	0.897174193514648	0.0662568708634172
MA0890.2	39591	0.916286122194023	0.069614500433594
MA0646.2	39591	0.831154272044783	0.0390403674489693
MA0143.5	39591	0.893121197049965	0.0547328449398248
MA0767.2	39591	0.873045463415565	0.0411797283053046
MA0038.3	39591	0.834034886293589	0.0455257458218235
MA0483.2	39591	0.876862979217928	0.0443603824596282
MA1990.2	39591	0.826236496865763	0.0454155044258676
MA0734.4	39591	0.851042215052863	0.047553489098807
MA1491.3	39591	0.748255678280782	0.0400890850710201
MA0735.2	39591	0.722718840031559	0.0416703162822977
MA0615.2	39591	0.90907597807595	0.0493257373129173
MA0647.2	39591	0.797019547557401	0.0496725451833872
MA1105.3	39591	0.852033910119493	0.0521996453288129
MA0648.2	39591	0.930426244659495	0.0643616085092158
MA0891.2	39591	0.937208482522012	0.0561473678629269
MA0892.2	39591	0.947281428464621	0.0465598601925221
MA0893.3	39591	0.941390048004055	0.0450919571049363
MA0092.2	39591	0.912200434591427	0.0348541958882505
MA0522.4	39591	0.911916253633452	0.0535369399304896
MA1638.2	39591	0.923354631372911	0.0703311397945326
MA1099.3	39591	0.887621810302379	0.0606018734566232
MA0616.3	39591	0.846366856604173	0.0589334301485883
MA0894.2	39591	0.918078449036914	0.0710069902252594
MA0649.2	39591	0.853563997269883	0.0518016068179582
MA0739.2	39591	0.904422733354368	0.0393529055306033
MA0738.2	39591	0.977340565361766	0.0304160126274701
MA1106.2	39591	0.885965850814288	0.0629330662013264
MA0131.3	39591	0.872073271652708	0.055669039401355
MA0043.4	39591	0.832062216123716	0.0584874330952455
MA0895.2	39591	0.905113512369629	0.0522336693925538
MA0896.2	39591	0.840530751219562	0.0537085007764156
MA0897.2	39591	0.787040866384396	0.0501611499410363
MA0898.2	39591	0.843833651730058	0.0542628617361118
MA1991.2	39591	0.835927210468381	0.0456834168655113
MA0046.3	39591	0.785420388442323	0.0597671057534689
MA1494.2	39591	0.75646924449676	0.0410509451703012
MA0114.5	39591	0.833682639639407	0.0493719092248681
MA0484.3	39591	0.837051519665542	0.0486090858253633
MA0899.2	39591	0.885097155757873	0.0559852267987194
MA0911.2	39591	0.860568673243216	0.0456601243937245
MA1496.2	39591	0.935825169600456	0.0432415553814841
MA1497.2	39591	0.918518324195902	0.0476415944340849
MA1498.3	39591	0.954840364431713	0.0477982638755812
MA0594.3	39591	0.911585603123998	0.0414081892733518
MA0902.3	39591	0.946587265479643	0.0572165718533684
MA1566.3	39591	0.854602027648573	0.0463881804210107
MA0903.2	39591	0.949552672216856	0.0512506316318196
MA1499.2	39591	0.926779844862871	0.0705520840769402
MA0904.3	39591	0.922289347102566	0.0615812668214398
MA1500.2	39591	0.93225348493968	0.0448730997850874
MA1501.2	39591	0.904425350515737	0.0516382383378516
MA1502.2	39591	0.922554880331162	0.0552538495435927
MA1503.2	39591	0.835094931041558	0.051715137512123
MA0905.2	39591	0.872976988719431	0.0504269765872864
MA0651.3	39591	0.774064096408316	0.0481591377607104
MA0906.2	39591	0.813141755177847	0.0482631724141952
MA0907.2	39591	0.826262750663984	0.051069959564228
MA1504.2	39591	0.941755727692844	0.0593798312283744
MA1505.2	39591	0.941575982348289	0.0475940624135262
MA0485.3	39591	0.822952740042023	0.0529818627774686
MA1506.2	39591	0.811442826322997	0.0486101021202732
MA0908.2	39591	0.858035413546719	0.0500189298584865
MA0873.2	39591	0.821479235120006	0.0474825618932378
MA1958.2	39591	0.755032398330754	0.0411393642330399
MA0909.4	39591	0.882355838676712	0.0709458659917743
MA1507.2	39591	0.938114203568062	0.0647888115514353
MA0910.3	39591	0.922711025545357	0.0552727557495851
MA0913.3	39591	0.867019697088626	0.0579273904940459
MA1508.2	39591	0.888688623303028	0.0491454226122616
MA1992.2	39591	0.871864240674452	0.0477091519272551
MA0050.4	39591	0.825738863104022	0.0530179506580437
MA0051.2	39591	0.793270944612732	0.0427638443564685
MA1418.2	39591	0.749452238395136	0.0436607039909297
MA1419.2	39591	0.728676283126434	0.0431325756899382
MA0772.2	39591	0.799039791785715	0.0480835157335151
MA0652.2	39591	0.744948657399441	0.0442770303659973
MA1608.2	39591	0.877037093644447	0.0555580123462899
MA0914.2	39591	0.949647067816187	0.0444045380852553
MA0654.2	39591	0.912173542258196	0.073588819556085
MA0656.2	39591	0.785259870710268	0.0566902601381081
MA1132.2	39591	0.879442258495	0.0474013137975008
MA1133.2	39591	0.798879353825316	0.0489569598376082
MA0493.3	39591	0.947239860672149	0.0623447926287662
MA1512.2	39591	0.889751632512161	0.0537416016610059
MA0657.2	39591	0.760363356918171	0.0409987224426968
MA1513.2	39591	0.906512982388771	0.0869826091360976
MA1514.2	39591	0.80728161510081	0.0468009432475069
MA1515.2	39591	0.937819947745341	0.0563315761034318
MA1516.2	39591	0.86932221523856	0.0603396436166246
MA0039.5	39591	0.920008176382975	0.0623564746979828
MA1517.2	39591	0.909269588626953	0.0517683466046094
MA1959.2	39591	0.936030431529038	0.0654352890089773
MA1107.3	39591	0.839270788970348	0.0533181861705432
MA0618.2	39591	0.903841819560815	0.0550530192389957
MA0699.2	39591	0.926524954158502	0.0603361535535525
MA0768.3	39591	0.856954837024302	0.0527842642804487
MA1518.3	39591	0.797983950502738	0.0523741791418005
MA0700.3	39591	0.898932201507497	0.0708624763780551
MA0135.2	39591	0.834812559702814	0.0622044387059323
MA0704.2	39591	0.92404616293799	0.0542560277877527
MA1519.2	39591	0.889862118672838	0.0688528953485352
MA0658.2	39591	0.864556858706028	0.0586107618355056
MA0705.2	39591	0.93267373483649	0.0589972981912069
MA0701.3	39591	0.887338309100809	0.0632455764160073
MA0702.3	39591	0.865273471006541	0.0755679147665784
MA0703.3	39591	0.831040921348802	0.0782123843167988
MA1520.2	39591	0.781710517499794	0.0377975749491914
MA0501.2	39591	0.804205886730983	0.0449927918006486
MA0841.2	39591	0.794229596852602	0.0537220736823719
MA1521.2	39591	0.786172486209833	0.0385315408691642
MA0117.3	39591	0.848168056986665	0.0432290510647214
MA0495.4	39591	0.806752094102452	0.0480225682379548
MA0659.4	39591	0.781809228366509	0.046423660154251
MA0089.3	39591	0.7909871719591	0.046353120985253
MA0059.2	39591	0.826085257293537	0.0473204985935293
MA0147.4	39591	0.855336157885341	0.0562225876751107
MA1522.2	39591	0.91765318544802	0.0685554553289789
MA0029.2	39591	0.807450907167343	0.0501587466186058
MA0052.5	39591	0.845083349835721	0.0671442862771593
MA0497.2	39591	0.866927556650505	0.0573062433479344
MA0498.3	39591	0.979340457933427	0.0407236086677282
MA1639.2	39591	0.837747387415101	0.0558915702133183
MA1640.2	39591	0.835314563658291	0.0601215557307494
MA0775.2	39591	0.932792078076954	0.0460788977890838
MA0661.2	39591	0.901641007322994	0.0569644061249689
MA0706.2	39591	0.905368886269235	0.0524789790574951
MA1960.2	39591	0.819825365423708	0.0457596734578416
MA0620.4	39591	0.806887146128725	0.0516786961419796
MA0621.2	39591	0.854759481752532	0.0842029629943349
MA0662.2	39591	0.93068479252063	0.0577088770241003
MA0622.2	39591	0.854192451146304	0.0740106384458941
MA0664.2	39591	0.864508081092043	0.051200941194293
MA0825.2	39591	0.890040592184935	0.0558435896346304
MA0707.3	39591	0.947570096579686	0.0576881308826056
MA1523.2	39591	0.922537654172934	0.0448550318762565
MA1524.3	39591	0.835125487941926	0.0462110884651154
MA0666.3	39591	0.919261385726208	0.0645669800602851
MA0708.3	39591	0.922548739071831	0.0614216355757009
MA0709.2	39591	0.912087775642768	0.0693628261341993
MA1108.3	39591	0.913293074478687	0.0660080772997023
MA0100.4	39591	0.905274523741234	0.0677589999245393
MA0104.5	39591	0.836539600439299	0.056016873766459
MA1641.2	39591	0.860969888005951	0.0553568823559603
MA0499.3	39591	0.868787919333394	0.0480370833504407
MA0500.3	39591	0.880832656550582	0.062408579333874
MA0056.3	39591	0.872968683610456	0.0490383949524374
MA1109.2	39591	0.884494747983859	0.0483130671531363
MA1993.2	39591	0.904582524167975	0.0777022275161724
MA0668.3	39591	0.882464694523456	0.0483393015719476
MA1642.2	39591	0.899786521980762	0.0538522425556626
MA0606.3	39591	0.886436325731528	0.0523582899471786
MA0624.3	39591	0.942119289819557	0.0676584593095055
MA0152.3	39591	0.879599938669262	0.0560788073031491
MA0625.3	39591	0.974635315672607	0.0341003372601191
MA1525.3	39591	0.902545107063467	0.0510125777070444
MA0150.3	39591	0.803235756025213	0.0459171356797072
MA0670.2	39591	0.892601853956707	0.0802400160851534
MA1643.2	39591	0.742114284357002	0.0452070864620077
MA0161.3	39591	0.889526909828437	0.0513419362059267
MA1527.2	39591	0.77374631959093	0.0479474863154397
MA0025.3	39591	0.836451535448281	0.0612190757794175
MA0671.2	39591	0.965523109725484	0.0300008371130197
MA1528.2	39591	0.790766896883844	0.0470872893537378
MA0778.2	39591	0.80080725157395	0.0566527946823677
MA0060.4	39591	0.869719463473376	0.056308430717369
MA0502.3	39591	0.855950898739627	0.0530967708897707
MA1644.2	39591	0.885810361903182	0.0569120233549973
MA1529.2	39591	0.765145810880893	0.0460027691499714
MA1994.2	39591	0.884724208668637	0.0616621376505136
MA1645.2	39591	0.868381864308588	0.0459934075202821
MA0672.2	39591	0.908389588353464	0.0431781180779257
MA2003.2	39591	0.921640048728461	0.0356486271876885
MA0063.3	39591	0.890790751781713	0.0495273852839668
MA0673.2	39591	0.931003122417883	0.0331129882572433
MA0124.3	39591	0.904187158573704	0.0465187655625828
MA0122.4	39591	0.835390943883254	0.0530379329105674
MA0674.2	39591	0.915372438407472	0.0579242226581394
MA0675.2	39591	0.947066542204011	0.0537546722085856
MA1530.2	39591	0.907207571163505	0.0525312319802103
MA0125.2	39591	0.929699239248817	0.0590226049570277
MA0710.2	39591	0.921256095258362	0.0537697882019477
MA0626.2	39591	0.877277983019038	0.0513042554453719
MA1995.2	39591	0.858750268270178	0.0508690743900335
MA1531.2	39591	0.799600681871144	0.0391325809050981
MA1996.2	39591	0.925307945796404	0.0707782692446344
MA0494.2	39591	0.832989065180157	0.0375525948583442
MA1110.3	39591	0.933879116625564	0.0637863780258978
MA1146.2	39591	0.78979738806588	0.0356394895420687
MA1533.2	39591	0.812939155053749	0.0327505023099075
MA1534.2	39591	0.897022224228733	0.0476448243871195
MA1535.2	39591	0.96638933525983	0.0496873951443915
MA0504.2	39591	0.842884779678302	0.0353865697301086
MA1536.2	39591	0.980189349048583	0.026608917885134
MA0164.2	39591	0.879073630411757	0.0693561847192233
MA0017.3	39591	0.857610316951861	0.0514614448584669
MA1537.2	39591	0.780850469875831	0.0408550315639987
MA1111.2	39591	0.897882654856054	0.0546349188737718
MA0677.2	39591	0.77207972404733	0.042292650994141
MA0113.4	39591	0.758209624919886	0.0448470593191936
MA0727.2	39591	0.759147213998054	0.0449382107184605
MA1112.3	39591	0.873329875020961	0.0519234134383854
MA0160.3	39591	0.892655378549897	0.0458252226223749
MA1147.2	39591	0.803907906873664	0.0359700223742531
MA1540.3	39591	0.789655571847527	0.0493329498493187
MA0505.3	39591	0.841840480450738	0.0515531917514565
MA1541.2	39591	0.791845356656254	0.0405189344244919
MA0506.3	39591	0.799983405277417	0.0710507259790845
MA0842.3	39591	0.822565999580597	0.0440216491088638
MA1997.2	39591	0.907711460149765	0.0754682071740216
MA0679.3	39591	0.821944396067673	0.0674915356192488
MA0757.2	39591	0.785846670735104	0.0638274269868097
MA1542.2	39591	0.872531809143645	0.0437518456865508
MA1646.2	39591	0.880127327864458	0.0493088393336229
MA0711.2	39591	0.934628005120284	0.0604142594244986
MA0712.3	39591	0.910430222042868	0.0676587709137531
MA1544.2	39591	0.795189941111024	0.048898892906525
MA1545.2	39591	0.843095024791022	0.0486275983043501
MA1961.2	39591	0.907995448422494	0.0685708625330969
MA0067.3	39591	0.788724665300715	0.0325740383940083
MA1546.2	39591	0.779811426037673	0.035016929702141
MA0680.3	39591	0.7898196804243	0.0690721323847801
MA0070.2	39591	0.843182536810564	0.0483367145789934
MA1113.3	39591	0.831135908522785	0.0616846473698101
MA1114.2	39591	0.8030541661144	0.0486081309375881
MA0132.3	39591	0.93285869255056	0.0660177456948784
MA0681.3	39591	0.779494437249728	0.0710085143510786
MA0714.2	39591	0.935004771464586	0.0581500807249865
MA0782.3	39591	0.820979847523498	0.052308287107094
MA1615.2	39591	0.879659129891572	0.0571893428504115
MA1548.2	39591	0.883260754984341	0.0650157680585865
MA0784.3	39591	0.760815783714612	0.0574869851640746
MA0785.2	39591	0.85256030312436	0.0595320094851108
MA0507.3	39591	0.774828108869875	0.0605690968212369
MA0627.3	39591	0.835660621871675	0.0624118377217115
MA0786.2	39591	0.847387586266284	0.0614791165198164
MA0790.2	39591	0.80430512396892	0.0661208755183886
MA0683.2	39591	0.738676117927624	0.0574611983439181
MA0791.2	39591	0.798854718718715	0.0667161267300913
MA1115.2	39591	0.897874900195065	0.0607961798260755
MA0628.2	39591	0.878000413543354	0.0776784073813495
MA1549.2	39591	0.896000228076714	0.0542117944388986
MA0793.2	39591	0.849183725483341	0.0568644551035325
MA1148.2	39591	0.784430506057287	0.0338636162424396
MA1550.2	39591	0.783020244629502	0.0393846744036284
MA0066.2	39591	0.767336297815307	0.0317435708663347
MA0065.3	39591	0.851094564428886	0.0359451895028333
MA0508.4	39591	0.910538831107292	0.0572223157158711
MA1998.2	39591	0.858323163517658	0.0517889341876965
MA1616.2	39591	0.816012307269948	0.0435360665945749
MA1647.3	39591	0.827350462858079	0.0444762609067639
MA1999.2	39591	0.814882415289656	0.0425168637395516
MA1723.2	39591	0.841868658348121	0.0410985862306893
MA0716.2	39591	0.929936408380554	0.06337095076503
MA0075.4	39591	0.875566093461566	0.0720509227269465
MA1618.2	39591	0.861296142106064	0.0495640921705703
MA1619.2	39591	0.871957549801368	0.055435788464629
MA1620.2	39591	0.887837577545261	0.054201881979857
MA1149.2	39591	0.812822808215775	0.0360142496754149
MA1552.2	39591	0.786918195547227	0.0381136013657928
MA0859.2	39591	0.746286556708158	0.049684311713239
MA1553.2	39591	0.775690984929825	0.0396277842495585
MA0718.2	39591	0.933013089679745	0.0624962768938816
MA0717.2	39591	0.931256613655388	0.0614706326433698
MA1116.2	39591	0.946996778412457	0.0655069454179065
MA1117.2	39591	0.892054173067357	0.0475579192726662
MA0138.3	39591	0.714773301223778	0.0396053492691855
MA0600.3	39591	0.751413714745353	0.0476021986910858
MA0799.3	39591	0.744183847282673	0.0474668582494769
MA0510.3	39591	0.74031888852653	0.0481174060667001
MA1724.2	39591	0.838115991836414	0.0461263781255065
MA1554.2	39591	0.911891198257839	0.0339250786231489
MA0629.2	39591	0.87695268980423	0.0426444443523415
MA0719.2	39591	0.982037502869878	0.0229144866478827
MA0072.2	39591	0.816469822393316	0.0484989956340714
MA1150.2	39591	0.864917049381258	0.0415488749720404
MA1151.2	39591	0.876044465992293	0.0393027344438638
MA0073.2	39591	0.820265306876003	0.0441975579817068
MA0002.3	39591	0.893418799056181	0.0406471695171114
MA0684.3	39591	0.88082318909673	0.0510458190467038
MA1963.2	39591	0.860466357614113	0.0682681917020784
MA0743.3	39591	0.825472743039301	0.0459933187768314
MA0744.3	39591	0.823436348762413	0.0458724934202838
MA0630.2	39591	0.935322788678868	0.0628333766920916
MA0720.2	39591	0.925674968550064	0.0667816719684223
MA1118.2	39591	0.84752243563053	0.0483321900129386
MA1119.2	39591	0.803620986202856	0.0470660243225322
MA0631.2	39591	0.797498636321338	0.0456801974947767
MA2001.2	39591	0.889482468750734	0.0522646366020002
MA1964.2	39591	0.932536713541186	0.0630119494530876
MA1153.2	39591	0.905168098265974	0.0624957912119817
MA1558.2	39591	0.930895397410028	0.0546506656432047
MA0745.3	39591	0.884675900191955	0.0558630072241311
MA1559.2	39591	0.880357268310628	0.0522696276711649
MA1560.2	39591	0.840469333099044	0.0551963769169305
MA0442.3	39591	0.92580380199282	0.0698291727758771
MA0869.3	39591	0.879866067169516	0.0489190230066238
MA1561.2	39591	0.801589010466842	0.0443380817391045
MA1120.2	39591	0.889592050013466	0.0586256621349771
MA1562.2	39591	0.825355364056457	0.0483601658105949
MA1152.2	39591	0.949656352358779	0.043622329939096
MA0078.3	39591	0.825962901791403	0.0492328253879177
MA0514.3	39591	0.89143116554223	0.0555812871035287
MA0867.3	39591	0.917290081658649	0.0495380975086435
MA0087.3	39591	0.869176591088888	0.0494993475107152
MA0868.3	39591	0.91699795129186	0.0542761891792113
MA0077.2	39591	0.88632990556239	0.0470705227124595
MA0746.3	39591	0.873575925581196	0.0595279982052939
MA1965.2	39591	0.974526588871484	0.0575833885977316
MA0747.2	39591	0.895437044194458	0.0459740395414241
MA1564.2	39591	0.898297532707896	0.0593331747362415
MA0080.7	39591	0.806770868350175	0.0448324512016132
MA0081.3	39591	0.817137997674659	0.0433852684339647
MA0687.2	39591	0.836758203779235	0.0395445843664214
MA0829.3	39591	0.821925633166374	0.0552879143205827
MA0084.2	39591	0.943457700175827	0.0449446372767664
MA0137.4	39591	0.880072995866069	0.0500301085535357
MA0517.2	39591	0.836274461406099	0.0457478590027783
MA1623.2	39591	0.853860216053693	0.0585852606609655
MA0144.3	39591	0.899773609555167	0.0434743767835635
MA0518.2	39591	0.88513982421185	0.0462922865854307
MA1624.2	39591	0.851821493759143	0.0531286120262485
MA0519.2	39591	0.896322853601714	0.044602618738321
MA1625.2	39591	0.848519007803208	0.0552043216467375
MA0520.2	39591	0.871409923607289	0.0492675797713653
MA0091.2	39591	0.855263465583281	0.0448605440766218
MA0108.3	39591	0.924375560259811	0.0624636307178618
MA0802.2	39591	0.853793626744998	0.0460548408408316
MA1565.2	39591	0.869970107537406	0.0458899042321827
MA0804.2	39591	0.730763377556984	0.0396017011952916
MA0688.2	39591	0.877098943489201	0.042722590758227
MA1567.3	39591	0.859290394360948	0.0461114586272784
MA0521.3	39591	0.91223317708832	0.0717062481097751
MA1648.2	39591	0.913080851592674	0.0534062834169624
MA0832.2	39591	0.789785888872604	0.050252021419411
MA1568.2	39591	0.849956104572176	0.0384799402523638
MA0830.3	39591	0.897026864625076	0.0526390841985577
MA0769.3	39591	0.896923528076653	0.0598543611938294
MA0523.2	39591	0.880258576701867	0.0469591625686755
MA0632.3	39591	0.878192433985907	0.0622842311228714
MA0090.4	39591	0.84338760230596	0.0507873072360088
MA1121.2	39591	0.89063075269982	0.0514942264463071
MA0809.3	39591	0.869178685274363	0.0513280934275329
MA0810.2	39591	0.90448467959723	0.0478414248948084
MA0003.5	39591	0.871147120124219	0.0556278659523113
MA0811.2	39591	0.888880361284556	0.0474271708302721
MA0812.2	39591	0.888738999921488	0.05472226361279
MA0524.3	39591	0.885996049459919	0.0474309955826432
MA0814.3	39591	0.874874186604013	0.0545703749273077
MA1569.2	39591	0.912482757594237	0.0600601432438169
MA1966.2	39591	0.816409523441414	0.0419407403070569
MA1967.2	39591	0.753378122370854	0.0430023071274977
MA1968.2	39591	0.8401109091007	0.044040543050361
MA1122.2	39591	0.880362410395442	0.0594010571474706
MA0692.2	39591	0.876426993540911	0.0493668613480713
MA0871.3	39591	0.8370981605933	0.0569668953848888
MA0597.3	39591	0.897472611363432	0.0527311678942502
MA1969.2	39591	0.76541066921196	0.0427508249371727
MA1574.2	39591	0.825455809613289	0.0354810917016599
MA1575.2	39591	0.768366342186954	0.0404369518008727
MA1576.2	39591	0.763844275389741	0.0361667014460329
MA1577.2	39591	0.923131294651487	0.0795301604419618
MA0861.2	39591	0.766697253029629	0.0402970527578297
MA1970.2	39591	0.854121378701407	0.0571003763621163
MA1123.3	39591	0.872995439525413	0.0496966178635511
MA0633.3	39591	0.904929034745383	0.0773741627533209
MA0721.2	39591	0.928612766401185	0.0620591969528528
MA0093.4	39591	0.812698486627966	0.0501016938425625
MA0526.5	39591	0.791906440972935	0.0545090755709856
MA0722.2	39591	0.912209435085996	0.0552537532568663
MA0723.3	39591	0.951998059624446	0.0428879019550788
MA0693.4	39591	0.897780499738067	0.0564028156807804
MA1578.2	39591	0.93693357888165	0.0636009163137064
MA0725.2	39591	0.890782879153124	0.0639003611555885
MA0726.2	39591	0.881943205639973	0.0655278030175051
MA1627.2	39591	0.869890411625088	0.0558154358633936
MA0844.2	39591	0.799968973141911	0.0435504677344555
MA0095.4	39591	0.877585374428609	0.0555400608889223
MA0748.3	39591	0.878358193901078	0.0516805295979859
MA0749.2	39591	0.731969524135608	0.0406012985300669
MA1971.2	39591	0.871917064455429	0.0477678101918354
MA1649.2	39591	0.897359144447478	0.0543190230702827
MA1650.2	39591	0.860658059117047	0.0648304490577631
MA0698.2	39591	0.829387254361955	0.0467043499641129
MA1579.2	39591	0.895137589469243	0.0535077688125778
MA0527.2	39591	0.803488105747585	0.0552374764708089
MA1581.2	39591	0.873344815835081	0.0519682349463869
MA0750.3	39591	0.862024812437792	0.0529858988550739
MA0694.2	39591	0.841562732906479	0.0471764181257624
MA0695.2	39591	0.898093918032409	0.0429511919914794
MA0103.4	39591	0.945930142786304	0.0644547075325242
MA2002.2	39591	0.929527514581359	0.0450387559434113
MA1651.2	39591	0.777104399135584	0.047191945820328
MA1583.2	39591	0.87196093369748	0.0534529981676954
MA0146.3	39591	0.905804994063594	0.0584979317858496
MA1628.2	39591	0.915060274729145	0.0558420333326247
MA1629.2	39591	0.864435543724785	0.0515987680278091
MA0697.3	39591	0.907141498412242	0.0600846558616924
MA0751.2	39591	0.821750273152606	0.04220192596514
MA1584.2	39591	0.788010557232423	0.0449926550123342
MA1709.2	39591	0.828753916105111	0.0503193859596777
MA1585.2	39591	0.831082477939386	0.0528982845889052
MA1973.2	39591	0.76548753875359	0.042785679631493
MA1652.2	39591	0.8768900491932	0.0503591619071439
MA1589.2	39591	0.724407291999433	0.037310967353207
MA1653.2	39591	0.881739531683496	0.0710302151426554
MA1654.2	39591	0.728684693745616	0.0346825405691919
MA1725.2	39591	0.851699674907937	0.0490346225401898
MA1974.2	39591	0.792907355543665	0.0583043056413919
MA1975.2	39591	0.807453901307078	0.0379210826670284
MA1710.2	39591	0.915365371356099	0.0433918575248287
MA0528.3	39591	0.927140151665386	0.0637644481807306
MA1592.2	39591	0.81515160461556	0.0392168409718766
MA1630.3	39591	0.888824918087847	0.0686383662639315
MA1154.2	39591	0.774247099895992	0.0383189974734673
MA1593.2	39591	0.868310828616138	0.0523746593608101
MA1976.2	39591	0.77706684414772	0.043636648731361
MA1977.2	39591	0.809167034266668	0.0361500796241094
MA1726.2	39591	0.839042840641215	0.0515254509154356
MA1655.2	39591	0.872567102561091	0.0484495122252467
MA1711.2	39591	0.763007005642975	0.0415607723423841
MA1978.2	39591	0.778024310186115	0.0490903630093296
MA1125.2	39591	0.911100877767114	0.0890374656315155
MA0752.2	39591	0.715627804392778	0.0431610369884129
MA1979.2	39591	0.849473995488191	0.0452561121903037
MA1727.2	39591	0.872491870120273	0.0633679897644418
MA1656.2	39591	0.839007364538583	0.0461282995257093
MA1712.2	39591	0.812437871013462	0.0523262870596979
MA1981.2	39591	0.832399283280559	0.0483430361679987
MA1728.2	39591	0.885321990763732	0.0529591368916962
MA1982.2	39591	0.810267154047497	0.0432009834073576
MA1983.2	39591	0.698824695406124	0.0366021976596496
MA1713.2	39591	0.833957984312525	0.0691950409465709
MA1657.2	39591	0.829621394368591	0.0569723440082529
MA1984.2	39591	0.830489017129417	0.0392048567582857
MA1714.2	39591	0.768709778817018	0.0335090570058526
MA1729.2	39591	0.818406596213779	0.0439138067509554
MA1599.2	39591	0.814492047566156	0.0543007036090304
MA1600.2	39591	0.766956008996727	0.0386506137278864
MA1986.2	39591	0.895917356481146	0.0637390076073003
MA1987.2	39591	0.813028138165873	0.035907513979787
MA1730.2	39591	0.853934852765933	0.0488718467863702
MA0753.3	39591	0.848090041430743	0.0583893373496689
MA1716.2	39591	0.772419504300079	0.0390804809310857
MA1731.2	39591	0.892985675805483	0.0469584371796558
MA1717.2	39591	0.853606534630144	0.0469324557235771
MA1719.2	39591	0.775099922613066	0.0455362671414736
MA1720.2	39591	0.805527417471286	0.0451656828383293
MA1721.2	39591	0.802678292175501	0.065506719657325
MA1602.2	39591	0.81047099915768	0.0418890606245166
MA1722.2	39591	0.729088263346191	0.0342281684283743
