[SHORT TFBS MATRIX]
MA0013.1	22400	0.890298647140118	0.0456371695839227
MA0022.1	22400	0.823063306179157	0.0414623010969613
MA0023.1	22400	0.804630914770228	0.0503364910210179
MA0026.1	22400	0.845037975590518	0.0642829758948755
MA0049.1	22400	0.891389348691863	0.0499057560431063
MA0165.1	22400	0.931029490881183	0.0514130996426605
MA0166.1	22400	0.867482831896166	0.0715582907819521
MA0167.1	22400	0.900212038411132	0.0582796396115547
MA0168.1	22400	0.911654008443948	0.0588090061448948
MA0169.1	22400	0.889174086748834	0.0676929437876893
MA0170.1	22400	0.936016992431866	0.0544353144728852
MA0171.1	22400	0.877396826746589	0.0649425229728032
MA0172.1	22400	0.851465563664043	0.0761573732426184
MA0173.1	22400	0.862902964565481	0.0647962780620895
MA0174.1	22400	0.93252572434062	0.0554085294396926
MA0175.1	22400	0.899189662053844	0.0681399886955012
MA0176.1	22400	0.917690183142027	0.0576149272435
MA0177.1	22400	0.88305438471777	0.0710587365233201
MA0178.1	22400	0.897579238134196	0.0612291878706942
MA0179.1	22400	0.890318591003835	0.0719568023449968
MA0180.1	22400	0.833983180643972	0.0617381101877756
MA0181.1	22400	0.891929815425796	0.068816896864305
MA0182.1	22400	0.95566168529288	0.0504413773316382
MA0183.1	22400	0.917672081609003	0.045625580938543
MA0186.1	22400	0.8637973373355	0.0674948755597245
MA0187.1	22400	0.920149792197257	0.0548032562553158
MA0188.1	22400	0.85583689483941	0.0696260283735131
MA0190.1	22400	0.860247359799535	0.0670646143134233
MA0191.1	22400	0.887704896081016	0.0720356251850029
MA0192.1	22400	0.880135848588934	0.0641470201526983
MA0193.1	22400	0.886506094660121	0.0528540686978096
MA0194.1	22400	0.843424143702668	0.0797756690657393
MA0196.1	22400	0.918135309041378	0.0519578582449404
MA0198.1	22400	0.885168185276441	0.0688266378828405
MA0199.1	22400	0.918479483299626	0.0804983074772572
MA0201.1	22400	0.819728826076232	0.0632795378004849
MA0202.1	22400	0.877991709626265	0.0731764564818944
MA0203.1	22400	0.871752438626378	0.0666623899356983
MA0204.1	22400	0.876194186616546	0.0613016218271443
MA0206.1	22400	0.895935636309062	0.0623492272043294
MA0207.1	22400	0.872951019059931	0.0673705933416677
MA0208.1	22400	0.849014608093464	0.0774071619705618
MA0209.1	22400	0.892676327353029	0.0622331680992302
MA0210.1	22400	0.986761663468069	0.0360881289934234
MA0211.1	22400	0.845682536612419	0.0666299486381478
MA0212.1	22400	0.849075111651461	0.0619670451284682
MA0213.1	22400	0.853194654571347	0.0635977836110404
MA0214.1	22400	0.910117824437022	0.0654231668266384
MA0215.1	22400	0.888982589058774	0.0624516511531008
MA0217.1	22400	0.963637738772319	0.0380232397395899
MA0218.1	22400	0.935931600727521	0.0501396287995888
MA0219.1	22400	0.927571631664946	0.0509895540142208
MA0220.1	22400	0.883116835138089	0.0741015795234288
MA0221.1	22400	0.918051538980089	0.0519226176320133
MA0224.1	22400	0.874100032459076	0.0679344162620781
MA0225.1	22400	0.892585368056049	0.0654072285436018
MA0226.1	22400	0.881432805531012	0.0766249595859313
MA0227.1	22400	0.868209243326255	0.0688340926099225
MA0228.1	22400	0.877226054746719	0.0674237506056399
MA0229.1	22400	0.868333661733775	0.0649642154030328
MA0230.1	22400	0.875196806902364	0.0712628176200681
MA0231.1	22400	0.94383833464329	0.0532763371691823
MA0232.1	22400	0.924722173011718	0.0639056023862697
MA0233.1	22400	0.985120072351192	0.0370460562285124
MA0234.1	22400	0.853197996943587	0.0643296136410555
MA0235.1	22400	0.895040763263932	0.0643479238678502
MA0236.1	22400	0.892586090684728	0.0654009330792261
MA0238.1	22400	0.874523302561489	0.074817035383039
MA0240.1	22400	0.873861324453475	0.0712751662199228
MA0241.1	22400	0.865986130862911	0.0709736199789888
MA0242.1	22400	0.822982170786677	0.0501127916729543
MA0244.1	22400	0.909988431844397	0.0389073314605765
MA0245.1	22400	0.905878407199617	0.0665732778822448
MA0246.1	22400	0.859179690371671	0.0632409561990382
MA0248.1	22400	0.910417160560077	0.0537277110617498
MA0250.1	22400	0.877367664213433	0.0702113490899883
MA0251.1	22400	0.889563225665757	0.067616036314828
MA0253.1	22400	0.845315749529288	0.0535021415357566
MA0254.1	22400	0.948989492141279	0.04370556900042
MA0256.1	22400	0.861132670389098	0.0698977800290915
MA0444.1	22400	0.892133376445263	0.0598764756056749
MA0445.1	22400	0.841677095433122	0.0491455618268719
MA0446.1	22400	0.862115915064905	0.0509491672458626
MA0447.1	22400	0.769294580466078	0.0555548964950185
MA0448.1	22400	0.935756943042803	0.0544803876668831
MA0449.1	22400	0.707274012406655	0.0686329563947165
MA0450.1	22400	0.763570054781538	0.0601116578266708
MA0454.1	22400	0.78569789203035	0.0496561411540382
MA0456.1	22400	0.749143128236638	0.0490715639126891
MA0459.1	22400	0.804965755958173	0.0561445495964596
MA0460.1	22400	0.79202665343185	0.0565811337000969
MA0216.2	22400	0.85962677173932	0.0467769468146394
MA0533.1	22400	0.726810714809136	0.0391100635682182
MA0534.1	22400	0.827704752645205	0.0364523657768547
MA0237.2	22400	0.817610562303669	0.0430226567181136
MA0535.1	22400	0.797519316060533	0.0578668640923186
MA0916.1	22400	0.786391288612815	0.0607408518139786
MA0917.1	22400	0.831460899465811	0.0526750087699317
MA1700.1	22400	0.70340014675469	0.0743463935256137
MA2107.1	22400	0.747763455627349	0.0764529459422522
MA2108.1	22400	0.897827380952381	0.0937540343372094
MA2188.1	22400	0.847931440633211	0.0642975885686442
MA2189.1	22400	0.828696104380633	0.0656698304435464
MA2190.1	22400	0.82257657958509	0.0720573057138298
MA2191.1	22400	0.826025323492969	0.0591562479435073
MA2192.1	22400	0.759509582485981	0.0507177246094377
MA2193.1	22400	0.795177793521138	0.0500496807617935
MA2194.1	22400	0.697133159453442	0.0504408206346202
MA2195.1	22400	0.853460653514313	0.0545419104522522
MA2196.1	22400	0.783229615201478	0.0527384473715523
MA2197.1	22400	0.876665227520612	0.0678257268468032
MA2198.1	22400	0.812199992139331	0.0485705873543233
MA2199.1	22400	0.840786955591161	0.0559683149129483
MA2200.1	22400	0.743097263991036	0.0546631152482219
MA2201.1	22400	0.732044330472046	0.0490158577974599
MA2202.1	22400	0.810032108853429	0.0528567307338649
MA2203.1	22400	0.790957019165465	0.0560109602718935
MA2204.1	22400	0.777456856213069	0.0534573642967947
MA2205.1	22400	0.73792212839232	0.0618276052725913
MA2206.1	22400	0.831635470084127	0.0596984100978943
MA2207.1	22400	0.780541502874336	0.0501738108187724
MA2208.1	22400	0.799494095903268	0.0475925134131227
MA2209.1	22400	0.68455783353324	0.0534616960963796
MA2210.1	22400	0.73863209885552	0.0557970352259736
MA2211.1	22400	0.84436291988768	0.0463157783333161
MA2212.1	22400	0.762991077986969	0.0565939885024292
MA2213.1	22400	0.748507585277374	0.057538073286875
MA2214.1	22400	0.742621203340976	0.0552251534356692
MA2215.1	22400	0.770004859753058	0.0651952866441061
MA2216.1	22400	0.830528376490424	0.0519867894142271
MA2217.1	22400	0.846071933159897	0.0698682018950949
MA2218.1	22400	0.836991085897432	0.0570794380433841
MA2219.1	22400	0.768389955288596	0.0603865580659402
MA2220.1	22400	0.794491553635094	0.0654751893838388
MA2221.1	22400	0.781824275734068	0.0593732943846944
MA2222.1	22400	0.763442539550609	0.0576186073872794
MA2223.1	22400	0.811658847804422	0.0579967167073122
MA2224.1	22400	0.772749545785372	0.0483786929613777
MA2225.1	22400	0.808966392113565	0.0453436682655694
MA2226.1	22400	0.812290673119255	0.0525112328400666
MA2227.1	22400	0.830023607326264	0.063612660704365
MA2228.1	22400	0.807147322203929	0.0601245335805185
MA2229.1	22400	0.770691717292287	0.0560346412426955
MA2230.1	22400	0.800965192287836	0.0515215732413164
MA2231.1	22400	0.756724641219752	0.0591392278963445
MA2232.1	22400	0.875081508566033	0.0547576681025129
MA2233.1	22400	0.738657782109922	0.0571811507657329
MA2234.1	22400	0.81854882274979	0.0541765790907596
MA2235.1	22400	0.91456851051917	0.0505335874527798
MA2236.1	22400	0.892734483215799	0.0442966608536745
MA2237.1	22400	0.888947643058729	0.0509760380585212
MA2238.1	22400	0.875332100178784	0.0718868895706856
MA2239.1	22400	0.790780036837493	0.0643585229262735
MA2240.1	22400	0.777801711693412	0.0857521209849697
MA2241.1	22400	0.742568850307538	0.0560009392949142
MA2242.1	22400	0.725818088243533	0.0442664530428338
MA2243.1	22400	0.842539739561917	0.0489331924212041
MA2244.1	22400	0.828552934840281	0.0514954069470198
MA2245.1	22400	0.821420232408417	0.0566410014067062
MA2246.1	22400	0.788362193684703	0.0547006793668056
MA2247.1	22400	0.770247204214125	0.052763385998482
MA2248.1	22400	0.742891423519334	0.051802251052962
MA2249.1	22400	0.837413630146247	0.05146274388185
MA2250.1	22400	0.764149640488391	0.0639337158021881
MA2251.1	22400	0.811120924351173	0.0450142181346119
MA2252.1	22400	0.742857704605276	0.0583187265249541
MA2253.1	22400	0.78475024931864	0.0636864389870146
MA2254.1	22400	0.81464225609777	0.0550815802093116
MA2255.1	22400	0.770004859753058	0.0651952866441061
MA2256.1	22400	0.830718569041829	0.0521569567931332
MA2257.1	22400	0.825248820270702	0.0579746427311356
MA2258.1	22400	0.761937796669046	0.0748053890322302
MA2259.1	22400	0.851220782673164	0.0482430301207356
MA2260.1	22400	0.817887526530394	0.0695031288457136
MA2261.1	22400	0.758005568243757	0.0602933052962492
MA2262.1	22400	0.817589784503553	0.0486192542510645
MA2263.1	22400	0.694125420457036	0.0418073051185127
MA2264.1	22400	0.672976052685818	0.0577150981431686
MA2265.1	22400	0.903547582443172	0.0597284304772545
MA2266.1	22400	0.701290801983849	0.0476772180216833
MA2267.1	22400	0.883925704321697	0.0505399560709823
MA2268.1	22400	0.829067312136795	0.0485629662889038
MA2269.1	22400	0.819283324628013	0.056659778071786
MA2270.1	22400	0.729314481298348	0.058619132546341
MA2271.1	22400	0.810662317343652	0.0480959378212136
MA2272.1	22400	0.854446759797408	0.0652929551380792
MA2273.1	22400	0.74894534106792	0.0449706162402805
MA2274.1	22400	0.825902184200651	0.0434741654363385
MA2275.1	22400	0.875034453293985	0.0573374882943548
MA2276.1	22400	0.715133752303981	0.0492536461707333
MA2277.1	22400	0.701650197619569	0.0541647123762247
MA2278.1	22400	0.774516307606135	0.054386714497082
MA2279.1	22400	0.827621501749635	0.0554732167694691
MA2280.1	22400	0.765128494462342	0.0568585393757347
MA2281.1	22400	0.78817717221326	0.0488843148023143
MA2282.1	22400	0.774546349016149	0.0497322998001194
MA2283.1	22400	0.848187685995374	0.0639142978954862
MA2284.1	22400	0.78862140019108	0.058681251526207
MA2285.1	22400	0.745715299593176	0.0534817722719847
MA2286.1	22400	0.823143158279012	0.0587262917953008
MA2287.1	22400	0.767322214604959	0.0643587131467871
MA2288.1	22400	0.83427837326223	0.0502358341383684
MA2289.1	22400	0.68945877840445	0.0375631463594051
MA2290.1	22400	0.783408676049948	0.0512348076009468
MA2291.1	22400	0.798799693493034	0.0490830715933664
MA2292.1	22400	0.815190997914556	0.0696517048781769
MA2293.1	22400	0.817982016843129	0.0528014902031519
MA2294.1	22400	0.830043314936922	0.0485570302704783
MA2295.1	22400	0.787127477194722	0.0847888874238092
MA2296.1	22400	0.831774513502103	0.0570682651105617
MA2297.1	22400	0.851504441110287	0.074245397307041
MA2298.1	22400	0.709266229706808	0.063915182732855
MA2299.1	22400	0.819304252183702	0.0677354270663408
MA2300.1	22400	0.724726277354343	0.0571419578847567
MA2301.1	22400	0.761120698468398	0.0615145034572227
MA2302.1	22400	0.812523351900495	0.0626681150291451
MA2303.1	22400	0.739048494234811	0.0737318685595657
MA2304.1	22400	0.766163819186513	0.0658919913415081
MA2305.1	22400	0.704923695119472	0.0577359460121565
MA2306.1	22400	0.870330937178524	0.0800301287364176
MA2307.1	22400	0.72738784179038	0.0507256557940565
MA2308.1	22400	0.823186035810989	0.0993771759255929
MA2309.1	22400	0.704770040802673	0.0701670877559692
MA2310.1	22400	0.836690887326143	0.0612395803791347
MA2311.1	22400	0.774180868132988	0.056171291798162
MA2312.1	22400	0.847098809205814	0.0693472898233691
MA2313.1	22400	0.665660811982042	0.051897008786904
MA2314.1	22400	0.794265334539689	0.0775436101190849
MA2315.1	22400	0.718187980797765	0.0551576384564623
MA2316.1	22400	0.729353968870998	0.0841503879392675
MA2317.1	22400	0.83331924704337	0.0929040006517281
MA2318.1	22400	0.700089665569163	0.0432464329995305
MA2319.1	22400	0.807603797526243	0.0593406913485691
MA2320.1	22400	0.792831552255146	0.0648178890958191
MA2321.1	22400	0.831604957350897	0.0940728334997558
MA2322.1	22400	0.736166844220733	0.0704364247803031
MA0529.3	22400	0.799710710072553	0.083531535623668
MA0010.2	22400	0.875776097340024	0.0444283891966558
MA0011.2	22400	0.929054427603107	0.0482408067414479
MA0012.2	22400	0.922273389493666	0.0410969388058948
MA0443.2	22400	0.798038923537407	0.0619495984087331
MA0015.2	22400	0.837991817263938	0.0710674599352494
MA0184.2	22400	0.899561474065394	0.0724162575098645
MA0530.2	22400	0.818650599047598	0.0402321678618962
MA0531.2	22400	0.810767785536858	0.048980347854035
MA0185.2	22400	0.949555873985351	0.0780245306351903
MA1455.2	22400	0.779894136109694	0.0452187628210827
MA1456.2	22400	0.813554410849475	0.0876122147576714
MA1836.2	22400	0.846477374298966	0.0580845302802912
MA0915.2	22400	0.828624841303494	0.0704362543885413
MA0189.2	22400	0.928995855038841	0.0555893256683431
MA1837.2	22400	0.850603219320189	0.0576075868684481
MA1838.2	22400	0.843751770232201	0.059219445627967
MA0222.2	22400	0.878311505669719	0.0578117057689088
MA1839.2	22400	0.836955232119647	0.0690688235797114
MA1840.2	22400	0.798040426072942	0.0619278081835154
MA1457.2	22400	0.771150010036717	0.0628443799040214
MA1458.2	22400	0.794875462946393	0.0601586550866482
MA1841.2	22400	0.700486259600867	0.0604911693573891
MA0451.2	22400	0.810115011887543	0.0462509263122586
MA0452.3	22400	0.805236916751577	0.0530686237457071
MA0195.2	22400	0.932187544461881	0.0474663923963732
MA1459.2	22400	0.7652063246755	0.0742519625961464
MA0197.3	22400	0.829754674508332	0.0551681578813471
MA0126.2	22400	0.879090242655949	0.056465330358774
MA1702.2	22400	0.828618267608889	0.0620155931480962
MA0457.2	22400	0.940874219750573	0.0657714260497117
MA1460.2	22400	0.801284061878773	0.0680425814709253
MA0536.2	22400	0.832359498237993	0.0716846220572713
MA0200.2	22400	0.893511840857968	0.0783078729069786
MA0239.2	22400	0.879090242655949	0.056465330358774
MA0243.2	22400	0.890287916347616	0.0328254014600469
MA0458.2	22400	0.881057983263064	0.0496671142111385
MA0086.3	22400	0.799951694524971	0.0582731505231896
MA0532.2	22400	0.811362556979475	0.050891816330807
MA1461.2	22400	0.72315055893042	0.040361124781607
MA0247.3	22400	0.838666943189375	0.0555584028093529
MA0205.3	22400	0.783930312946831	0.0751207934490907
MA0249.3	22400	0.834917598329203	0.0646573033191615
MA0094.3	22400	0.888413689653393	0.0703693338334136
MA0016.2	22400	0.745087497636772	0.0588685072759064
MA1462.2	22400	0.811628580728987	0.061308893360444
MA0252.2	22400	0.873098214285714	0.0970176706007404
MA0255.2	22400	0.887485529148307	0.0524585599185673
MA0257.2	22400	0.9070437756161	0.0651940266523591
MA0085.2	22400	0.773855288852769	0.0556078745394895
